0
161
11 12 12 12
12 8 12 12
12 8 14 8
12 12 12 14
12 14 12 15
12 14 13 14
13 14 13 18
14 8 14 9
0 26 1 26
1 26 1 34
1 34 1 35
1 34 3 34
3 33 3 34
3 33 12 33
12 32 12 33
33 16 33 23
33 16 36 16
33 23 33 31
33 23 35 23
36 15 36 16
25 14 25 17
25 14 30 14
25 17 25 19
25 19 28 19
28 16 28 19
34 36 34 37
34 36 36 36
34 37 36 37
36 37 37 37
10 36 16 36
14 34 16 34
16 34 16 35
16 35 16 36
36 30 36 32
36 30 37 30
36 32 36 33
36 32 37 32
14 30 14 31
14 30 19 30
14 31 19 31
19 30 21 30
19 25 22 25
22 19 22 23
22 23 22 25
22 25 22 30
36 11 36 12
36 11 38 11
36 12 37 12
38 9 38 11
27 4 27 8
27 4 37 4
37 2 37 4
37 4 37 8
0 1 1 1
1 1 1 3
1 3 1 7
1 7 2 7
24 37 25 37
25 35 25 37
25 37 25 38
30 34 30 36
30 34 34 34
30 36 32 36
24 31 25 31
25 30 25 31
25 30 26 30
32 26 32 28
32 28 32 29
32 29 32 32
4 23 4 24
4 23 9 23
4 24 4 27
7 11 7 19
7 19 10 19
10 19 11 19
31 18 32 18
32 9 32 14
32 14 32 18
24 4 26 4
26 4 26 7
26 7 26 13
19 38 20 38
20 38 21 38
13 33 14 33
14 32 14 33
35 31 35 32
35 32 35 34
6 31 6 32
6 31 7 31
13 29 13 31
13 29 21 29
7 26 8 26
8 26 11 26
10 20 10 21
10 21 11 21
18 18 19 18
19 15 19 18
10 18 11 18
11 17 11 18
31 12 31 13
31 13 31 14
3 11 3 16
3 16 3 27
16 9 16 10
16 10 16 14
32 6 34 6
34 6 34 7
5 4 5 5
5 5 6 5
35 2 36 2
36 1 36 2
7 2 7 3
7 3 7 5
26 0 26 1
26 1 26 2
17 0 18 0
18 0 18 1
21 37 22 37
18 37 18 38
2 35 2 36
6 34 7 34
18 32 19 32
0 32 0 37
5 27 7 27
37 26 37 27
31 26 31 28
17 26 17 27
34 24 35 24
0 24 0 25
31 23 31 25
8 22 10 22
19 20 19 22
20 19 20 21
4 19 6 19
24 18 24 19
12 18 12 30
36 17 38 17
2 17 2 19
15 15 15 16
21 13 22 13
38 12 38 14
9 12 10 12
24 11 24 12
14 11 14 14
8 11 8 14
2 11 2 12
19 10 19 14
27 9 31 9
5 9 5 12
0 9 0 13
8 8 11 8
7 7 8 7
29 6 29 7
21 6 21 8
9 6 10 6
3 6 6 6
21 3 23 3
10 3 14 3
6 3 6 4
19 2 19 5
24 1 25 1
1
36 2 36 3
162
11 12 12 12
12 8 12 12
12 8 14 8
12 12 12 14
12 14 12 15
12 14 13 14
13 14 13 18
14 8 14 9
0 26 1 26
1 26 1 34
1 34 1 35
1 34 3 34
3 33 3 34
3 33 12 33
12 32 12 33
33 16 33 23
33 16 36 16
33 23 33 31
33 23 35 23
36 15 36 16
25 14 25 17
25 14 30 14
25 17 25 19
25 19 28 19
28 16 28 19
32 6 34 6
34 3 34 6
34 3 36 3
34 6 34 7
36 1 36 3
34 36 34 37
34 36 36 36
34 37 36 37
36 37 37 37
10 36 16 36
14 34 16 34
16 34 16 35
16 35 16 36
36 30 36 32
36 30 37 30
36 32 36 33
36 32 37 32
14 30 14 31
14 30 19 30
14 31 19 31
19 30 21 30
19 25 22 25
22 19 22 23
22 23 22 25
22 25 22 30
36 11 36 12
36 11 38 11
36 12 37 12
38 9 38 11
0 1 1 1
1 1 1 3
1 3 1 7
1 7 2 7
24 37 25 37
25 35 25 37
25 37 25 38
30 34 30 36
30 34 34 34
30 36 32 36
24 31 25 31
25 30 25 31
25 30 26 30
32 26 32 28
32 28 32 29
32 29 32 32
4 23 4 24
4 23 9 23
4 24 4 27
7 11 7 19
7 19 10 19
10 19 11 19
31 18 32 18
32 9 32 14
32 14 32 18
24 4 26 4
26 4 26 7
26 7 26 13
19 38 20 38
20 38 21 38
13 33 14 33
14 32 14 33
35 31 35 32
35 32 35 34
6 31 6 32
6 31 7 31
13 29 13 31
13 29 21 29
7 26 8 26
8 26 11 26
10 20 10 21
10 21 11 21
18 18 19 18
19 15 19 18
10 18 11 18
11 17 11 18
31 12 31 13
31 13 31 14
3 11 3 16
3 16 3 27
16 9 16 10
16 10 16 14
5 4 5 5
5 5 6 5
37 2 37 4
37 4 37 8
7 2 7 3
7 3 7 5
26 0 26 1
26 1 26 2
17 0 18 0
18 0 18 1
21 37 22 37
18 37 18 38
2 35 2 36
6 34 7 34
18 32 19 32
0 32 0 37
5 27 7 27
37 26 37 27
31 26 31 28
17 26 17 27
34 24 35 24
0 24 0 25
31 23 31 25
8 22 10 22
19 20 19 22
20 19 20 21
4 19 6 19
24 18 24 19
12 18 12 30
36 17 38 17
2 17 2 19
15 15 15 16
21 13 22 13
38 12 38 14
9 12 10 12
24 11 24 12
14 11 14 14
8 11 8 14
2 11 2 12
19 10 19 14
27 9 31 9
5 9 5 12
0 9 0 13
8 8 11 8
7 7 8 7
29 6 29 7
21 6 21 8
9 6 10 6
3 6 6 6
27 4 27 8
31 3 31 6
21 3 23 3
10 3 14 3
6 3 6 4
19 2 19 5
24 1 25 1
2
36 2 36 3
35 24 36 24
162
11 12 12 12
12 8 12 12
12 8 14 8
12 12 12 14
12 14 12 15
12 14 13 14
13 14 13 18
14 8 14 9
0 26 1 26
1 26 1 34
1 34 1 35
1 34 3 34
3 33 3 34
3 33 12 33
12 32 12 33
33 16 33 23
33 16 36 16
33 23 33 31
33 23 35 23
36 15 36 16
25 14 25 17
25 14 30 14
25 17 25 19
25 19 28 19
28 16 28 19
32 6 34 6
34 3 34 6
34 3 36 3
34 6 34 7
36 1 36 3
34 36 34 37
34 36 36 36
34 37 36 37
36 37 37 37
10 36 16 36
14 34 16 34
16 34 16 35
16 35 16 36
36 30 36 32
36 30 37 30
36 32 36 33
36 32 37 32
14 30 14 31
14 30 19 30
14 31 19 31
19 30 21 30
19 25 22 25
22 19 22 23
22 23 22 25
22 25 22 30
36 11 36 12
36 11 38 11
36 12 37 12
38 9 38 11
0 1 1 1
1 1 1 3
1 3 1 7
1 7 2 7
24 37 25 37
25 35 25 37
25 37 25 38
30 34 30 36
30 34 34 34
30 36 32 36
24 31 25 31
25 30 25 31
25 30 26 30
32 26 32 28
32 28 32 29
32 29 32 32
4 23 4 24
4 23 9 23
4 24 4 27
7 11 7 19
7 19 10 19
10 19 11 19
31 18 32 18
32 9 32 14
32 14 32 18
24 4 26 4
26 4 26 7
26 7 26 13
19 38 20 38
20 38 21 38
13 33 14 33
14 32 14 33
35 31 35 32
35 32 35 34
6 31 6 32
6 31 7 31
13 29 13 31
13 29 21 29
7 26 8 26
8 26 11 26
10 20 10 21
10 21 11 21
18 18 19 18
19 15 19 18
10 18 11 18
11 17 11 18
31 12 31 13
31 13 31 14
3 11 3 16
3 16 3 27
16 9 16 10
16 10 16 14
5 4 5 5
5 5 6 5
37 2 37 4
37 4 37 8
7 2 7 3
7 3 7 5
26 0 26 1
26 1 26 2
17 0 18 0
18 0 18 1
21 37 22 37
18 37 18 38
2 35 2 36
6 34 7 34
18 32 19 32
0 32 0 37
5 27 7 27
37 26 37 27
31 26 31 28
17 26 17 27
34 24 36 24
0 24 0 25
31 23 31 25
8 22 10 22
19 20 19 22
20 19 20 21
4 19 6 19
24 18 24 19
12 18 12 30
36 17 38 17
2 17 2 19
15 15 15 16
21 13 22 13
38 12 38 14
9 12 10 12
24 11 24 12
14 11 14 14
8 11 8 14
2 11 2 12
19 10 19 14
27 9 31 9
5 9 5 12
0 9 0 13
8 8 11 8
7 7 8 7
29 6 29 7
21 6 21 8
9 6 10 6
3 6 6 6
27 4 27 8
31 3 31 6
21 3 23 3
10 3 14 3
6 3 6 4
19 2 19 5
24 1 25 1
3
36 2 36 3
35 24 36 24
24 5 25 5
162
11 12 12 12
12 8 12 12
12 8 14 8
12 12 12 14
12 14 12 15
12 14 13 14
13 14 13 18
14 8 14 9
0 26 1 26
1 26 1 34
1 34 1 35
1 34 3 34
3 33 3 34
3 33 12 33
12 32 12 33
33 16 33 23
33 16 36 16
33 23 33 31
33 23 35 23
36 15 36 16
25 14 25 17
25 14 30 14
25 17 25 19
25 19 28 19
28 16 28 19
32 6 34 6
34 3 34 6
34 3 36 3
34 6 34 7
36 1 36 3
34 36 34 37
34 36 36 36
34 37 36 37
36 37 37 37
10 36 16 36
14 34 16 34
16 34 16 35
16 35 16 36
36 30 36 32
36 30 37 30
36 32 36 33
36 32 37 32
14 30 14 31
14 30 19 30
14 31 19 31
19 30 21 30
19 25 22 25
22 19 22 23
22 23 22 25
22 25 22 30
36 11 36 12
36 11 38 11
36 12 37 12
38 9 38 11
24 1 25 1
25 1 25 5
25 5 25 7
25 5 28 5
0 1 1 1
1 1 1 3
1 3 1 7
1 7 2 7
24 37 25 37
25 35 25 37
25 37 25 38
30 34 30 36
30 34 34 34
30 36 32 36
24 31 25 31
25 30 25 31
25 30 26 30
32 26 32 28
32 28 32 29
32 29 32 32
4 23 4 24
4 23 9 23
4 24 4 27
7 11 7 19
7 19 10 19
10 19 11 19
31 18 32 18
32 9 32 14
32 14 32 18
19 38 20 38
20 38 21 38
13 33 14 33
14 32 14 33
35 31 35 32
35 32 35 34
6 31 6 32
6 31 7 31
13 29 13 31
13 29 21 29
7 26 8 26
8 26 11 26
10 20 10 21
10 21 11 21
18 18 19 18
19 15 19 18
10 18 11 18
11 17 11 18
31 12 31 13
31 13 31 14
3 11 3 16
3 16 3 27
16 9 16 10
16 10 16 14
5 4 5 5
5 5 6 5
37 2 37 4
37 4 37 8
7 2 7 3
7 3 7 5
26 0 26 1
26 1 26 2
17 0 18 0
18 0 18 1
21 37 22 37
18 37 18 38
2 35 2 36
6 34 7 34
18 32 19 32
0 32 0 37
5 27 7 27
37 26 37 27
31 26 31 28
17 26 17 27
34 24 36 24
0 24 0 25
31 23 31 25
8 22 10 22
19 20 19 22
20 19 20 21
4 19 6 19
24 18 24 19
12 18 12 30
36 17 38 17
2 17 2 19
15 15 15 16
21 13 22 13
38 12 38 14
9 12 10 12
24 11 24 12
14 11 14 14
8 11 8 14
2 11 2 12
19 10 19 14
27 9 31 9
5 9 5 12
0 9 0 13
8 8 11 8
26 7 26 13
7 7 8 7
29 6 29 7
21 6 21 8
9 6 10 6
3 6 6 6
31 3 31 6
21 3 23 3
10 3 14 3
6 3 6 4
19 2 19 5
4
36 2 36 3
35 24 36 24
24 5 25 5
16 10 16 11
162
11 12 12 12
12 8 12 12
12 8 14 8
12 12 12 14
12 14 12 15
12 14 13 14
13 14 13 18
14 8 14 9
0 26 1 26
1 26 1 34
1 34 1 35
1 34 3 34
3 33 3 34
3 33 12 33
12 32 12 33
33 16 33 23
33 16 36 16
33 23 33 31
33 23 35 23
36 15 36 16
25 14 25 17
25 14 30 14
25 17 25 19
25 19 28 19
28 16 28 19
32 6 34 6
34 3 34 6
34 3 36 3
34 6 34 7
36 1 36 3
34 36 34 37
34 36 36 36
34 37 36 37
36 37 37 37
10 36 16 36
14 34 16 34
16 34 16 35
16 35 16 36
36 30 36 32
36 30 37 30
36 32 36 33
36 32 37 32
14 30 14 31
14 30 19 30
14 31 19 31
19 30 21 30
19 25 22 25
22 19 22 23
22 23 22 25
22 25 22 30
36 11 36 12
36 11 38 11
36 12 37 12
38 9 38 11
24 1 25 1
25 1 25 5
25 5 25 7
25 5 28 5
0 1 1 1
1 1 1 3
1 3 1 7
1 7 2 7
24 37 25 37
25 35 25 37
25 37 25 38
30 34 30 36
30 34 34 34
30 36 32 36
24 31 25 31
25 30 25 31
25 30 26 30
32 26 32 28
32 28 32 29
32 29 32 32
4 23 4 24
4 23 9 23
4 24 4 27
7 11 7 19
7 19 10 19
10 19 11 19
31 18 32 18
32 9 32 14
32 14 32 18
19 38 20 38
20 38 21 38
13 33 14 33
14 32 14 33
35 31 35 32
35 32 35 34
6 31 6 32
6 31 7 31
13 29 13 31
13 29 21 29
7 26 8 26
8 26 11 26
10 20 10 21
10 21 11 21
18 18 19 18
19 15 19 18
10 18 11 18
11 17 11 18
31 12 31 13
31 13 31 14
3 11 3 16
3 16 3 27
16 9 16 11
16 11 16 14
5 4 5 5
5 5 6 5
37 2 37 4
37 4 37 8
7 2 7 3
7 3 7 5
26 0 26 1
26 1 26 2
17 0 18 0
18 0 18 1
21 37 22 37
18 37 18 38
2 35 2 36
6 34 7 34
18 32 19 32
0 32 0 37
5 27 7 27
37 26 37 27
31 26 31 28
17 26 17 27
34 24 36 24
0 24 0 25
31 23 31 25
8 22 10 22
19 20 19 22
20 19 20 21
4 19 6 19
24 18 24 19
12 18 12 30
36 17 38 17
2 17 2 19
15 15 15 16
21 13 22 13
38 12 38 14
9 12 10 12
24 11 24 12
14 11 14 14
8 11 8 14
2 11 2 12
19 10 19 14
27 9 31 9
5 9 5 12
0 9 0 13
8 8 11 8
26 7 26 13
7 7 8 7
29 6 29 7
21 6 21 8
9 6 10 6
3 6 6 6
31 3 31 6
21 3 23 3
10 3 14 3
6 3 6 4
19 2 19 5
5
36 2 36 3
35 24 36 24
24 5 25 5
16 10 16 11
15 11 15 12
162
11 12 12 12
12 8 12 12
12 8 14 8
12 12 12 14
12 14 12 15
12 14 13 14
13 14 13 18
14 8 14 9
0 26 1 26
1 26 1 34
1 34 1 35
1 34 3 34
3 33 3 34
3 33 12 33
12 32 12 33
33 16 33 23
33 16 36 16
33 23 33 31
33 23 35 23
36 15 36 16
25 14 25 17
25 14 30 14
25 17 25 19
25 19 28 19
28 16 28 19
32 6 34 6
34 3 34 6
34 3 36 3
34 6 34 7
36 1 36 3
34 36 34 37
34 36 36 36
34 37 36 37
36 37 37 37
10 36 16 36
14 34 16 34
16 34 16 35
16 35 16 36
36 30 36 32
36 30 37 30
36 32 36 33
36 32 37 32
14 30 14 31
14 30 19 30
14 31 19 31
19 30 21 30
19 25 22 25
22 19 22 23
22 23 22 25
22 25 22 30
36 11 36 12
36 11 38 11
36 12 37 12
38 9 38 11
24 1 25 1
25 1 25 5
25 5 25 7
25 5 28 5
0 1 1 1
1 1 1 3
1 3 1 7
1 7 2 7
24 37 25 37
25 35 25 37
25 37 25 38
30 34 30 36
30 34 34 34
30 36 32 36
24 31 25 31
25 30 25 31
25 30 26 30
32 26 32 28
32 28 32 29
32 29 32 32
4 23 4 24
4 23 9 23
4 24 4 27
7 11 7 19
7 19 10 19
10 19 11 19
31 18 32 18
32 9 32 14
32 14 32 18
19 38 20 38
20 38 21 38
13 33 14 33
14 32 14 33
35 31 35 32
35 32 35 34
6 31 6 32
6 31 7 31
13 29 13 31
13 29 21 29
7 26 8 26
8 26 11 26
10 20 10 21
10 21 11 21
18 18 19 18
19 15 19 18
10 18 11 18
11 17 11 18
31 12 31 13
31 13 31 14
3 11 3 16
3 16 3 27
16 9 16 11
16 11 16 14
5 4 5 5
5 5 6 5
37 2 37 4
37 4 37 8
7 2 7 3
7 3 7 5
26 0 26 1
26 1 26 2
17 0 18 0
18 0 18 1
21 37 22 37
18 37 18 38
2 35 2 36
6 34 7 34
18 32 19 32
0 32 0 37
5 27 7 27
37 26 37 27
31 26 31 28
17 26 17 27
34 24 36 24
0 24 0 25
31 23 31 25
8 22 10 22
19 20 19 22
20 19 20 21
4 19 6 19
24 18 24 19
12 18 12 30
36 17 38 17
2 17 2 19
15 15 15 16
21 13 22 13
38 12 38 14
9 12 10 12
24 11 24 12
14 11 14 14
8 11 8 14
2 11 2 12
19 10 19 14
27 9 31 9
5 9 5 12
0 9 0 13
8 8 11 8
26 7 26 13
7 7 8 7
29 6 29 7
21 6 21 8
9 6 10 6
3 6 6 6
31 3 31 6
21 3 23 3
10 3 14 3
6 3 6 4
19 2 19 5
6
36 2 36 3
35 24 36 24
24 5 25 5
16 10 16 11
15 11 15 12
7 26 7 25
161
11 12 12 12
12 8 12 12
12 8 14 8
12 12 12 14
12 14 12 15
12 14 13 14
13 14 13 18
14 8 14 9
0 26 1 26
1 26 1 34
1 34 1 35
1 34 3 34
3 33 3 34
3 33 12 33
12 32 12 33
33 16 33 23
33 16 36 16
33 23 33 31
33 23 35 23
36 15 36 16
25 14 25 17
25 14 30 14
25 17 25 19
25 19 28 19
28 16 28 19
32 6 34 6
34 3 34 6
34 3 36 3
34 6 34 7
36 1 36 3
34 36 34 37
34 36 36 36
34 37 36 37
36 37 37 37
10 36 16 36
14 34 16 34
16 34 16 35
16 35 16 36
36 30 36 32
36 30 37 30
36 32 36 33
36 32 37 32
14 30 14 31
14 30 19 30
14 31 19 31
19 30 21 30
19 25 22 25
22 19 22 23
22 23 22 25
22 25 22 30
36 11 36 12
36 11 38 11
36 12 37 12
38 9 38 11
24 1 25 1
25 1 25 5
25 5 25 7
25 5 28 5
0 1 1 1
1 1 1 3
1 3 1 7
1 7 2 7
24 37 25 37
25 35 25 37
25 37 25 38
30 34 30 36
30 34 34 34
30 36 32 36
24 31 25 31
25 30 25 31
25 30 26 30
32 26 32 28
32 28 32 29
32 29 32 32
4 23 4 24
4 23 9 23
4 24 4 27
7 11 7 19
7 19 10 19
10 19 11 19
31 18 32 18
32 9 32 14
32 14 32 18
19 38 20 38
20 38 21 38
13 33 14 33
14 32 14 33
35 31 35 32
35 32 35 34
6 31 6 32
6 31 7 31
13 29 13 31
13 29 21 29
10 20 10 21
10 21 11 21
18 18 19 18
19 15 19 18
10 18 11 18
11 17 11 18
31 12 31 13
31 13 31 14
3 11 3 16
3 16 3 27
16 9 16 11
16 11 16 14
5 4 5 5
5 5 6 5
37 2 37 4
37 4 37 8
7 2 7 3
7 3 7 5
26 0 26 1
26 1 26 2
17 0 18 0
18 0 18 1
21 37 22 37
18 37 18 38
2 35 2 36
6 34 7 34
18 32 19 32
0 32 0 37
5 27 7 27
37 26 37 27
31 26 31 28
17 26 17 27
8 26 11 26
34 24 36 24
0 24 0 25
31 23 31 25
8 22 10 22
19 20 19 22
20 19 20 21
4 19 6 19
24 18 24 19
12 18 12 30
36 17 38 17
2 17 2 19
15 15 15 16
21 13 22 13
38 12 38 14
9 12 10 12
24 11 24 12
14 11 14 14
8 11 8 14
2 11 2 12
19 10 19 14
27 9 31 9
5 9 5 12
0 9 0 13
8 8 11 8
26 7 26 13
7 7 8 7
29 6 29 7
21 6 21 8
9 6 10 6
3 6 6 6
31 3 31 6
21 3 23 3
10 3 14 3
6 3 6 4
19 2 19 5
7
36 2 36 3
35 24 36 24
24 5 25 5
16 10 16 11
15 11 15 12
7 26 7 25
5 13 6 13
163
11 12 12 12
12 8 12 12
12 8 14 8
12 12 12 14
12 14 12 15
12 14 13 14
13 14 13 18
14 8 14 9
0 26 1 26
1 26 1 34
1 34 1 35
1 34 3 34
3 33 3 34
3 33 12 33
12 32 12 33
33 16 33 23
33 16 36 16
33 23 33 31
33 23 35 23
36 15 36 16
25 14 25 17
25 14 30 14
25 17 25 19
25 19 28 19
28 16 28 19
32 6 34 6
34 3 34 6
34 3 36 3
34 6 34 7
36 1 36 3
34 36 34 37
34 36 36 36
34 37 36 37
36 37 37 37
10 36 16 36
14 34 16 34
16 34 16 35
16 35 16 36
36 30 36 32
36 30 37 30
36 32 36 33
36 32 37 32
14 30 14 31
14 30 19 30
14 31 19 31
19 30 21 30
19 25 22 25
22 19 22 23
22 23 22 25
22 25 22 30
36 11 36 12
36 11 38 11
36 12 37 12
38 9 38 11
5 9 5 12
5 12 5 14
5 14 8 14
8 11 8 14
24 1 25 1
25 1 25 5
25 5 25 7
25 5 28 5
0 1 1 1
1 1 1 3
1 3 1 7
1 7 2 7
24 37 25 37
25 35 25 37
25 37 25 38
30 34 30 36
30 34 34 34
30 36 32 36
24 31 25 31
25 30 25 31
25 30 26 30
32 26 32 28
32 28 32 29
32 29 32 32
4 23 4 24
4 23 9 23
4 24 4 27
31 18 32 18
32 9 32 14
32 14 32 18
19 38 20 38
20 38 21 38
13 33 14 33
14 32 14 33
35 31 35 32
35 32 35 34
6 31 6 32
6 31 7 31
13 29 13 31
13 29 21 29
10 20 10 21
10 21 11 21
7 19 10 19
10 19 11 19
18 18 19 18
19 15 19 18
10 18 11 18
11 17 11 18
31 12 31 13
31 13 31 14
3 11 3 16
3 16 3 27
16 9 16 11
16 11 16 14
5 4 5 5
5 5 6 5
37 2 37 4
37 4 37 8
7 2 7 3
7 3 7 5
26 0 26 1
26 1 26 2
17 0 18 0
18 0 18 1
21 37 22 37
18 37 18 38
2 35 2 36
6 34 7 34
18 32 19 32
0 32 0 37
5 27 7 27
37 26 37 27
31 26 31 28
17 26 17 27
8 26 11 26
34 24 36 24
0 24 0 25
31 23 31 25
8 22 10 22
19 20 19 22
20 19 20 21
4 19 6 19
24 18 24 19
12 18 12 30
36 17 38 17
2 17 2 19
15 15 15 16
21 13 22 13
38 12 38 14
9 12 10 12
6 12 6 13
24 11 24 12
14 11 14 14
2 11 2 12
19 10 19 14
27 9 31 9
0 9 0 13
8 8 11 8
26 7 26 13
7 7 8 7
29 6 29 7
21 6 21 8
9 6 10 6
3 6 6 6
31 3 31 6
21 3 23 3
10 3 14 3
6 3 6 4
19 2 19 5
8
36 2 36 3
35 24 36 24
24 5 25 5
16 10 16 11
15 11 15 12
7 26 7 25
5 13 6 13
35 7 35 8
164
11 12 12 12
12 8 12 12
12 8 14 8
12 12 12 14
12 14 12 15
12 14 13 14
13 14 13 18
14 8 14 9
0 26 1 26
1 26 1 34
1 34 1 35
1 34 3 34
3 33 3 34
3 33 12 33
12 32 12 33
33 16 33 23
33 16 36 16
33 23 33 31
33 23 35 23
36 15 36 16
25 14 25 17
25 14 30 14
25 17 25 19
25 19 28 19
28 16 28 19
32 6 34 6
34 3 34 6
34 3 36 3
34 6 34 7
36 1 36 3
34 36 34 37
34 36 36 36
34 37 36 37
36 37 37 37
10 36 16 36
14 34 16 34
16 34 16 35
16 35 16 36
36 30 36 32
36 30 37 30
36 32 36 33
36 32 37 32
14 30 14 31
14 30 19 30
14 31 19 31
19 30 21 30
19 25 22 25
22 19 22 23
22 23 22 25
22 25 22 30
36 11 36 12
36 11 38 11
36 12 37 12
38 9 38 11
5 9 5 12
5 12 5 14
5 14 8 14
8 11 8 14
24 1 25 1
25 1 25 5
25 5 25 7
25 5 28 5
0 1 1 1
1 1 1 3
1 3 1 7
1 7 2 7
24 37 25 37
25 35 25 37
25 37 25 38
30 34 30 36
30 34 34 34
30 36 32 36
24 31 25 31
25 30 25 31
25 30 26 30
32 26 32 28
32 28 32 29
32 29 32 32
4 23 4 24
4 23 9 23
4 24 4 27
31 18 32 18
32 9 32 14
32 14 32 18
35 8 37 8
37 2 37 4
37 4 37 8
19 38 20 38
20 38 21 38
13 33 14 33
14 32 14 33
35 31 35 32
35 32 35 34
6 31 6 32
6 31 7 31
13 29 13 31
13 29 21 29
10 20 10 21
10 21 11 21
7 19 10 19
10 19 11 19
18 18 19 18
19 15 19 18
10 18 11 18
11 17 11 18
31 12 31 13
31 13 31 14
3 11 3 16
3 16 3 27
16 9 16 11
16 11 16 14
5 4 5 5
5 5 6 5
7 2 7 3
7 3 7 5
26 0 26 1
26 1 26 2
17 0 18 0
18 0 18 1
21 37 22 37
18 37 18 38
2 35 2 36
6 34 7 34
18 32 19 32
0 32 0 37
5 27 7 27
37 26 37 27
31 26 31 28
17 26 17 27
8 26 11 26
34 24 36 24
0 24 0 25
31 23 31 25
8 22 10 22
19 20 19 22
20 19 20 21
4 19 6 19
24 18 24 19
12 18 12 30
36 17 38 17
2 17 2 19
15 15 15 16
21 13 22 13
38 12 38 14
9 12 10 12
6 12 6 13
24 11 24 12
14 11 14 14
2 11 2 12
19 10 19 14
27 9 31 9
0 9 0 13
8 8 11 8
26 7 26 13
7 7 8 7
29 6 29 7
21 6 21 8
9 6 10 6
3 6 6 6
31 3 31 6
21 3 23 3
10 3 14 3
6 3 6 4
19 2 19 5
9
36 2 36 3
35 24 36 24
24 5 25 5
16 10 16 11
15 11 15 12
7 26 7 25
5 13 6 13
35 7 35 8
14 31 15 31
165
11 12 12 12
12 8 12 12
12 8 14 8
12 12 12 14
12 14 12 15
12 14 13 14
13 14 13 18
14 8 14 9
0 26 1 26
1 26 1 34
1 34 1 35
1 34 3 34
3 33 3 34
3 33 12 33
12 32 12 33
14 30 19 30
15 31 15 33
15 31 19 31
19 30 19 31
19 30 21 30
33 16 33 23
33 16 36 16
33 23 33 31
33 23 35 23
36 15 36 16
25 14 25 17
25 14 30 14
25 17 25 19
25 19 28 19
28 16 28 19
32 6 34 6
34 3 34 6
34 3 36 3
34 6 34 7
36 1 36 3
34 36 34 37
34 36 36 36
34 37 36 37
36 37 37 37
10 36 16 36
14 34 16 34
16 34 16 35
16 35 16 36
36 30 36 32
36 30 37 30
36 32 36 33
36 32 37 32
19 25 22 25
22 19 22 23
22 23 22 25
22 25 22 30
36 11 36 12
36 11 38 11
36 12 37 12
38 9 38 11
5 9 5 12
5 12 5 14
5 14 8 14
8 11 8 14
24 1 25 1
25 1 25 5
25 5 25 7
25 5 28 5
0 1 1 1
1 1 1 3
1 3 1 7
1 7 2 7
24 37 25 37
25 35 25 37
25 37 25 38
30 34 30 36
30 34 34 34
30 36 32 36
24 31 25 31
25 30 25 31
25 30 26 30
32 26 32 28
32 28 32 29
32 29 32 32
4 23 4 24
4 23 9 23
4 24 4 27
31 18 32 18
32 9 32 14
32 14 32 18
35 8 37 8
37 2 37 4
37 4 37 8
19 38 20 38
20 38 21 38
13 33 14 33
14 32 14 33
35 31 35 32
35 32 35 34
6 31 6 32
6 31 7 31
13 29 13 31
13 29 21 29
10 20 10 21
10 21 11 21
7 19 10 19
10 19 11 19
18 18 19 18
19 15 19 18
10 18 11 18
11 17 11 18
31 12 31 13
31 13 31 14
3 11 3 16
3 16 3 27
16 9 16 11
16 11 16 14
5 4 5 5
5 5 6 5
7 2 7 3
7 3 7 5
26 0 26 1
26 1 26 2
17 0 18 0
18 0 18 1
21 37 22 37
18 37 18 38
2 35 2 36
6 34 7 34
18 32 19 32
0 32 0 37
5 27 7 27
37 26 37 27
31 26 31 28
17 26 17 27
8 26 11 26
34 24 36 24
0 24 0 25
31 23 31 25
8 22 10 22
19 20 19 22
20 19 20 21
4 19 6 19
24 18 24 19
12 18 12 30
36 17 38 17
2 17 2 19
15 15 15 16
21 13 22 13
38 12 38 14
9 12 10 12
6 12 6 13
24 11 24 12
14 11 14 14
2 11 2 12
19 10 19 14
27 9 31 9
0 9 0 13
8 8 11 8
26 7 26 13
7 7 8 7
29 6 29 7
21 6 21 8
9 6 10 6
3 6 6 6
31 3 31 6
21 3 23 3
10 3 14 3
6 3 6 4
19 2 19 5
10
36 2 36 3
35 24 36 24
24 5 25 5
16 10 16 11
15 11 15 12
7 26 7 25
5 13 6 13
35 7 35 8
14 31 15 31
19 19 18 19
166
11 12 12 12
12 8 12 12
12 8 14 8
12 12 12 14
12 14 12 15
12 14 13 14
13 14 13 18
14 8 14 9
0 26 1 26
1 26 1 34
1 34 1 35
1 34 3 34
3 33 3 34
3 33 12 33
12 32 12 33
14 30 19 30
15 31 15 33
15 31 19 31
19 30 19 31
19 30 21 30
33 16 33 23
33 16 36 16
33 23 33 31
33 23 35 23
36 15 36 16
25 14 25 17
25 14 30 14
25 17 25 19
25 19 28 19
28 16 28 19
32 6 34 6
34 3 34 6
34 3 36 3
34 6 34 7
36 1 36 3
34 36 34 37
34 36 36 36
34 37 36 37
36 37 37 37
10 36 16 36
14 34 16 34
16 34 16 35
16 35 16 36
36 30 36 32
36 30 37 30
36 32 36 33
36 32 37 32
19 25 22 25
22 19 22 23
22 23 22 25
22 25 22 30
36 11 36 12
36 11 38 11
36 12 37 12
38 9 38 11
5 9 5 12
5 12 5 14
5 14 8 14
8 11 8 14
24 1 25 1
25 1 25 5
25 5 25 7
25 5 28 5
0 1 1 1
1 1 1 3
1 3 1 7
1 7 2 7
24 37 25 37
25 35 25 37
25 37 25 38
30 34 30 36
30 34 34 34
30 36 32 36
24 31 25 31
25 30 25 31
25 30 26 30
32 26 32 28
32 28 32 29
32 29 32 32
4 23 4 24
4 23 9 23
4 24 4 27
31 18 32 18
32 9 32 14
32 14 32 18
35 8 37 8
37 2 37 4
37 4 37 8
19 38 20 38
20 38 21 38
13 33 14 33
14 32 14 33
35 31 35 32
35 32 35 34
6 31 6 32
6 31 7 31
13 29 13 31
13 29 21 29
10 20 10 21
10 21 11 21
7 19 10 19
10 19 11 19
18 18 19 18
19 15 19 18
10 18 11 18
11 17 11 18
31 12 31 13
31 13 31 14
3 11 3 16
3 16 3 27
16 9 16 11
16 11 16 14
5 4 5 5
5 5 6 5
7 2 7 3
7 3 7 5
26 0 26 1
26 1 26 2
17 0 18 0
18 0 18 1
21 37 22 37
18 37 18 38
2 35 2 36
6 34 7 34
18 32 19 32
0 32 0 37
5 27 7 27
37 26 37 27
31 26 31 28
17 26 17 27
8 26 11 26
34 24 36 24
0 24 0 25
31 23 31 25
8 22 10 22
19 20 19 22
20 19 20 21
18 19 18 24
4 19 6 19
24 18 24 19
12 18 12 30
36 17 38 17
2 17 2 19
15 15 15 16
21 13 22 13
38 12 38 14
9 12 10 12
6 12 6 13
24 11 24 12
14 11 14 14
2 11 2 12
19 10 19 14
27 9 31 9
0 9 0 13
8 8 11 8
26 7 26 13
7 7 8 7
29 6 29 7
21 6 21 8
9 6 10 6
3 6 6 6
31 3 31 6
21 3 23 3
10 3 14 3
6 3 6 4
19 2 19 5
11
36 2 36 3
35 24 36 24
24 5 25 5
16 10 16 11
15 11 15 12
7 26 7 25
5 13 6 13
35 7 35 8
14 31 15 31
19 19 18 19
10 35 10 34
166
11 12 12 12
12 8 12 12
12 8 14 8
12 12 12 14
12 14 12 15
12 14 13 14
13 14 13 18
14 8 14 9
0 26 1 26
1 26 1 34
1 34 1 35
1 34 3 34
3 33 3 34
3 33 12 33
12 32 12 33
14 30 19 30
15 31 15 33
15 31 19 31
19 30 19 31
19 30 21 30
33 16 33 23
33 16 36 16
33 23 33 31
33 23 35 23
36 15 36 16
25 14 25 17
25 14 30 14
25 17 25 19
25 19 28 19
28 16 28 19
32 6 34 6
34 3 34 6
34 3 36 3
34 6 34 7
36 1 36 3
34 36 34 37
34 36 36 36
34 37 36 37
36 37 37 37
10 36 16 36
14 34 16 34
16 34 16 35
16 35 16 36
36 30 36 32
36 30 37 30
36 32 36 33
36 32 37 32
19 25 22 25
22 19 22 23
22 23 22 25
22 25 22 30
36 11 36 12
36 11 38 11
36 12 37 12
38 9 38 11
5 9 5 12
5 12 5 14
5 14 8 14
8 11 8 14
24 1 25 1
25 1 25 5
25 5 25 7
25 5 28 5
0 1 1 1
1 1 1 3
1 3 1 7
1 7 2 7
24 37 25 37
25 35 25 37
25 37 25 38
30 34 30 36
30 34 34 34
30 36 32 36
24 31 25 31
25 30 25 31
25 30 26 30
32 26 32 28
32 28 32 29
32 29 32 32
4 23 4 24
4 23 9 23
4 24 4 27
31 18 32 18
32 9 32 14
32 14 32 18
35 8 37 8
37 2 37 4
37 4 37 8
19 38 20 38
20 38 21 38
13 33 14 33
14 32 14 33
35 31 35 32
35 32 35 34
6 31 6 32
6 31 7 31
13 29 13 31
13 29 21 29
10 20 10 21
10 21 11 21
7 19 10 19
10 19 11 19
18 18 19 18
19 15 19 18
10 18 11 18
11 17 11 18
31 12 31 13
31 13 31 14
3 11 3 16
3 16 3 27
16 9 16 11
16 11 16 14
5 4 5 5
5 5 6 5
7 2 7 3
7 3 7 5
26 0 26 1
26 1 26 2
17 0 18 0
18 0 18 1
21 37 22 37
18 37 18 38
2 35 2 36
6 34 7 34
18 32 19 32
0 32 0 37
5 27 7 27
37 26 37 27
31 26 31 28
17 26 17 27
8 26 11 26
34 24 36 24
0 24 0 25
31 23 31 25
8 22 10 22
19 20 19 22
20 19 20 21
18 19 18 24
4 19 6 19
24 18 24 19
12 18 12 30
36 17 38 17
2 17 2 19
15 15 15 16
21 13 22 13
38 12 38 14
9 12 10 12
6 12 6 13
24 11 24 12
14 11 14 14
2 11 2 12
19 10 19 14
27 9 31 9
0 9 0 13
8 8 11 8
26 7 26 13
7 7 8 7
29 6 29 7
21 6 21 8
9 6 10 6
3 6 6 6
31 3 31 6
21 3 23 3
10 3 14 3
6 3 6 4
19 2 19 5
12
36 2 36 3
35 24 36 24
24 5 25 5
16 10 16 11
15 11 15 12
7 26 7 25
5 13 6 13
35 7 35 8
14 31 15 31
19 19 18 19
10 35 10 34
16 11 16 12
166
11 12 12 12
12 8 12 12
12 8 14 8
12 12 12 14
12 14 12 15
12 14 13 14
13 14 13 18
14 8 14 9
0 26 1 26
1 26 1 34
1 34 1 35
1 34 3 34
3 33 3 34
3 33 12 33
12 32 12 33
14 30 19 30
15 31 15 33
15 31 19 31
19 30 19 31
19 30 21 30
33 16 33 23
33 16 36 16
33 23 33 31
33 23 35 23
36 15 36 16
25 14 25 17
25 14 30 14
25 17 25 19
25 19 28 19
28 16 28 19
32 6 34 6
34 3 34 6
34 3 36 3
34 6 34 7
36 1 36 3
34 36 34 37
34 36 36 36
34 37 36 37
36 37 37 37
10 36 16 36
14 34 16 34
16 34 16 35
16 35 16 36
36 30 36 32
36 30 37 30
36 32 36 33
36 32 37 32
19 25 22 25
22 19 22 23
22 23 22 25
22 25 22 30
36 11 36 12
36 11 38 11
36 12 37 12
38 9 38 11
5 9 5 12
5 12 5 14
5 14 8 14
8 11 8 14
24 1 25 1
25 1 25 5
25 5 25 7
25 5 28 5
0 1 1 1
1 1 1 3
1 3 1 7
1 7 2 7
24 37 25 37
25 35 25 37
25 37 25 38
30 34 30 36
30 34 34 34
30 36 32 36
24 31 25 31
25 30 25 31
25 30 26 30
32 26 32 28
32 28 32 29
32 29 32 32
4 23 4 24
4 23 9 23
4 24 4 27
31 18 32 18
32 9 32 14
32 14 32 18
35 8 37 8
37 2 37 4
37 4 37 8
19 38 20 38
20 38 21 38
13 33 14 33
14 32 14 33
35 31 35 32
35 32 35 34
6 31 6 32
6 31 7 31
13 29 13 31
13 29 21 29
10 20 10 21
10 21 11 21
7 19 10 19
10 19 11 19
18 18 19 18
19 15 19 18
10 18 11 18
11 17 11 18
31 12 31 13
31 13 31 14
14 11 14 14
14 11 18 11
3 11 3 16
3 16 3 27
5 4 5 5
5 5 6 5
7 2 7 3
7 3 7 5
26 0 26 1
26 1 26 2
17 0 18 0
18 0 18 1
21 37 22 37
18 37 18 38
2 35 2 36
6 34 7 34
18 32 19 32
0 32 0 37
5 27 7 27
37 26 37 27
31 26 31 28
17 26 17 27
8 26 11 26
34 24 36 24
0 24 0 25
31 23 31 25
8 22 10 22
19 20 19 22
20 19 20 21
18 19 18 24
4 19 6 19
24 18 24 19
12 18 12 30
36 17 38 17
2 17 2 19
15 15 15 16
21 13 22 13
38 12 38 14
16 12 16 14
9 12 10 12
6 12 6 13
24 11 24 12
2 11 2 12
19 10 19 14
27 9 31 9
0 9 0 13
8 8 11 8
26 7 26 13
7 7 8 7
29 6 29 7
21 6 21 8
9 6 10 6
3 6 6 6
31 3 31 6
21 3 23 3
10 3 14 3
6 3 6 4
19 2 19 5
13
36 2 36 3
35 24 36 24
24 5 25 5
16 10 16 11
15 11 15 12
7 26 7 25
5 13 6 13
35 7 35 8
14 31 15 31
19 19 18 19
10 35 10 34
16 11 16 12
18 32 18 31
164
11 12 12 12
12 8 12 12
12 8 14 8
12 12 12 14
12 14 12 15
12 14 13 14
13 14 13 18
14 8 14 9
0 26 1 26
1 26 1 34
1 34 1 35
1 34 3 34
3 33 3 34
3 33 12 33
12 32 12 33
33 16 33 23
33 16 36 16
33 23 33 31
33 23 35 23
36 15 36 16
25 14 25 17
25 14 30 14
25 17 25 19
25 19 28 19
28 16 28 19
32 6 34 6
34 3 34 6
34 3 36 3
34 6 34 7
36 1 36 3
34 36 34 37
34 36 36 36
34 37 36 37
36 37 37 37
10 36 16 36
14 34 16 34
16 34 16 35
16 35 16 36
36 30 36 32
36 30 37 30
36 32 36 33
36 32 37 32
19 25 22 25
22 19 22 23
22 23 22 25
22 25 22 30
36 11 36 12
36 11 38 11
36 12 37 12
38 9 38 11
5 9 5 12
5 12 5 14
5 14 8 14
8 11 8 14
24 1 25 1
25 1 25 5
25 5 25 7
25 5 28 5
0 1 1 1
1 1 1 3
1 3 1 7
1 7 2 7
24 37 25 37
25 35 25 37
25 37 25 38
30 34 30 36
30 34 34 34
30 36 32 36
24 31 25 31
25 30 25 31
25 30 26 30
14 30 19 30
19 30 19 31
19 30 21 30
32 26 32 28
32 28 32 29
32 29 32 32
4 23 4 24
4 23 9 23
4 24 4 27
31 18 32 18
32 9 32 14
32 14 32 18
35 8 37 8
37 2 37 4
37 4 37 8
19 38 20 38
20 38 21 38
13 33 14 33
14 32 14 33
35 31 35 32
35 32 35 34
6 31 6 32
6 31 7 31
13 29 13 31
13 29 21 29
10 20 10 21
10 21 11 21
7 19 10 19
10 19 11 19
18 18 19 18
19 15 19 18
10 18 11 18
11 17 11 18
31 12 31 13
31 13 31 14
14 11 14 14
14 11 18 11
3 11 3 16
3 16 3 27
5 4 5 5
5 5 6 5
7 2 7 3
7 3 7 5
26 0 26 1
26 1 26 2
17 0 18 0
18 0 18 1
21 37 22 37
18 37 18 38
2 35 2 36
6 34 7 34
0 32 0 37
15 31 15 33
5 27 7 27
37 26 37 27
31 26 31 28
17 26 17 27
8 26 11 26
34 24 36 24
0 24 0 25
31 23 31 25
8 22 10 22
19 20 19 22
20 19 20 21
18 19 18 24
4 19 6 19
24 18 24 19
12 18 12 30
36 17 38 17
2 17 2 19
15 15 15 16
21 13 22 13
38 12 38 14
16 12 16 14
9 12 10 12
6 12 6 13
24 11 24 12
2 11 2 12
19 10 19 14
27 9 31 9
0 9 0 13
8 8 11 8
26 7 26 13
7 7 8 7
29 6 29 7
21 6 21 8
9 6 10 6
3 6 6 6
31 3 31 6
21 3 23 3
10 3 14 3
6 3 6 4
19 2 19 5
14
36 2 36 3
35 24 36 24
24 5 25 5
16 10 16 11
15 11 15 12
7 26 7 25
5 13 6 13
35 7 35 8
14 31 15 31
19 19 18 19
10 35 10 34
16 11 16 12
18 32 18 31
3 4 3 5
164
11 12 12 12
12 8 12 12
12 8 14 8
12 12 12 14
12 14 12 15
12 14 13 14
13 14 13 18
14 8 14 9
0 26 1 26
1 26 1 34
1 34 1 35
1 34 3 34
3 33 3 34
3 33 12 33
12 32 12 33
33 16 33 23
33 16 36 16
33 23 33 31
33 23 35 23
36 15 36 16
25 14 25 17
25 14 30 14
25 17 25 19
25 19 28 19
28 16 28 19
32 6 34 6
34 3 34 6
34 3 36 3
34 6 34 7
36 1 36 3
34 36 34 37
34 36 36 36
34 37 36 37
36 37 37 37
10 36 16 36
14 34 16 34
16 34 16 35
16 35 16 36
36 30 36 32
36 30 37 30
36 32 36 33
36 32 37 32
19 25 22 25
22 19 22 23
22 23 22 25
22 25 22 30
36 11 36 12
36 11 38 11
36 12 37 12
38 9 38 11
5 9 5 12
5 12 5 14
5 14 8 14
8 11 8 14
24 1 25 1
25 1 25 5
25 5 25 7
25 5 28 5
0 1 1 1
1 1 1 3
1 3 1 7
1 7 2 7
24 37 25 37
25 35 25 37
25 37 25 38
30 34 30 36
30 34 34 34
30 36 32 36
24 31 25 31
25 30 25 31
25 30 26 30
14 30 19 30
19 30 19 31
19 30 21 30
32 26 32 28
32 28 32 29
32 29 32 32
4 23 4 24
4 23 9 23
4 24 4 27
31 18 32 18
32 9 32 14
32 14 32 18
35 8 37 8
37 2 37 4
37 4 37 8
19 38 20 38
20 38 21 38
13 33 14 33
14 32 14 33
35 31 35 32
35 32 35 34
6 31 6 32
6 31 7 31
13 29 13 31
13 29 21 29
10 20 10 21
10 21 11 21
7 19 10 19
10 19 11 19
18 18 19 18
19 15 19 18
10 18 11 18
11 17 11 18
31 12 31 13
31 13 31 14
14 11 14 14
14 11 18 11
3 11 3 16
3 16 3 27
5 4 5 5
5 5 6 5
7 2 7 3
7 3 7 5
26 0 26 1
26 1 26 2
17 0 18 0
18 0 18 1
21 37 22 37
18 37 18 38
2 35 2 36
6 34 7 34
0 32 0 37
15 31 15 33
5 27 7 27
37 26 37 27
31 26 31 28
17 26 17 27
8 26 11 26
34 24 36 24
0 24 0 25
31 23 31 25
8 22 10 22
19 20 19 22
20 19 20 21
18 19 18 24
4 19 6 19
24 18 24 19
12 18 12 30
36 17 38 17
2 17 2 19
15 15 15 16
21 13 22 13
38 12 38 14
16 12 16 14
9 12 10 12
6 12 6 13
24 11 24 12
2 11 2 12
19 10 19 14
27 9 31 9
0 9 0 13
8 8 11 8
26 7 26 13
7 7 8 7
29 6 29 7
21 6 21 8
9 6 10 6
3 6 6 6
31 3 31 6
21 3 23 3
10 3 14 3
6 3 6 4
19 2 19 5
15
36 2 36 3
35 24 36 24
24 5 25 5
16 10 16 11
15 11 15 12
7 26 7 25
5 13 6 13
35 7 35 8
14 31 15 31
19 19 18 19
10 35 10 34
16 11 16 12
18 32 18 31
3 4 3 5
11 35 11 36
165
11 12 12 12
12 8 12 12
12 8 14 8
12 12 12 14
12 14 12 15
12 14 13 14
13 14 13 18
14 8 14 9
0 26 1 26
1 26 1 34
1 34 1 35
1 34 3 34
3 33 3 34
3 33 12 33
12 32 12 33
33 16 33 23
33 16 36 16
33 23 33 31
33 23 35 23
36 15 36 16
25 14 25 17
25 14 30 14
25 17 25 19
25 19 28 19
28 16 28 19
32 6 34 6
34 3 34 6
34 3 36 3
34 6 34 7
36 1 36 3
34 36 34 37
34 36 36 36
34 37 36 37
36 37 37 37
36 30 36 32
36 30 37 30
36 32 36 33
36 32 37 32
19 25 22 25
22 19 22 23
22 23 22 25
22 25 22 30
36 11 36 12
36 11 38 11
36 12 37 12
38 9 38 11
5 9 5 12
5 12 5 14
5 14 8 14
8 11 8 14
24 1 25 1
25 1 25 5
25 5 25 7
25 5 28 5
0 1 1 1
1 1 1 3
1 3 1 7
1 7 2 7
24 37 25 37
25 35 25 37
25 37 25 38
30 34 30 36
30 34 34 34
30 36 32 36
14 34 16 34
16 34 16 35
16 35 16 36
24 31 25 31
25 30 25 31
25 30 26 30
14 30 19 30
19 30 19 31
19 30 21 30
32 26 32 28
32 28 32 29
32 29 32 32
4 23 4 24
4 23 9 23
4 24 4 27
31 18 32 18
32 9 32 14
32 14 32 18
35 8 37 8
37 2 37 4
37 4 37 8
19 38 20 38
20 38 21 38
13 33 14 33
14 32 14 33
35 31 35 32
35 32 35 34
6 31 6 32
6 31 7 31
13 29 13 31
13 29 21 29
10 20 10 21
10 21 11 21
7 19 10 19
10 19 11 19
18 18 19 18
19 15 19 18
10 18 11 18
11 17 11 18
31 12 31 13
31 13 31 14
14 11 14 14
14 11 18 11
3 11 3 16
3 16 3 27
5 4 5 5
5 5 6 5
7 2 7 3
7 3 7 5
26 0 26 1
26 1 26 2
17 0 18 0
18 0 18 1
21 37 22 37
18 37 18 38
11 36 11 37
9 35 12 35
2 35 2 36
6 34 7 34
0 32 0 37
15 31 15 33
5 27 7 27
37 26 37 27
31 26 31 28
17 26 17 27
8 26 11 26
34 24 36 24
0 24 0 25
31 23 31 25
8 22 10 22
19 20 19 22
20 19 20 21
18 19 18 24
4 19 6 19
24 18 24 19
12 18 12 30
36 17 38 17
2 17 2 19
15 15 15 16
21 13 22 13
38 12 38 14
16 12 16 14
9 12 10 12
6 12 6 13
24 11 24 12
2 11 2 12
19 10 19 14
27 9 31 9
0 9 0 13
8 8 11 8
26 7 26 13
7 7 8 7
29 6 29 7
21 6 21 8
9 6 10 6
3 6 6 6
31 3 31 6
21 3 23 3
10 3 14 3
6 3 6 4
19 2 19 5
16
36 2 36 3
35 24 36 24
24 5 25 5
16 10 16 11
15 11 15 12
7 26 7 25
5 13 6 13
35 7 35 8
14 31 15 31
19 19 18 19
10 35 10 34
16 11 16 12
18 32 18 31
3 4 3 5
11 35 11 36
24 31 23 31
166
11 12 12 12
12 8 12 12
12 8 14 8
12 12 12 14
12 14 12 15
12 14 13 14
13 14 13 18
14 8 14 9
0 26 1 26
1 26 1 34
1 34 1 35
1 34 3 34
3 33 3 34
3 33 12 33
12 32 12 33
33 16 33 23
33 16 36 16
33 23 33 31
33 23 35 23
36 15 36 16
25 14 25 17
25 14 30 14
25 17 25 19
25 19 28 19
28 16 28 19
32 6 34 6
34 3 34 6
34 3 36 3
34 6 34 7
36 1 36 3
34 36 34 37
34 36 36 36
34 37 36 37
36 37 37 37
36 30 36 32
36 30 37 30
36 32 36 33
36 32 37 32
23 30 23 31
23 31 25 31
25 30 25 31
25 30 26 30
19 25 22 25
22 19 22 23
22 23 22 25
22 25 22 30
36 11 36 12
36 11 38 11
36 12 37 12
38 9 38 11
5 9 5 12
5 12 5 14
5 14 8 14
8 11 8 14
24 1 25 1
25 1 25 5
25 5 25 7
25 5 28 5
0 1 1 1
1 1 1 3
1 3 1 7
1 7 2 7
24 37 25 37
25 35 25 37
25 37 25 38
30 34 30 36
30 34 34 34
30 36 32 36
14 34 16 34
16 34 16 35
16 35 16 36
14 30 19 30
19 30 19 31
19 30 21 30
32 26 32 28
32 28 32 29
32 29 32 32
4 23 4 24
4 23 9 23
4 24 4 27
31 18 32 18
32 9 32 14
32 14 32 18
35 8 37 8
37 2 37 4
37 4 37 8
19 38 20 38
20 38 21 38
13 33 14 33
14 32 14 33
35 31 35 32
35 32 35 34
6 31 6 32
6 31 7 31
13 29 13 31
13 29 21 29
10 20 10 21
10 21 11 21
7 19 10 19
10 19 11 19
18 18 19 18
19 15 19 18
10 18 11 18
11 17 11 18
31 12 31 13
31 13 31 14
14 11 14 14
14 11 18 11
3 11 3 16
3 16 3 27
5 4 5 5
5 5 6 5
7 2 7 3
7 3 7 5
26 0 26 1
26 1 26 2
17 0 18 0
18 0 18 1
21 37 22 37
18 37 18 38
11 36 11 37
9 35 12 35
2 35 2 36
6 34 7 34
0 32 0 37
15 31 15 33
5 27 7 27
37 26 37 27
31 26 31 28
17 26 17 27
8 26 11 26
34 24 36 24
0 24 0 25
31 23 31 25
8 22 10 22
19 20 19 22
20 19 20 21
18 19 18 24
4 19 6 19
24 18 24 19
12 18 12 30
36 17 38 17
2 17 2 19
15 15 15 16
21 13 22 13
38 12 38 14
16 12 16 14
9 12 10 12
6 12 6 13
24 11 24 12
2 11 2 12
19 10 19 14
27 9 31 9
0 9 0 13
8 8 11 8
26 7 26 13
7 7 8 7
29 6 29 7
21 6 21 8
9 6 10 6
3 6 6 6
31 3 31 6
21 3 23 3
10 3 14 3
6 3 6 4
19 2 19 5
17
36 2 36 3
35 24 36 24
24 5 25 5
16 10 16 11
15 11 15 12
7 26 7 25
5 13 6 13
35 7 35 8
14 31 15 31
19 19 18 19
10 35 10 34
16 11 16 12
18 32 18 31
3 4 3 5
11 35 11 36
24 31 23 31
25 30 25 29
165
11 12 12 12
12 8 12 12
12 8 14 8
12 12 12 14
12 14 12 15
12 14 13 14
13 14 13 18
14 8 14 9
0 26 1 26
1 26 1 34
1 34 1 35
1 34 3 34
3 33 3 34
3 33 12 33
12 32 12 33
33 16 33 23
33 16 36 16
33 23 33 31
33 23 35 23
36 15 36 16
25 14 25 17
25 14 30 14
25 17 25 19
25 19 28 19
28 16 28 19
32 6 34 6
34 3 34 6
34 3 36 3
34 6 34 7
36 1 36 3
34 36 34 37
34 36 36 36
34 37 36 37
36 37 37 37
36 30 36 32
36 30 37 30
36 32 36 33
36 32 37 32
19 25 22 25
22 19 22 23
22 23 22 25
22 25 22 30
36 11 36 12
36 11 38 11
36 12 37 12
38 9 38 11
5 9 5 12
5 12 5 14
5 14 8 14
8 11 8 14
24 1 25 1
25 1 25 5
25 5 25 7
25 5 28 5
0 1 1 1
1 1 1 3
1 3 1 7
1 7 2 7
24 37 25 37
25 35 25 37
25 37 25 38
30 34 30 36
30 34 34 34
30 36 32 36
14 34 16 34
16 34 16 35
16 35 16 36
23 30 23 31
23 31 25 31
25 29 25 31
14 30 19 30
19 30 19 31
19 30 21 30
32 26 32 28
32 28 32 29
32 29 32 32
4 23 4 24
4 23 9 23
4 24 4 27
31 18 32 18
32 9 32 14
32 14 32 18
35 8 37 8
37 2 37 4
37 4 37 8
19 38 20 38
20 38 21 38
13 33 14 33
14 32 14 33
35 31 35 32
35 32 35 34
6 31 6 32
6 31 7 31
13 29 13 31
13 29 21 29
10 20 10 21
10 21 11 21
7 19 10 19
10 19 11 19
18 18 19 18
19 15 19 18
10 18 11 18
11 17 11 18
31 12 31 13
31 13 31 14
14 11 14 14
14 11 18 11
3 11 3 16
3 16 3 27
5 4 5 5
5 5 6 5
7 2 7 3
7 3 7 5
26 0 26 1
26 1 26 2
17 0 18 0
18 0 18 1
21 37 22 37
18 37 18 38
11 36 11 37
9 35 12 35
2 35 2 36
6 34 7 34
0 32 0 37
15 31 15 33
5 27 7 27
37 26 37 27
31 26 31 28
17 26 17 27
8 26 11 26
34 24 36 24
0 24 0 25
31 23 31 25
8 22 10 22
19 20 19 22
20 19 20 21
18 19 18 24
4 19 6 19
24 18 24 19
12 18 12 30
36 17 38 17
2 17 2 19
15 15 15 16
21 13 22 13
38 12 38 14
16 12 16 14
9 12 10 12
6 12 6 13
24 11 24 12
2 11 2 12
19 10 19 14
27 9 31 9
0 9 0 13
8 8 11 8
26 7 26 13
7 7 8 7
29 6 29 7
21 6 21 8
9 6 10 6
3 6 6 6
31 3 31 6
21 3 23 3
10 3 14 3
6 3 6 4
19 2 19 5
18
36 2 36 3
35 24 36 24
24 5 25 5
16 10 16 11
15 11 15 12
7 26 7 25
5 13 6 13
35 7 35 8
14 31 15 31
19 19 18 19
10 35 10 34
16 11 16 12
18 32 18 31
3 4 3 5
11 35 11 36
24 31 23 31
25 30 25 29
23 30 23 29
166
11 12 12 12
12 8 12 12
12 8 14 8
12 12 12 14
12 14 12 15
12 14 13 14
13 14 13 18
14 8 14 9
0 26 1 26
1 26 1 34
1 34 1 35
1 34 3 34
3 33 3 34
3 33 12 33
12 32 12 33
19 25 22 25
22 19 22 23
22 23 22 25
22 25 22 30
22 30 24 30
33 16 33 23
33 16 36 16
33 23 33 31
33 23 35 23
36 15 36 16
25 14 25 17
25 14 30 14
25 17 25 19
25 19 28 19
28 16 28 19
32 6 34 6
34 3 34 6
34 3 36 3
34 6 34 7
36 1 36 3
34 36 34 37
34 36 36 36
34 37 36 37
36 37 37 37
36 30 36 32
36 30 37 30
36 32 36 33
36 32 37 32
36 11 36 12
36 11 38 11
36 12 37 12
38 9 38 11
5 9 5 12
5 12 5 14
5 14 8 14
8 11 8 14
24 1 25 1
25 1 25 5
25 5 25 7
25 5 28 5
0 1 1 1
1 1 1 3
1 3 1 7
1 7 2 7
24 37 25 37
25 35 25 37
25 37 25 38
30 34 30 36
30 34 34 34
30 36 32 36
14 34 16 34
16 34 16 35
16 35 16 36
14 30 19 30
19 30 19 31
19 30 21 30
23 29 25 29
23 31 25 31
25 29 25 31
32 26 32 28
32 28 32 29
32 29 32 32
4 23 4 24
4 23 9 23
4 24 4 27
31 18 32 18
32 9 32 14
32 14 32 18
35 8 37 8
37 2 37 4
37 4 37 8
19 38 20 38
20 38 21 38
13 33 14 33
14 32 14 33
35 31 35 32
35 32 35 34
6 31 6 32
6 31 7 31
13 29 13 31
13 29 21 29
10 20 10 21
10 21 11 21
7 19 10 19
10 19 11 19
18 18 19 18
19 15 19 18
10 18 11 18
11 17 11 18
31 12 31 13
31 13 31 14
14 11 14 14
14 11 18 11
3 11 3 16
3 16 3 27
5 4 5 5
5 5 6 5
7 2 7 3
7 3 7 5
26 0 26 1
26 1 26 2
17 0 18 0
18 0 18 1
21 37 22 37
18 37 18 38
11 36 11 37
9 35 12 35
2 35 2 36
6 34 7 34
0 32 0 37
15 31 15 33
5 27 7 27
37 26 37 27
31 26 31 28
17 26 17 27
8 26 11 26
34 24 36 24
0 24 0 25
31 23 31 25
8 22 10 22
19 20 19 22
20 19 20 21
18 19 18 24
4 19 6 19
24 18 24 19
12 18 12 30
36 17 38 17
2 17 2 19
15 15 15 16
21 13 22 13
38 12 38 14
16 12 16 14
9 12 10 12
6 12 6 13
24 11 24 12
2 11 2 12
19 10 19 14
27 9 31 9
0 9 0 13
8 8 11 8
26 7 26 13
7 7 8 7
29 6 29 7
21 6 21 8
9 6 10 6
3 6 6 6
31 3 31 6
21 3 23 3
10 3 14 3
6 3 6 4
19 2 19 5
19
36 2 36 3
35 24 36 24
24 5 25 5
16 10 16 11
15 11 15 12
7 26 7 25
5 13 6 13
35 7 35 8
14 31 15 31
19 19 18 19
10 35 10 34
16 11 16 12
18 32 18 31
3 4 3 5
11 35 11 36
24 31 23 31
25 30 25 29
23 30 23 29
19 31 20 31
165
11 12 12 12
12 8 12 12
12 8 14 8
12 12 12 14
12 14 12 15
12 14 13 14
13 14 13 18
14 8 14 9
0 26 1 26
1 26 1 34
1 34 1 35
1 34 3 34
3 33 3 34
3 33 12 33
12 32 12 33
19 25 22 25
22 19 22 23
22 23 22 25
22 25 22 30
22 30 24 30
33 16 33 23
33 16 36 16
33 23 33 31
33 23 35 23
36 15 36 16
25 14 25 17
25 14 30 14
25 17 25 19
25 19 28 19
28 16 28 19
32 6 34 6
34 3 34 6
34 3 36 3
34 6 34 7
36 1 36 3
34 36 34 37
34 36 36 36
34 37 36 37
36 37 37 37
36 30 36 32
36 30 37 30
36 32 36 33
36 32 37 32
36 11 36 12
36 11 38 11
36 12 37 12
38 9 38 11
5 9 5 12
5 12 5 14
5 14 8 14
8 11 8 14
24 1 25 1
25 1 25 5
25 5 25 7
25 5 28 5
0 1 1 1
1 1 1 3
1 3 1 7
1 7 2 7
24 37 25 37
25 35 25 37
25 37 25 38
30 34 30 36
30 34 34 34
30 36 32 36
14 34 16 34
16 34 16 35
16 35 16 36
23 29 25 29
23 31 25 31
25 29 25 31
32 26 32 28
32 28 32 29
32 29 32 32
4 23 4 24
4 23 9 23
4 24 4 27
31 18 32 18
32 9 32 14
32 14 32 18
35 8 37 8
37 2 37 4
37 4 37 8
19 38 20 38
20 38 21 38
13 33 14 33
14 32 14 33
35 31 35 32
35 32 35 34
6 31 6 32
6 31 7 31
14 30 19 30
19 30 21 30
13 29 13 31
13 29 21 29
10 20 10 21
10 21 11 21
7 19 10 19
10 19 11 19
18 18 19 18
19 15 19 18
10 18 11 18
11 17 11 18
31 12 31 13
31 13 31 14
14 11 14 14
14 11 18 11
3 11 3 16
3 16 3 27
5 4 5 5
5 5 6 5
7 2 7 3
7 3 7 5
26 0 26 1
26 1 26 2
17 0 18 0
18 0 18 1
21 37 22 37
18 37 18 38
11 36 11 37
9 35 12 35
2 35 2 36
6 34 7 34
0 32 0 37
15 31 15 33
5 27 7 27
37 26 37 27
31 26 31 28
17 26 17 27
8 26 11 26
34 24 36 24
0 24 0 25
31 23 31 25
8 22 10 22
19 20 19 22
20 19 20 21
18 19 18 24
4 19 6 19
24 18 24 19
12 18 12 30
36 17 38 17
2 17 2 19
15 15 15 16
21 13 22 13
38 12 38 14
16 12 16 14
9 12 10 12
6 12 6 13
24 11 24 12
2 11 2 12
19 10 19 14
27 9 31 9
0 9 0 13
8 8 11 8
26 7 26 13
7 7 8 7
29 6 29 7
21 6 21 8
9 6 10 6
3 6 6 6
31 3 31 6
21 3 23 3
10 3 14 3
6 3 6 4
19 2 19 5
20
36 2 36 3
35 24 36 24
24 5 25 5
16 10 16 11
15 11 15 12
7 26 7 25
5 13 6 13
35 7 35 8
14 31 15 31
19 19 18 19
10 35 10 34
16 11 16 12
18 32 18 31
3 4 3 5
11 35 11 36
24 31 23 31
25 30 25 29
23 30 23 29
19 31 20 31
18 33 18 34
166
11 12 12 12
12 8 12 12
12 8 14 8
12 12 12 14
12 14 12 15
12 14 13 14
13 14 13 18
14 8 14 9
0 26 1 26
1 26 1 34
1 34 1 35
1 34 3 34
3 33 3 34
3 33 12 33
12 32 12 33
19 25 22 25
22 19 22 23
22 23 22 25
22 25 22 30
22 30 24 30
33 16 33 23
33 16 36 16
33 23 33 31
33 23 35 23
36 15 36 16
25 14 25 17
25 14 30 14
25 17 25 19
25 19 28 19
28 16 28 19
32 6 34 6
34 3 34 6
34 3 36 3
34 6 34 7
36 1 36 3
34 36 34 37
34 36 36 36
34 37 36 37
36 37 37 37
18 34 30 34
30 34 30 36
30 34 34 34
30 36 32 36
36 30 36 32
36 30 37 30
36 32 36 33
36 32 37 32
36 11 36 12
36 11 38 11
36 12 37 12
38 9 38 11
5 9 5 12
5 12 5 14
5 14 8 14
8 11 8 14
24 1 25 1
25 1 25 5
25 5 25 7
25 5 28 5
0 1 1 1
1 1 1 3
1 3 1 7
1 7 2 7
24 37 25 37
25 35 25 37
25 37 25 38
14 34 16 34
16 34 16 35
16 35 16 36
23 29 25 29
23 31 25 31
25 29 25 31
32 26 32 28
32 28 32 29
32 29 32 32
4 23 4 24
4 23 9 23
4 24 4 27
31 18 32 18
32 9 32 14
32 14 32 18
35 8 37 8
37 2 37 4
37 4 37 8
19 38 20 38
20 38 21 38
13 33 14 33
14 32 14 33
35 31 35 32
35 32 35 34
6 31 6 32
6 31 7 31
14 30 19 30
19 30 21 30
13 29 13 31
13 29 21 29
10 20 10 21
10 21 11 21
7 19 10 19
10 19 11 19
18 18 19 18
19 15 19 18
10 18 11 18
11 17 11 18
31 12 31 13
31 13 31 14
14 11 14 14
14 11 18 11
3 11 3 16
3 16 3 27
5 4 5 5
5 5 6 5
7 2 7 3
7 3 7 5
26 0 26 1
26 1 26 2
17 0 18 0
18 0 18 1
21 37 22 37
18 37 18 38
11 36 11 37
9 35 12 35
2 35 2 36
6 34 7 34
0 32 0 37
15 31 15 33
5 27 7 27
37 26 37 27
31 26 31 28
17 26 17 27
8 26 11 26
34 24 36 24
0 24 0 25
31 23 31 25
8 22 10 22
19 20 19 22
20 19 20 21
18 19 18 24
4 19 6 19
24 18 24 19
12 18 12 30
36 17 38 17
2 17 2 19
15 15 15 16
21 13 22 13
38 12 38 14
16 12 16 14
9 12 10 12
6 12 6 13
24 11 24 12
2 11 2 12
19 10 19 14
27 9 31 9
0 9 0 13
8 8 11 8
26 7 26 13
7 7 8 7
29 6 29 7
21 6 21 8
9 6 10 6
3 6 6 6
31 3 31 6
21 3 23 3
10 3 14 3
6 3 6 4
19 2 19 5
21
36 2 36 3
35 24 36 24
24 5 25 5
16 10 16 11
15 11 15 12
7 26 7 25
5 13 6 13
35 7 35 8
14 31 15 31
19 19 18 19
10 35 10 34
16 11 16 12
18 32 18 31
3 4 3 5
11 35 11 36
24 31 23 31
25 30 25 29
23 30 23 29
19 31 20 31
18 33 18 34
21 30 21 31
166
11 12 12 12
12 8 12 12
12 8 14 8
12 12 12 14
12 14 12 15
12 14 13 14
13 14 13 18
14 8 14 9
0 26 1 26
1 26 1 34
1 34 1 35
1 34 3 34
3 33 3 34
3 33 12 33
12 32 12 33
19 25 22 25
22 19 22 23
22 23 22 25
22 25 22 30
22 30 24 30
33 16 33 23
33 16 36 16
33 23 33 31
33 23 35 23
36 15 36 16
25 14 25 17
25 14 30 14
25 17 25 19
25 19 28 19
28 16 28 19
32 6 34 6
34 3 34 6
34 3 36 3
34 6 34 7
36 1 36 3
34 36 34 37
34 36 36 36
34 37 36 37
36 37 37 37
18 34 30 34
30 34 30 36
30 34 34 34
30 36 32 36
36 30 36 32
36 30 37 30
36 32 36 33
36 32 37 32
36 11 36 12
36 11 38 11
36 12 37 12
38 9 38 11
5 9 5 12
5 12 5 14
5 14 8 14
8 11 8 14
24 1 25 1
25 1 25 5
25 5 25 7
25 5 28 5
0 1 1 1
1 1 1 3
1 3 1 7
1 7 2 7
24 37 25 37
25 35 25 37
25 37 25 38
14 34 16 34
16 34 16 35
16 35 16 36
23 29 25 29
23 31 25 31
25 29 25 31
32 26 32 28
32 28 32 29
32 29 32 32
4 23 4 24
4 23 9 23
4 24 4 27
31 18 32 18
32 9 32 14
32 14 32 18
35 8 37 8
37 2 37 4
37 4 37 8
19 38 20 38
20 38 21 38
13 33 14 33
14 32 14 33
35 31 35 32
35 32 35 34
6 31 6 32
6 31 7 31
13 29 13 31
13 29 21 29
10 20 10 21
10 21 11 21
7 19 10 19
10 19 11 19
18 18 19 18
19 15 19 18
10 18 11 18
11 17 11 18
31 12 31 13
31 13 31 14
14 11 14 14
14 11 18 11
3 11 3 16
3 16 3 27
5 4 5 5
5 5 6 5
7 2 7 3
7 3 7 5
26 0 26 1
26 1 26 2
17 0 18 0
18 0 18 1
21 37 22 37
18 37 18 38
11 36 11 37
9 35 12 35
2 35 2 36
6 34 7 34
0 32 0 37
20 31 21 31
15 31 15 33
14 30 19 30
5 27 7 27
37 26 37 27
31 26 31 28
17 26 17 27
8 26 11 26
34 24 36 24
0 24 0 25
31 23 31 25
8 22 10 22
19 20 19 22
20 19 20 21
18 19 18 24
4 19 6 19
24 18 24 19
12 18 12 30
36 17 38 17
2 17 2 19
15 15 15 16
21 13 22 13
38 12 38 14
16 12 16 14
9 12 10 12
6 12 6 13
24 11 24 12
2 11 2 12
19 10 19 14
27 9 31 9
0 9 0 13
8 8 11 8
26 7 26 13
7 7 8 7
29 6 29 7
21 6 21 8
9 6 10 6
3 6 6 6
31 3 31 6
21 3 23 3
10 3 14 3
6 3 6 4
19 2 19 5
22
36 2 36 3
35 24 36 24
24 5 25 5
16 10 16 11
15 11 15 12
7 26 7 25
5 13 6 13
35 7 35 8
14 31 15 31
19 19 18 19
10 35 10 34
16 11 16 12
18 32 18 31
3 4 3 5
11 35 11 36
24 31 23 31
25 30 25 29
23 30 23 29
19 31 20 31
18 33 18 34
21 30 21 31
13 33 13 32
166
11 12 12 12
12 8 12 12
12 8 14 8
12 12 12 14
12 14 12 15
12 14 13 14
13 14 13 18
14 8 14 9
0 26 1 26
1 26 1 34
1 34 1 35
1 34 3 34
3 33 3 34
3 33 12 33
12 32 12 33
19 25 22 25
22 19 22 23
22 23 22 25
22 25 22 30
22 30 24 30
33 16 33 23
33 16 36 16
33 23 33 31
33 23 35 23
36 15 36 16
25 14 25 17
25 14 30 14
25 17 25 19
25 19 28 19
28 16 28 19
32 6 34 6
34 3 34 6
34 3 36 3
34 6 34 7
36 1 36 3
34 36 34 37
34 36 36 36
34 37 36 37
36 37 37 37
18 34 30 34
30 34 30 36
30 34 34 34
30 36 32 36
36 30 36 32
36 30 37 30
36 32 36 33
36 32 37 32
36 11 36 12
36 11 38 11
36 12 37 12
38 9 38 11
5 9 5 12
5 12 5 14
5 14 8 14
8 11 8 14
24 1 25 1
25 1 25 5
25 5 25 7
25 5 28 5
0 1 1 1
1 1 1 3
1 3 1 7
1 7 2 7
24 37 25 37
25 35 25 37
25 37 25 38
14 34 16 34
16 34 16 35
16 35 16 36
23 29 25 29
23 31 25 31
25 29 25 31
32 26 32 28
32 28 32 29
32 29 32 32
4 23 4 24
4 23 9 23
4 24 4 27
31 18 32 18
32 9 32 14
32 14 32 18
35 8 37 8
37 2 37 4
37 4 37 8
19 38 20 38
20 38 21 38
13 32 14 32
14 32 14 33
35 31 35 32
35 32 35 34
6 31 6 32
6 31 7 31
13 29 13 31
13 29 21 29
10 20 10 21
10 21 11 21
7 19 10 19
10 19 11 19
18 18 19 18
19 15 19 18
10 18 11 18
11 17 11 18
31 12 31 13
31 13 31 14
14 11 14 14
14 11 18 11
3 11 3 16
3 16 3 27
5 4 5 5
5 5 6 5
7 2 7 3
7 3 7 5
26 0 26 1
26 1 26 2
17 0 18 0
18 0 18 1
21 37 22 37
18 37 18 38
11 36 11 37
9 35 12 35
2 35 2 36
6 34 7 34
0 32 0 37
20 31 21 31
15 31 15 33
14 30 19 30
5 27 7 27
37 26 37 27
31 26 31 28
17 26 17 27
8 26 11 26
34 24 36 24
0 24 0 25
31 23 31 25
8 22 10 22
19 20 19 22
20 19 20 21
18 19 18 24
4 19 6 19
24 18 24 19
12 18 12 30
36 17 38 17
2 17 2 19
15 15 15 16
21 13 22 13
38 12 38 14
16 12 16 14
9 12 10 12
6 12 6 13
24 11 24 12
2 11 2 12
19 10 19 14
27 9 31 9
0 9 0 13
8 8 11 8
26 7 26 13
7 7 8 7
29 6 29 7
21 6 21 8
9 6 10 6
3 6 6 6
31 3 31 6
21 3 23 3
10 3 14 3
6 3 6 4
19 2 19 5
23
36 2 36 3
35 24 36 24
24 5 25 5
16 10 16 11
15 11 15 12
7 26 7 25
5 13 6 13
35 7 35 8
14 31 15 31
19 19 18 19
10 35 10 34
16 11 16 12
18 32 18 31
3 4 3 5
11 35 11 36
24 31 23 31
25 30 25 29
23 30 23 29
19 31 20 31
18 33 18 34
21 30 21 31
13 33 13 32
14 32 15 32
164
11 12 12 12
12 8 12 12
12 8 14 8
12 12 12 14
12 14 12 15
12 14 13 14
13 14 13 18
14 8 14 9
0 26 1 26
1 26 1 34
1 34 1 35
1 34 3 34
3 33 3 34
3 33 12 33
12 32 12 33
19 25 22 25
22 19 22 23
22 23 22 25
22 25 22 30
22 30 24 30
33 16 33 23
33 16 36 16
33 23 33 31
33 23 35 23
36 15 36 16
25 14 25 17
25 14 30 14
25 17 25 19
25 19 28 19
28 16 28 19
32 6 34 6
34 3 34 6
34 3 36 3
34 6 34 7
36 1 36 3
34 36 34 37
34 36 36 36
34 37 36 37
36 37 37 37
18 34 30 34
30 34 30 36
30 34 34 34
30 36 32 36
36 30 36 32
36 30 37 30
36 32 36 33
36 32 37 32
36 11 36 12
36 11 38 11
36 12 37 12
38 9 38 11
5 9 5 12
5 12 5 14
5 14 8 14
8 11 8 14
24 1 25 1
25 1 25 5
25 5 25 7
25 5 28 5
0 1 1 1
1 1 1 3
1 3 1 7
1 7 2 7
24 37 25 37
25 35 25 37
25 37 25 38
14 34 16 34
16 34 16 35
16 35 16 36
23 29 25 29
23 31 25 31
25 29 25 31
32 26 32 28
32 28 32 29
32 29 32 32
4 23 4 24
4 23 9 23
4 24 4 27
31 18 32 18
32 9 32 14
32 14 32 18
35 8 37 8
37 2 37 4
37 4 37 8
19 38 20 38
20 38 21 38
35 31 35 32
35 32 35 34
6 31 6 32
6 31 7 31
13 29 13 31
13 29 21 29
10 20 10 21
10 21 11 21
7 19 10 19
10 19 11 19
18 18 19 18
19 15 19 18
10 18 11 18
11 17 11 18
31 12 31 13
31 13 31 14
14 11 14 14
14 11 18 11
3 11 3 16
3 16 3 27
5 4 5 5
5 5 6 5
7 2 7 3
7 3 7 5
26 0 26 1
26 1 26 2
17 0 18 0
18 0 18 1
21 37 22 37
18 37 18 38
11 36 11 37
9 35 12 35
2 35 2 36
6 34 7 34
13 32 15 32
0 32 0 37
20 31 21 31
14 30 19 30
5 27 7 27
37 26 37 27
31 26 31 28
17 26 17 27
8 26 11 26
34 24 36 24
0 24 0 25
31 23 31 25
8 22 10 22
19 20 19 22
20 19 20 21
18 19 18 24
4 19 6 19
24 18 24 19
12 18 12 30
36 17 38 17
2 17 2 19
15 15 15 16
21 13 22 13
38 12 38 14
16 12 16 14
9 12 10 12
6 12 6 13
24 11 24 12
2 11 2 12
19 10 19 14
27 9 31 9
0 9 0 13
8 8 11 8
26 7 26 13
7 7 8 7
29 6 29 7
21 6 21 8
9 6 10 6
3 6 6 6
31 3 31 6
21 3 23 3
10 3 14 3
6 3 6 4
19 2 19 5
24
36 2 36 3
35 24 36 24
24 5 25 5
16 10 16 11
15 11 15 12
7 26 7 25
5 13 6 13
35 7 35 8
14 31 15 31
19 19 18 19
10 35 10 34
16 11 16 12
18 32 18 31
3 4 3 5
11 35 11 36
24 31 23 31
25 30 25 29
23 30 23 29
19 31 20 31
18 33 18 34
21 30 21 31
13 33 13 32
14 32 15 32
24 11 24 10
165
11 12 12 12
12 8 12 12
12 8 14 8
12 12 12 14
12 14 12 15
12 14 13 14
13 14 13 18
14 8 14 9
0 26 1 26
1 26 1 34
1 34 1 35
1 34 3 34
3 33 3 34
3 33 12 33
12 32 12 33
19 25 22 25
22 19 22 23
22 23 22 25
22 25 22 30
22 30 24 30
33 16 33 23
33 16 36 16
33 23 33 31
33 23 35 23
36 15 36 16
25 14 25 17
25 14 30 14
25 17 25 19
25 19 28 19
28 16 28 19
32 6 34 6
34 3 34 6
34 3 36 3
34 6 34 7
36 1 36 3
34 36 34 37
34 36 36 36
34 37 36 37
36 37 37 37
18 34 30 34
30 34 30 36
30 34 34 34
30 36 32 36
36 30 36 32
36 30 37 30
36 32 36 33
36 32 37 32
36 11 36 12
36 11 38 11
36 12 37 12
38 9 38 11
5 9 5 12
5 12 5 14
5 14 8 14
8 11 8 14
24 1 25 1
25 1 25 5
25 5 25 7
25 5 28 5
0 1 1 1
1 1 1 3
1 3 1 7
1 7 2 7
24 37 25 37
25 35 25 37
25 37 25 38
14 34 16 34
16 34 16 35
16 35 16 36
23 29 25 29
23 31 25 31
25 29 25 31
32 26 32 28
32 28 32 29
32 29 32 32
4 23 4 24
4 23 9 23
4 24 4 27
31 18 32 18
32 9 32 14
32 14 32 18
35 8 37 8
37 2 37 4
37 4 37 8
19 38 20 38
20 38 21 38
35 31 35 32
35 32 35 34
6 31 6 32
6 31 7 31
13 29 13 31
13 29 21 29
10 20 10 21
10 21 11 21
7 19 10 19
10 19 11 19
18 18 19 18
19 15 19 18
10 18 11 18
11 17 11 18
31 12 31 13
31 13 31 14
14 11 14 14
14 11 18 11
3 11 3 16
3 16 3 27
23 10 24 10
24 10 24 12
5 4 5 5
5 5 6 5
7 2 7 3
7 3 7 5
26 0 26 1
26 1 26 2
17 0 18 0
18 0 18 1
21 37 22 37
18 37 18 38
11 36 11 37
9 35 12 35
2 35 2 36
6 34 7 34
13 32 15 32
0 32 0 37
20 31 21 31
14 30 19 30
5 27 7 27
37 26 37 27
31 26 31 28
17 26 17 27
8 26 11 26
34 24 36 24
0 24 0 25
31 23 31 25
8 22 10 22
19 20 19 22
20 19 20 21
18 19 18 24
4 19 6 19
24 18 24 19
12 18 12 30
36 17 38 17
2 17 2 19
15 15 15 16
21 13 22 13
38 12 38 14
16 12 16 14
9 12 10 12
6 12 6 13
2 11 2 12
19 10 19 14
27 9 31 9
0 9 0 13
8 8 11 8
26 7 26 13
7 7 8 7
29 6 29 7
21 6 21 8
9 6 10 6
3 6 6 6
31 3 31 6
21 3 23 3
10 3 14 3
6 3 6 4
19 2 19 5
25
36 2 36 3
35 24 36 24
24 5 25 5
16 10 16 11
15 11 15 12
7 26 7 25
5 13 6 13
35 7 35 8
14 31 15 31
19 19 18 19
10 35 10 34
16 11 16 12
18 32 18 31
3 4 3 5
11 35 11 36
24 31 23 31
25 30 25 29
23 30 23 29
19 31 20 31
18 33 18 34
21 30 21 31
13 33 13 32
14 32 15 32
24 11 24 10
36 12 36 13
164
11 12 12 12
12 8 12 12
12 8 14 8
12 12 12 14
12 14 12 15
12 14 13 14
13 14 13 18
14 8 14 9
0 26 1 26
1 26 1 34
1 34 1 35
1 34 3 34
3 33 3 34
3 33 12 33
12 32 12 33
19 25 22 25
22 19 22 23
22 23 22 25
22 25 22 30
22 30 24 30
33 16 33 23
33 16 36 16
33 23 33 31
33 23 35 23
36 15 36 16
25 14 25 17
25 14 30 14
25 17 25 19
25 19 28 19
28 16 28 19
32 6 34 6
34 3 34 6
34 3 36 3
34 6 34 7
36 1 36 3
34 36 34 37
34 36 36 36
34 37 36 37
36 37 37 37
18 34 30 34
30 34 30 36
30 34 34 34
30 36 32 36
36 30 36 32
36 30 37 30
36 32 36 33
36 32 37 32
5 9 5 12
5 12 5 14
5 14 8 14
8 11 8 14
24 1 25 1
25 1 25 5
25 5 25 7
25 5 28 5
0 1 1 1
1 1 1 3
1 3 1 7
1 7 2 7
24 37 25 37
25 35 25 37
25 37 25 38
14 34 16 34
16 34 16 35
16 35 16 36
23 29 25 29
23 31 25 31
25 29 25 31
32 26 32 28
32 28 32 29
32 29 32 32
4 23 4 24
4 23 9 23
4 24 4 27
36 11 36 13
36 11 38 11
38 9 38 11
31 18 32 18
32 9 32 14
32 14 32 18
35 8 37 8
37 2 37 4
37 4 37 8
19 38 20 38
20 38 21 38
35 31 35 32
35 32 35 34
6 31 6 32
6 31 7 31
13 29 13 31
13 29 21 29
10 20 10 21
10 21 11 21
7 19 10 19
10 19 11 19
18 18 19 18
19 15 19 18
10 18 11 18
11 17 11 18
31 12 31 13
31 13 31 14
14 11 14 14
14 11 18 11
3 11 3 16
3 16 3 27
23 10 24 10
24 10 24 12
5 4 5 5
5 5 6 5
7 2 7 3
7 3 7 5
26 0 26 1
26 1 26 2
17 0 18 0
18 0 18 1
21 37 22 37
18 37 18 38
11 36 11 37
9 35 12 35
2 35 2 36
6 34 7 34
13 32 15 32
0 32 0 37
20 31 21 31
14 30 19 30
5 27 7 27
37 26 37 27
31 26 31 28
17 26 17 27
8 26 11 26
34 24 36 24
0 24 0 25
31 23 31 25
8 22 10 22
19 20 19 22
20 19 20 21
18 19 18 24
4 19 6 19
24 18 24 19
12 18 12 30
36 17 38 17
2 17 2 19
15 15 15 16
21 13 22 13
38 12 38 14
16 12 16 14
9 12 10 12
6 12 6 13
2 11 2 12
19 10 19 14
27 9 31 9
0 9 0 13
8 8 11 8
26 7 26 13
7 7 8 7
29 6 29 7
21 6 21 8
9 6 10 6
3 6 6 6
31 3 31 6
21 3 23 3
10 3 14 3
6 3 6 4
19 2 19 5
26
36 2 36 3
35 24 36 24
24 5 25 5
16 10 16 11
15 11 15 12
7 26 7 25
5 13 6 13
35 7 35 8
14 31 15 31
19 19 18 19
10 35 10 34
16 11 16 12
18 32 18 31
3 4 3 5
11 35 11 36
24 31 23 31
25 30 25 29
23 30 23 29
19 31 20 31
18 33 18 34
21 30 21 31
13 33 13 32
14 32 15 32
24 11 24 10
36 12 36 13
12 32 11 32
163
11 12 12 12
12 8 12 12
12 8 14 8
12 12 12 14
12 14 12 15
12 14 13 14
13 14 13 18
14 8 14 9
0 26 1 26
1 26 1 34
1 34 1 35
1 34 3 34
3 33 3 34
3 33 12 33
19 25 22 25
22 19 22 23
22 23 22 25
22 25 22 30
22 30 24 30
33 16 33 23
33 16 36 16
33 23 33 31
33 23 35 23
36 15 36 16
25 14 25 17
25 14 30 14
25 17 25 19
25 19 28 19
28 16 28 19
32 6 34 6
34 3 34 6
34 3 36 3
34 6 34 7
36 1 36 3
34 36 34 37
34 36 36 36
34 37 36 37
36 37 37 37
18 34 30 34
30 34 30 36
30 34 34 34
30 36 32 36
36 30 36 32
36 30 37 30
36 32 36 33
36 32 37 32
5 9 5 12
5 12 5 14
5 14 8 14
8 11 8 14
24 1 25 1
25 1 25 5
25 5 25 7
25 5 28 5
0 1 1 1
1 1 1 3
1 3 1 7
1 7 2 7
24 37 25 37
25 35 25 37
25 37 25 38
14 34 16 34
16 34 16 35
16 35 16 36
23 29 25 29
23 31 25 31
25 29 25 31
32 26 32 28
32 28 32 29
32 29 32 32
4 23 4 24
4 23 9 23
4 24 4 27
36 11 36 13
36 11 38 11
38 9 38 11
31 18 32 18
32 9 32 14
32 14 32 18
35 8 37 8
37 2 37 4
37 4 37 8
19 38 20 38
20 38 21 38
35 31 35 32
35 32 35 34
6 31 6 32
6 31 7 31
13 29 13 31
13 29 21 29
10 20 10 21
10 21 11 21
7 19 10 19
10 19 11 19
18 18 19 18
19 15 19 18
10 18 11 18
11 17 11 18
31 12 31 13
31 13 31 14
14 11 14 14
14 11 18 11
3 11 3 16
3 16 3 27
23 10 24 10
24 10 24 12
5 4 5 5
5 5 6 5
7 2 7 3
7 3 7 5
26 0 26 1
26 1 26 2
17 0 18 0
18 0 18 1
21 37 22 37
18 37 18 38
11 36 11 37
9 35 12 35
2 35 2 36
6 34 7 34
13 32 15 32
0 32 0 37
20 31 21 31
14 30 19 30
5 27 7 27
37 26 37 27
31 26 31 28
17 26 17 27
8 26 11 26
34 24 36 24
0 24 0 25
31 23 31 25
8 22 10 22
19 20 19 22
20 19 20 21
18 19 18 24
4 19 6 19
24 18 24 19
12 18 12 30
36 17 38 17
2 17 2 19
15 15 15 16
21 13 22 13
38 12 38 14
16 12 16 14
9 12 10 12
6 12 6 13
2 11 2 12
19 10 19 14
27 9 31 9
0 9 0 13
8 8 11 8
26 7 26 13
7 7 8 7
29 6 29 7
21 6 21 8
9 6 10 6
3 6 6 6
31 3 31 6
21 3 23 3
10 3 14 3
6 3 6 4
19 2 19 5
27
36 2 36 3
35 24 36 24
24 5 25 5
16 10 16 11
15 11 15 12
7 26 7 25
5 13 6 13
35 7 35 8
14 31 15 31
19 19 18 19
10 35 10 34
16 11 16 12
18 32 18 31
3 4 3 5
11 35 11 36
24 31 23 31
25 30 25 29
23 30 23 29
19 31 20 31
18 33 18 34
21 30 21 31
13 33 13 32
14 32 15 32
24 11 24 10
36 12 36 13
12 32 11 32
14 33 14 32
165
11 12 12 12
12 8 12 12
12 8 14 8
12 12 12 14
12 14 12 15
12 14 13 14
13 14 13 18
14 8 14 9
0 26 1 26
1 26 1 34
1 34 1 35
1 34 3 34
3 33 3 34
3 33 12 33
12 33 15 33
19 25 22 25
22 19 22 23
22 23 22 25
22 25 22 30
22 30 24 30
33 16 33 23
33 16 36 16
33 23 33 31
33 23 35 23
36 15 36 16
25 14 25 17
25 14 30 14
25 17 25 19
25 19 28 19
28 16 28 19
32 6 34 6
34 3 34 6
34 3 36 3
34 6 34 7
36 1 36 3
34 36 34 37
34 36 36 36
34 37 36 37
36 37 37 37
18 34 30 34
30 34 30 36
30 34 34 34
30 36 32 36
36 30 36 32
36 30 37 30
36 32 36 33
36 32 37 32
5 9 5 12
5 12 5 14
5 14 8 14
8 11 8 14
24 1 25 1
25 1 25 5
25 5 25 7
25 5 28 5
0 1 1 1
1 1 1 3
1 3 1 7
1 7 2 7
24 37 25 37
25 35 25 37
25 37 25 38
14 34 16 34
16 34 16 35
16 35 16 36
23 29 25 29
23 31 25 31
25 29 25 31
32 26 32 28
32 28 32 29
32 29 32 32
4 23 4 24
4 23 9 23
4 24 4 27
36 11 36 13
36 11 38 11
38 9 38 11
31 18 32 18
32 9 32 14
32 14 32 18
35 8 37 8
37 2 37 4
37 4 37 8
19 38 20 38
20 38 21 38
13 32 14 32
14 32 15 32
35 31 35 32
35 32 35 34
6 31 6 32
6 31 7 31
13 29 13 31
13 29 21 29
10 20 10 21
10 21 11 21
7 19 10 19
10 19 11 19
18 18 19 18
19 15 19 18
10 18 11 18
11 17 11 18
31 12 31 13
31 13 31 14
14 11 14 14
14 11 18 11
3 11 3 16
3 16 3 27
23 10 24 10
24 10 24 12
5 4 5 5
5 5 6 5
7 2 7 3
7 3 7 5
26 0 26 1
26 1 26 2
17 0 18 0
18 0 18 1
21 37 22 37
18 37 18 38
11 36 11 37
9 35 12 35
2 35 2 36
6 34 7 34
0 32 0 37
20 31 21 31
14 30 19 30
5 27 7 27
37 26 37 27
31 26 31 28
17 26 17 27
8 26 11 26
34 24 36 24
0 24 0 25
31 23 31 25
8 22 10 22
19 20 19 22
20 19 20 21
18 19 18 24
4 19 6 19
24 18 24 19
12 18 12 30
36 17 38 17
2 17 2 19
15 15 15 16
21 13 22 13
38 12 38 14
16 12 16 14
9 12 10 12
6 12 6 13
2 11 2 12
19 10 19 14
27 9 31 9
0 9 0 13
8 8 11 8
26 7 26 13
7 7 8 7
29 6 29 7
21 6 21 8
9 6 10 6
3 6 6 6
31 3 31 6
21 3 23 3
10 3 14 3
6 3 6 4
19 2 19 5
28
36 2 36 3
35 24 36 24
24 5 25 5
16 10 16 11
15 11 15 12
7 26 7 25
5 13 6 13
35 7 35 8
14 31 15 31
19 19 18 19
10 35 10 34
16 11 16 12
18 32 18 31
3 4 3 5
11 35 11 36
24 31 23 31
25 30 25 29
23 30 23 29
19 31 20 31
18 33 18 34
21 30 21 31
13 33 13 32
14 32 15 32
24 11 24 10
36 12 36 13
12 32 11 32
14 33 14 32
15 32 16 32
165
0 26 1 26
1 26 1 34
1 34 1 35
1 34 3 34
3 33 3 34
3 33 12 33
12 33 15 33
15 31 15 33
11 12 12 12
12 8 12 12
12 8 14 8
12 12 12 14
12 14 12 15
12 14 13 14
13 14 13 18
14 8 14 9
19 25 22 25
22 19 22 23
22 23 22 25
22 25 22 30
22 30 24 30
33 16 33 23
33 16 36 16
33 23 33 31
33 23 35 23
36 15 36 16
25 14 25 17
25 14 30 14
25 17 25 19
25 19 28 19
28 16 28 19
32 6 34 6
34 3 34 6
34 3 36 3
34 6 34 7
36 1 36 3
34 36 34 37
34 36 36 36
34 37 36 37
36 37 37 37
18 34 30 34
30 34 30 36
30 34 34 34
30 36 32 36
36 30 36 32
36 30 37 30
36 32 36 33
36 32 37 32
5 9 5 12
5 12 5 14
5 14 8 14
8 11 8 14
24 1 25 1
25 1 25 5
25 5 25 7
25 5 28 5
0 1 1 1
1 1 1 3
1 3 1 7
1 7 2 7
24 37 25 37
25 35 25 37
25 37 25 38
14 34 16 34
16 34 16 35
16 35 16 36
23 29 25 29
23 31 25 31
25 29 25 31
32 26 32 28
32 28 32 29
32 29 32 32
4 23 4 24
4 23 9 23
4 24 4 27
36 11 36 13
36 11 38 11
38 9 38 11
31 18 32 18
32 9 32 14
32 14 32 18
35 8 37 8
37 2 37 4
37 4 37 8
19 38 20 38
20 38 21 38
35 31 35 32
35 32 35 34
6 31 6 32
6 31 7 31
13 29 13 31
13 29 21 29
10 20 10 21
10 21 11 21
7 19 10 19
10 19 11 19
18 18 19 18
19 15 19 18
10 18 11 18
11 17 11 18
31 12 31 13
31 13 31 14
14 11 14 14
14 11 18 11
3 11 3 16
3 16 3 27
23 10 24 10
24 10 24 12
5 4 5 5
5 5 6 5
7 2 7 3
7 3 7 5
26 0 26 1
26 1 26 2
17 0 18 0
18 0 18 1
21 37 22 37
18 37 18 38
11 36 11 37
9 35 12 35
2 35 2 36
6 34 7 34
13 32 14 32
0 32 0 37
20 31 21 31
14 30 19 30
5 27 7 27
37 26 37 27
31 26 31 28
17 26 17 27
8 26 11 26
34 24 36 24
0 24 0 25
31 23 31 25
8 22 10 22
19 20 19 22
20 19 20 21
18 19 18 24
4 19 6 19
24 18 24 19
12 18 12 30
36 17 38 17
2 17 2 19
15 15 15 16
21 13 22 13
38 12 38 14
16 12 16 14
9 12 10 12
6 12 6 13
2 11 2 12
19 10 19 14
27 9 31 9
0 9 0 13
8 8 11 8
26 7 26 13
7 7 8 7
29 6 29 7
21 6 21 8
9 6 10 6
3 6 6 6
31 3 31 6
21 3 23 3
10 3 14 3
6 3 6 4
19 2 19 5
29
36 2 36 3
35 24 36 24
24 5 25 5
16 10 16 11
15 11 15 12
7 26 7 25
5 13 6 13
35 7 35 8
14 31 15 31
19 19 18 19
10 35 10 34
16 11 16 12
18 32 18 31
3 4 3 5
11 35 11 36
24 31 23 31
25 30 25 29
23 30 23 29
19 31 20 31
18 33 18 34
21 30 21 31
13 33 13 32
14 32 15 32
24 11 24 10
36 12 36 13
12 32 11 32
14 33 14 32
15 32 16 32
13 31 12 31
163
0 26 1 26
1 26 1 34
1 34 1 35
1 34 3 34
3 33 3 34
3 33 12 33
12 33 15 33
15 31 15 33
11 12 12 12
12 8 12 12
12 8 14 8
12 12 12 14
12 14 12 15
12 14 13 14
13 14 13 18
14 8 14 9
19 25 22 25
22 19 22 23
22 23 22 25
22 25 22 30
22 30 24 30
33 16 33 23
33 16 36 16
33 23 33 31
33 23 35 23
36 15 36 16
25 14 25 17
25 14 30 14
25 17 25 19
25 19 28 19
28 16 28 19
32 6 34 6
34 3 34 6
34 3 36 3
34 6 34 7
36 1 36 3
34 36 34 37
34 36 36 36
34 37 36 37
36 37 37 37
18 34 30 34
30 34 30 36
30 34 34 34
30 36 32 36
36 30 36 32
36 30 37 30
36 32 36 33
36 32 37 32
5 9 5 12
5 12 5 14
5 14 8 14
8 11 8 14
24 1 25 1
25 1 25 5
25 5 25 7
25 5 28 5
0 1 1 1
1 1 1 3
1 3 1 7
1 7 2 7
24 37 25 37
25 35 25 37
25 37 25 38
14 34 16 34
16 34 16 35
16 35 16 36
23 29 25 29
23 31 25 31
25 29 25 31
32 26 32 28
32 28 32 29
32 29 32 32
4 23 4 24
4 23 9 23
4 24 4 27
36 11 36 13
36 11 38 11
38 9 38 11
31 18 32 18
32 9 32 14
32 14 32 18
35 8 37 8
37 2 37 4
37 4 37 8
19 38 20 38
20 38 21 38
35 31 35 32
35 32 35 34
6 31 6 32
6 31 7 31
17 26 17 27
17 27 17 32
10 20 10 21
10 21 11 21
7 19 10 19
10 19 11 19
18 18 19 18
19 15 19 18
10 18 11 18
11 17 11 18
31 12 31 13
31 13 31 14
14 11 14 14
14 11 18 11
3 11 3 16
3 16 3 27
23 10 24 10
24 10 24 12
5 4 5 5
5 5 6 5
7 2 7 3
7 3 7 5
26 0 26 1
26 1 26 2
17 0 18 0
18 0 18 1
21 37 22 37
18 37 18 38
11 36 11 37
9 35 12 35
2 35 2 36
6 34 7 34
13 32 14 32
0 32 0 37
20 31 21 31
5 27 7 27
37 26 37 27
31 26 31 28
8 26 11 26
34 24 36 24
0 24 0 25
31 23 31 25
8 22 10 22
19 20 19 22
20 19 20 21
18 19 18 24
4 19 6 19
24 18 24 19
12 18 12 30
36 17 38 17
2 17 2 19
15 15 15 16
21 13 22 13
38 12 38 14
16 12 16 14
9 12 10 12
6 12 6 13
2 11 2 12
19 10 19 14
27 9 31 9
0 9 0 13
8 8 11 8
26 7 26 13
7 7 8 7
29 6 29 7
21 6 21 8
9 6 10 6
3 6 6 6
31 3 31 6
21 3 23 3
10 3 14 3
6 3 6 4
19 2 19 5
30
36 2 36 3
35 24 36 24
24 5 25 5
16 10 16 11
15 11 15 12
7 26 7 25
5 13 6 13
35 7 35 8
14 31 15 31
19 19 18 19
10 35 10 34
16 11 16 12
18 32 18 31
3 4 3 5
11 35 11 36
24 31 23 31
25 30 25 29
23 30 23 29
19 31 20 31
18 33 18 34
21 30 21 31
13 33 13 32
14 32 15 32
24 11 24 10
36 12 36 13
12 32 11 32
14 33 14 32
15 32 16 32
13 31 12 31
16 32 16 31
163
0 26 1 26
1 26 1 34
1 34 1 35
1 34 3 34
3 33 3 34
3 33 12 33
12 33 15 33
15 31 15 33
11 12 12 12
12 8 12 12
12 8 14 8
12 12 12 14
12 14 12 15
12 14 13 14
13 14 13 18
14 8 14 9
19 25 22 25
22 19 22 23
22 23 22 25
22 25 22 30
22 30 24 30
33 16 33 23
33 16 36 16
33 23 33 31
33 23 35 23
36 15 36 16
25 14 25 17
25 14 30 14
25 17 25 19
25 19 28 19
28 16 28 19
32 6 34 6
34 3 34 6
34 3 36 3
34 6 34 7
36 1 36 3
34 36 34 37
34 36 36 36
34 37 36 37
36 37 37 37
18 34 30 34
30 34 30 36
30 34 34 34
30 36 32 36
36 30 36 32
36 30 37 30
36 32 36 33
36 32 37 32
5 9 5 12
5 12 5 14
5 14 8 14
8 11 8 14
24 1 25 1
25 1 25 5
25 5 25 7
25 5 28 5
0 1 1 1
1 1 1 3
1 3 1 7
1 7 2 7
24 37 25 37
25 35 25 37
25 37 25 38
14 34 16 34
16 34 16 35
16 35 16 36
23 29 25 29
23 31 25 31
25 29 25 31
32 26 32 28
32 28 32 29
32 29 32 32
4 23 4 24
4 23 9 23
4 24 4 27
36 11 36 13
36 11 38 11
38 9 38 11
31 18 32 18
32 9 32 14
32 14 32 18
35 8 37 8
37 2 37 4
37 4 37 8
19 38 20 38
20 38 21 38
35 31 35 32
35 32 35 34
6 31 6 32
6 31 7 31
17 26 17 27
17 27 17 32
10 20 10 21
10 21 11 21
7 19 10 19
10 19 11 19
18 18 19 18
19 15 19 18
10 18 11 18
11 17 11 18
31 12 31 13
31 13 31 14
14 11 14 14
14 11 18 11
3 11 3 16
3 16 3 27
23 10 24 10
24 10 24 12
5 4 5 5
5 5 6 5
7 2 7 3
7 3 7 5
26 0 26 1
26 1 26 2
17 0 18 0
18 0 18 1
21 37 22 37
18 37 18 38
11 36 11 37
9 35 12 35
2 35 2 36
6 34 7 34
13 32 14 32
0 32 0 37
20 31 21 31
5 27 7 27
37 26 37 27
31 26 31 28
8 26 11 26
34 24 36 24
0 24 0 25
31 23 31 25
8 22 10 22
19 20 19 22
20 19 20 21
18 19 18 24
4 19 6 19
24 18 24 19
12 18 12 30
36 17 38 17
2 17 2 19
15 15 15 16
21 13 22 13
38 12 38 14
16 12 16 14
9 12 10 12
6 12 6 13
2 11 2 12
19 10 19 14
27 9 31 9
0 9 0 13
8 8 11 8
26 7 26 13
7 7 8 7
29 6 29 7
21 6 21 8
9 6 10 6
3 6 6 6
31 3 31 6
21 3 23 3
10 3 14 3
6 3 6 4
19 2 19 5
31
36 2 36 3
35 24 36 24
24 5 25 5
16 10 16 11
15 11 15 12
7 26 7 25
5 13 6 13
35 7 35 8
14 31 15 31
19 19 18 19
10 35 10 34
16 11 16 12
18 32 18 31
3 4 3 5
11 35 11 36
24 31 23 31
25 30 25 29
23 30 23 29
19 31 20 31
18 33 18 34
21 30 21 31
13 33 13 32
14 32 15 32
24 11 24 10
36 12 36 13
12 32 11 32
14 33 14 32
15 32 16 32
13 31 12 31
16 32 16 31
23 31 23 32
162
0 26 1 26
1 26 1 34
1 34 1 35
1 34 3 34
3 33 3 34
3 33 12 33
12 33 15 33
15 31 15 33
11 12 12 12
12 8 12 12
12 8 14 8
12 12 12 14
12 14 12 15
12 14 13 14
13 14 13 18
14 8 14 9
19 25 22 25
22 19 22 23
22 23 22 25
22 25 22 30
22 30 24 30
33 16 33 23
33 16 36 16
33 23 33 31
33 23 35 23
36 15 36 16
25 14 25 17
25 14 30 14
25 17 25 19
25 19 28 19
28 16 28 19
32 6 34 6
34 3 34 6
34 3 36 3
34 6 34 7
36 1 36 3
34 36 34 37
34 36 36 36
34 37 36 37
36 37 37 37
18 34 30 34
30 34 30 36
30 34 34 34
30 36 32 36
36 30 36 32
36 30 37 30
36 32 36 33
36 32 37 32
5 9 5 12
5 12 5 14
5 14 8 14
8 11 8 14
24 1 25 1
25 1 25 5
25 5 25 7
25 5 28 5
0 1 1 1
1 1 1 3
1 3 1 7
1 7 2 7
24 37 25 37
25 35 25 37
25 37 25 38
14 34 16 34
16 34 16 35
16 35 16 36
32 26 32 28
32 28 32 29
32 29 32 32
4 23 4 24
4 23 9 23
4 24 4 27
36 11 36 13
36 11 38 11
38 9 38 11
31 18 32 18
32 9 32 14
32 14 32 18
35 8 37 8
37 2 37 4
37 4 37 8
19 38 20 38
20 38 21 38
35 31 35 32
35 32 35 34
6 31 6 32
6 31 7 31
23 29 25 29
25 29 25 31
17 26 17 27
17 27 17 32
10 20 10 21
10 21 11 21
7 19 10 19
10 19 11 19
18 18 19 18
19 15 19 18
10 18 11 18
11 17 11 18
31 12 31 13
31 13 31 14
14 11 14 14
14 11 18 11
3 11 3 16
3 16 3 27
23 10 24 10
24 10 24 12
5 4 5 5
5 5 6 5
7 2 7 3
7 3 7 5
26 0 26 1
26 1 26 2
17 0 18 0
18 0 18 1
21 37 22 37
18 37 18 38
11 36 11 37
9 35 12 35
2 35 2 36
6 34 7 34
13 32 14 32
0 32 0 37
20 31 21 31
5 27 7 27
37 26 37 27
31 26 31 28
8 26 11 26
34 24 36 24
0 24 0 25
31 23 31 25
8 22 10 22
19 20 19 22
20 19 20 21
18 19 18 24
4 19 6 19
24 18 24 19
12 18 12 30
36 17 38 17
2 17 2 19
15 15 15 16
21 13 22 13
38 12 38 14
16 12 16 14
9 12 10 12
6 12 6 13
2 11 2 12
19 10 19 14
27 9 31 9
0 9 0 13
8 8 11 8
26 7 26 13
7 7 8 7
29 6 29 7
21 6 21 8
9 6 10 6
3 6 6 6
31 3 31 6
21 3 23 3
10 3 14 3
6 3 6 4
19 2 19 5
32
36 2 36 3
35 24 36 24
24 5 25 5
16 10 16 11
15 11 15 12
7 26 7 25
5 13 6 13
35 7 35 8
14 31 15 31
19 19 18 19
10 35 10 34
16 11 16 12
18 32 18 31
3 4 3 5
11 35 11 36
24 31 23 31
25 30 25 29
23 30 23 29
19 31 20 31
18 33 18 34
21 30 21 31
13 33 13 32
14 32 15 32
24 11 24 10
36 12 36 13
12 32 11 32
14 33 14 32
15 32 16 32
13 31 12 31
16 32 16 31
23 31 23 32
13 14 13 13
161
0 26 1 26
1 26 1 34
1 34 1 35
1 34 3 34
3 33 3 34
3 33 12 33
12 33 15 33
15 31 15 33
11 12 12 12
12 8 12 12
12 8 14 8
12 12 12 14
12 14 12 15
14 8 14 9
19 25 22 25
22 19 22 23
22 23 22 25
22 25 22 30
22 30 24 30
33 16 33 23
33 16 36 16
33 23 33 31
33 23 35 23
36 15 36 16
25 14 25 17
25 14 30 14
25 17 25 19
25 19 28 19
28 16 28 19
32 6 34 6
34 3 34 6
34 3 36 3
34 6 34 7
36 1 36 3
34 36 34 37
34 36 36 36
34 37 36 37
36 37 37 37
18 34 30 34
30 34 30 36
30 34 34 34
30 36 32 36
36 30 36 32
36 30 37 30
36 32 36 33
36 32 37 32
5 9 5 12
5 12 5 14
5 14 8 14
8 11 8 14
24 1 25 1
25 1 25 5
25 5 25 7
25 5 28 5
0 1 1 1
1 1 1 3
1 3 1 7
1 7 2 7
24 37 25 37
25 35 25 37
25 37 25 38
14 34 16 34
16 34 16 35
16 35 16 36
32 26 32 28
32 28 32 29
32 29 32 32
4 23 4 24
4 23 9 23
4 24 4 27
36 11 36 13
36 11 38 11
38 9 38 11
31 18 32 18
32 9 32 14
32 14 32 18
35 8 37 8
37 2 37 4
37 4 37 8
19 38 20 38
20 38 21 38
35 31 35 32
35 32 35 34
6 31 6 32
6 31 7 31
23 29 25 29
25 29 25 31
17 26 17 27
17 27 17 32
10 20 10 21
10 21 11 21
7 19 10 19
10 19 11 19
18 18 19 18
19 15 19 18
10 18 11 18
11 17 11 18
11 16 15 16
15 15 15 16
31 12 31 13
31 13 31 14
14 11 14 14
14 11 18 11
3 11 3 16
3 16 3 27
23 10 24 10
24 10 24 12
5 4 5 5
5 5 6 5
7 2 7 3
7 3 7 5
26 0 26 1
26 1 26 2
17 0 18 0
18 0 18 1
21 37 22 37
18 37 18 38
11 36 11 37
9 35 12 35
2 35 2 36
6 34 7 34
13 32 14 32
0 32 0 37
20 31 21 31
5 27 7 27
37 26 37 27
31 26 31 28
8 26 11 26
34 24 36 24
0 24 0 25
31 23 31 25
8 22 10 22
19 20 19 22
20 19 20 21
18 19 18 24
4 19 6 19
24 18 24 19
12 18 12 30
36 17 38 17
2 17 2 19
21 13 22 13
38 12 38 14
16 12 16 14
9 12 10 12
6 12 6 13
2 11 2 12
19 10 19 14
27 9 31 9
0 9 0 13
8 8 11 8
26 7 26 13
7 7 8 7
29 6 29 7
21 6 21 8
9 6 10 6
3 6 6 6
31 3 31 6
21 3 23 3
10 3 14 3
6 3 6 4
19 2 19 5
33
36 2 36 3
35 24 36 24
24 5 25 5
16 10 16 11
15 11 15 12
7 26 7 25
5 13 6 13
35 7 35 8
14 31 15 31
19 19 18 19
10 35 10 34
16 11 16 12
18 32 18 31
3 4 3 5
11 35 11 36
24 31 23 31
25 30 25 29
23 30 23 29
19 31 20 31
18 33 18 34
21 30 21 31
13 33 13 32
14 32 15 32
24 11 24 10
36 12 36 13
12 32 11 32
14 33 14 32
15 32 16 32
13 31 12 31
16 32 16 31
23 31 23 32
13 14 13 13
11 12 11 11
160
0 26 1 26
1 26 1 34
1 34 1 35
1 34 3 34
3 33 3 34
3 33 12 33
12 33 15 33
15 31 15 33
19 25 22 25
22 19 22 23
22 23 22 25
22 25 22 30
22 30 24 30
33 16 33 23
33 16 36 16
33 23 33 31
33 23 35 23
36 15 36 16
25 14 25 17
25 14 30 14
25 17 25 19
25 19 28 19
28 16 28 19
12 8 12 12
12 8 14 8
12 12 12 14
12 14 12 15
14 8 14 9
32 6 34 6
34 3 34 6
34 3 36 3
34 6 34 7
36 1 36 3
34 36 34 37
34 36 36 36
34 37 36 37
36 37 37 37
18 34 30 34
30 34 30 36
30 34 34 34
30 36 32 36
36 30 36 32
36 30 37 30
36 32 36 33
36 32 37 32
5 9 5 12
5 12 5 14
5 14 8 14
8 11 8 14
24 1 25 1
25 1 25 5
25 5 25 7
25 5 28 5
0 1 1 1
1 1 1 3
1 3 1 7
1 7 2 7
24 37 25 37
25 35 25 37
25 37 25 38
14 34 16 34
16 34 16 35
16 35 16 36
32 26 32 28
32 28 32 29
32 29 32 32
4 23 4 24
4 23 9 23
4 24 4 27
36 11 36 13
36 11 38 11
38 9 38 11
31 18 32 18
32 9 32 14
32 14 32 18
35 8 37 8
37 2 37 4
37 4 37 8
19 38 20 38
20 38 21 38
35 31 35 32
35 32 35 34
6 31 6 32
6 31 7 31
23 29 25 29
25 29 25 31
17 26 17 27
17 27 17 32
10 20 10 21
10 21 11 21
7 19 10 19
10 19 11 19
18 18 19 18
19 15 19 18
10 18 11 18
11 17 11 18
11 16 15 16
15 15 15 16
31 12 31 13
31 13 31 14
14 11 14 14
14 11 18 11
3 11 3 16
3 16 3 27
23 10 24 10
24 10 24 12
5 4 5 5
5 5 6 5
7 2 7 3
7 3 7 5
26 0 26 1
26 1 26 2
17 0 18 0
18 0 18 1
21 37 22 37
18 37 18 38
11 36 11 37
9 35 12 35
2 35 2 36
6 34 7 34
13 32 14 32
0 32 0 37
20 31 21 31
5 27 7 27
37 26 37 27
31 26 31 28
8 26 11 26
34 24 36 24
0 24 0 25
31 23 31 25
8 22 10 22
19 20 19 22
20 19 20 21
18 19 18 24
4 19 6 19
24 18 24 19
12 18 12 30
36 17 38 17
2 17 2 19
21 13 22 13
38 12 38 14
16 12 16 14
9 12 10 12
6 12 6 13
2 11 2 12
19 10 19 14
27 9 31 9
0 9 0 13
8 8 11 8
26 7 26 13
7 7 8 7
29 6 29 7
21 6 21 8
9 6 10 6
3 6 6 6
31 3 31 6
21 3 23 3
10 3 14 3
6 3 6 4
19 2 19 5
34
36 2 36 3
35 24 36 24
24 5 25 5
16 10 16 11
15 11 15 12
7 26 7 25
5 13 6 13
35 7 35 8
14 31 15 31
19 19 18 19
10 35 10 34
16 11 16 12
18 32 18 31
3 4 3 5
11 35 11 36
24 31 23 31
25 30 25 29
23 30 23 29
19 31 20 31
18 33 18 34
21 30 21 31
13 33 13 32
14 32 15 32
24 11 24 10
36 12 36 13
12 32 11 32
14 33 14 32
15 32 16 32
13 31 12 31
16 32 16 31
23 31 23 32
13 14 13 13
11 12 11 11
5 4 5 3
160
0 26 1 26
1 26 1 34
1 34 1 35
1 34 3 34
3 33 3 34
3 33 12 33
12 33 15 33
15 31 15 33
19 25 22 25
22 19 22 23
22 23 22 25
22 25 22 30
22 30 24 30
33 16 33 23
33 16 36 16
33 23 33 31
33 23 35 23
36 15 36 16
25 14 25 17
25 14 30 14
25 17 25 19
25 19 28 19
28 16 28 19
12 8 12 12
12 8 14 8
12 12 12 14
12 14 12 15
14 8 14 9
32 6 34 6
34 3 34 6
34 3 36 3
34 6 34 7
36 1 36 3
34 36 34 37
34 36 36 36
34 37 36 37
36 37 37 37
18 34 30 34
30 34 30 36
30 34 34 34
30 36 32 36
36 30 36 32
36 30 37 30
36 32 36 33
36 32 37 32
5 9 5 12
5 12 5 14
5 14 8 14
8 11 8 14
24 1 25 1
25 1 25 5
25 5 25 7
25 5 28 5
0 1 1 1
1 1 1 3
1 3 1 7
1 7 2 7
24 37 25 37
25 35 25 37
25 37 25 38
14 34 16 34
16 34 16 35
16 35 16 36
32 26 32 28
32 28 32 29
32 29 32 32
4 23 4 24
4 23 9 23
4 24 4 27
36 11 36 13
36 11 38 11
38 9 38 11
31 18 32 18
32 9 32 14
32 14 32 18
35 8 37 8
37 2 37 4
37 4 37 8
19 38 20 38
20 38 21 38
35 31 35 32
35 32 35 34
6 31 6 32
6 31 7 31
23 29 25 29
25 29 25 31
17 26 17 27
17 27 17 32
10 20 10 21
10 21 11 21
7 19 10 19
10 19 11 19
18 18 19 18
19 15 19 18
10 18 11 18
11 17 11 18
11 16 15 16
15 15 15 16
31 12 31 13
31 13 31 14
14 11 14 14
14 11 18 11
3 11 3 16
3 16 3 27
23 10 24 10
24 10 24 12
5 3 5 5
5 5 6 5
7 2 7 3
7 3 7 5
26 0 26 1
26 1 26 2
17 0 18 0
18 0 18 1
21 37 22 37
18 37 18 38
11 36 11 37
9 35 12 35
2 35 2 36
6 34 7 34
13 32 14 32
0 32 0 37
20 31 21 31
5 27 7 27
37 26 37 27
31 26 31 28
8 26 11 26
34 24 36 24
0 24 0 25
31 23 31 25
8 22 10 22
19 20 19 22
20 19 20 21
18 19 18 24
4 19 6 19
24 18 24 19
12 18 12 30
36 17 38 17
2 17 2 19
21 13 22 13
38 12 38 14
16 12 16 14
9 12 10 12
6 12 6 13
2 11 2 12
19 10 19 14
27 9 31 9
0 9 0 13
8 8 11 8
26 7 26 13
7 7 8 7
29 6 29 7
21 6 21 8
9 6 10 6
3 6 6 6
31 3 31 6
21 3 23 3
10 3 14 3
6 3 6 4
19 2 19 5
35
36 2 36 3
35 24 36 24
24 5 25 5
16 10 16 11
15 11 15 12
7 26 7 25
5 13 6 13
35 7 35 8
14 31 15 31
19 19 18 19
10 35 10 34
16 11 16 12
18 32 18 31
3 4 3 5
11 35 11 36
24 31 23 31
25 30 25 29
23 30 23 29
19 31 20 31
18 33 18 34
21 30 21 31
13 33 13 32
14 32 15 32
24 11 24 10
36 12 36 13
12 32 11 32
14 33 14 32
15 32 16 32
13 31 12 31
16 32 16 31
23 31 23 32
13 14 13 13
11 12 11 11
5 4 5 3
6 3 6 2
160
0 26 1 26
1 26 1 34
1 34 1 35
1 34 3 34
3 33 3 34
3 33 12 33
12 33 15 33
15 31 15 33
19 25 22 25
22 19 22 23
22 23 22 25
22 25 22 30
22 30 24 30
33 16 33 23
33 16 36 16
33 23 33 31
33 23 35 23
36 15 36 16
25 14 25 17
25 14 30 14
25 17 25 19
25 19 28 19
28 16 28 19
12 8 12 12
12 8 14 8
12 12 12 14
12 14 12 15
14 8 14 9
32 6 34 6
34 3 34 6
34 3 36 3
34 6 34 7
36 1 36 3
34 36 34 37
34 36 36 36
34 37 36 37
36 37 37 37
18 34 30 34
30 34 30 36
30 34 34 34
30 36 32 36
36 30 36 32
36 30 37 30
36 32 36 33
36 32 37 32
5 9 5 12
5 12 5 14
5 14 8 14
8 11 8 14
24 1 25 1
25 1 25 5
25 5 25 7
25 5 28 5
0 1 1 1
1 1 1 3
1 3 1 7
1 7 2 7
24 37 25 37
25 35 25 37
25 37 25 38
14 34 16 34
16 34 16 35
16 35 16 36
32 26 32 28
32 28 32 29
32 29 32 32
4 23 4 24
4 23 9 23
4 24 4 27
36 11 36 13
36 11 38 11
38 9 38 11
31 18 32 18
32 9 32 14
32 14 32 18
35 8 37 8
37 2 37 4
37 4 37 8
19 38 20 38
20 38 21 38
35 31 35 32
35 32 35 34
6 31 6 32
6 31 7 31
23 29 25 29
25 29 25 31
17 26 17 27
17 27 17 32
10 20 10 21
10 21 11 21
7 19 10 19
10 19 11 19
18 18 19 18
19 15 19 18
10 18 11 18
11 17 11 18
11 16 15 16
15 15 15 16
31 12 31 13
31 13 31 14
14 11 14 14
14 11 18 11
3 11 3 16
3 16 3 27
23 10 24 10
24 10 24 12
5 3 5 5
5 5 6 5
7 2 7 3
7 3 7 5
26 0 26 1
26 1 26 2
17 0 18 0
18 0 18 1
21 37 22 37
18 37 18 38
11 36 11 37
9 35 12 35
2 35 2 36
6 34 7 34
13 32 14 32
0 32 0 37
20 31 21 31
5 27 7 27
37 26 37 27
31 26 31 28
8 26 11 26
34 24 36 24
0 24 0 25
31 23 31 25
8 22 10 22
19 20 19 22
20 19 20 21
18 19 18 24
4 19 6 19
24 18 24 19
12 18 12 30
36 17 38 17
2 17 2 19
21 13 22 13
38 12 38 14
16 12 16 14
9 12 10 12
6 12 6 13
2 11 2 12
19 10 19 14
27 9 31 9
0 9 0 13
8 8 11 8
26 7 26 13
7 7 8 7
29 6 29 7
21 6 21 8
9 6 10 6
3 6 6 6
31 3 31 6
21 3 23 3
10 3 14 3
19 2 19 5
6 2 6 4
36
36 2 36 3
35 24 36 24
24 5 25 5
16 10 16 11
15 11 15 12
7 26 7 25
5 13 6 13
35 7 35 8
14 31 15 31
19 19 18 19
10 35 10 34
16 11 16 12
18 32 18 31
3 4 3 5
11 35 11 36
24 31 23 31
25 30 25 29
23 30 23 29
19 31 20 31
18 33 18 34
21 30 21 31
13 33 13 32
14 32 15 32
24 11 24 10
36 12 36 13
12 32 11 32
14 33 14 32
15 32 16 32
13 31 12 31
16 32 16 31
23 31 23 32
13 14 13 13
11 12 11 11
5 4 5 3
6 3 6 2
6 2 5 2
159
0 26 1 26
1 26 1 34
1 34 1 35
1 34 3 34
3 33 3 34
3 33 12 33
12 33 15 33
15 31 15 33
19 25 22 25
22 19 22 23
22 23 22 25
22 25 22 30
22 30 24 30
33 16 33 23
33 16 36 16
33 23 33 31
33 23 35 23
36 15 36 16
25 14 25 17
25 14 30 14
25 17 25 19
25 19 28 19
28 16 28 19
12 8 12 12
12 8 14 8
12 12 12 14
12 14 12 15
14 8 14 9
32 6 34 6
34 3 34 6
34 3 36 3
34 6 34 7
36 1 36 3
34 36 34 37
34 36 36 36
34 37 36 37
36 37 37 37
18 34 30 34
30 34 30 36
30 34 34 34
30 36 32 36
36 30 36 32
36 30 37 30
36 32 36 33
36 32 37 32
5 9 5 12
5 12 5 14
5 14 8 14
8 11 8 14
24 1 25 1
25 1 25 5
25 5 25 7
25 5 28 5
0 1 1 1
1 1 1 3
1 3 1 7
1 7 2 7
24 37 25 37
25 35 25 37
25 37 25 38
14 34 16 34
16 34 16 35
16 35 16 36
32 26 32 28
32 28 32 29
32 29 32 32
4 23 4 24
4 23 9 23
4 24 4 27
36 11 36 13
36 11 38 11
38 9 38 11
31 18 32 18
32 9 32 14
32 14 32 18
35 8 37 8
37 2 37 4
37 4 37 8
19 38 20 38
20 38 21 38
35 31 35 32
35 32 35 34
6 31 6 32
6 31 7 31
23 29 25 29
25 29 25 31
17 26 17 27
17 27 17 32
10 20 10 21
10 21 11 21
7 19 10 19
10 19 11 19
18 18 19 18
19 15 19 18
10 18 11 18
11 17 11 18
11 16 15 16
15 15 15 16
31 12 31 13
31 13 31 14
14 11 14 14
14 11 18 11
3 11 3 16
3 16 3 27
23 10 24 10
24 10 24 12
5 3 5 5
5 5 6 5
7 2 7 3
7 3 7 5
26 0 26 1
26 1 26 2
17 0 18 0
18 0 18 1
21 37 22 37
18 37 18 38
11 36 11 37
9 35 12 35
2 35 2 36
6 34 7 34
13 32 14 32
0 32 0 37
20 31 21 31
5 27 7 27
37 26 37 27
31 26 31 28
8 26 11 26
34 24 36 24
0 24 0 25
31 23 31 25
8 22 10 22
19 20 19 22
20 19 20 21
18 19 18 24
4 19 6 19
24 18 24 19
12 18 12 30
36 17 38 17
2 17 2 19
21 13 22 13
38 12 38 14
16 12 16 14
9 12 10 12
6 12 6 13
2 11 2 12
19 10 19 14
27 9 31 9
0 9 0 13
8 8 11 8
26 7 26 13
7 7 8 7
29 6 29 7
21 6 21 8
9 6 10 6
3 6 6 6
31 3 31 6
21 3 23 3
10 3 14 3
19 2 19 5
37
36 2 36 3
35 24 36 24
24 5 25 5
16 10 16 11
15 11 15 12
7 26 7 25
5 13 6 13
35 7 35 8
14 31 15 31
19 19 18 19
10 35 10 34
16 11 16 12
18 32 18 31
3 4 3 5
11 35 11 36
24 31 23 31
25 30 25 29
23 30 23 29
19 31 20 31
18 33 18 34
21 30 21 31
13 33 13 32
14 32 15 32
24 11 24 10
36 12 36 13
12 32 11 32
14 33 14 32
15 32 16 32
13 31 12 31
16 32 16 31
23 31 23 32
13 14 13 13
11 12 11 11
5 4 5 3
6 3 6 2
6 2 5 2
30 21 30 22
160
0 26 1 26
1 26 1 34
1 34 1 35
1 34 3 34
3 33 3 34
3 33 12 33
12 33 15 33
15 31 15 33
19 25 22 25
22 19 22 23
22 23 22 25
22 25 22 30
22 30 24 30
33 16 33 23
33 16 36 16
33 23 33 31
33 23 35 23
36 15 36 16
25 14 25 17
25 14 30 14
25 17 25 19
25 19 28 19
28 16 28 19
12 8 12 12
12 8 14 8
12 12 12 14
12 14 12 15
14 8 14 9
32 6 34 6
34 3 34 6
34 3 36 3
34 6 34 7
36 1 36 3
34 36 34 37
34 36 36 36
34 37 36 37
36 37 37 37
18 34 30 34
30 34 30 36
30 34 34 34
30 36 32 36
36 30 36 32
36 30 37 30
36 32 36 33
36 32 37 32
5 9 5 12
5 12 5 14
5 14 8 14
8 11 8 14
24 1 25 1
25 1 25 5
25 5 25 7
25 5 28 5
0 1 1 1
1 1 1 3
1 3 1 7
1 7 2 7
24 37 25 37
25 35 25 37
25 37 25 38
14 34 16 34
16 34 16 35
16 35 16 36
32 26 32 28
32 28 32 29
32 29 32 32
4 23 4 24
4 23 9 23
4 24 4 27
36 11 36 13
36 11 38 11
38 9 38 11
31 18 32 18
32 9 32 14
32 14 32 18
35 8 37 8
37 2 37 4
37 4 37 8
19 38 20 38
20 38 21 38
35 31 35 32
35 32 35 34
6 31 6 32
6 31 7 31
23 29 25 29
25 29 25 31
17 26 17 27
17 27 17 32
10 20 10 21
10 21 11 21
7 19 10 19
10 19 11 19
18 18 19 18
19 15 19 18
10 18 11 18
11 17 11 18
11 16 15 16
15 15 15 16
31 12 31 13
31 13 31 14
14 11 14 14
14 11 18 11
3 11 3 16
3 16 3 27
23 10 24 10
24 10 24 12
5 3 5 5
5 5 6 5
7 2 7 3
7 3 7 5
26 0 26 1
26 1 26 2
17 0 18 0
18 0 18 1
21 37 22 37
18 37 18 38
11 36 11 37
9 35 12 35
2 35 2 36
6 34 7 34
13 32 14 32
0 32 0 37
20 31 21 31
5 27 7 27
37 26 37 27
31 26 31 28
8 26 11 26
34 24 36 24
0 24 0 25
31 23 31 25
28 22 30 22
8 22 10 22
19 20 19 22
20 19 20 21
18 19 18 24
4 19 6 19
24 18 24 19
12 18 12 30
36 17 38 17
2 17 2 19
21 13 22 13
38 12 38 14
16 12 16 14
9 12 10 12
6 12 6 13
2 11 2 12
19 10 19 14
27 9 31 9
0 9 0 13
8 8 11 8
26 7 26 13
7 7 8 7
29 6 29 7
21 6 21 8
9 6 10 6
3 6 6 6
31 3 31 6
21 3 23 3
10 3 14 3
19 2 19 5
38
36 2 36 3
35 24 36 24
24 5 25 5
16 10 16 11
15 11 15 12
7 26 7 25
5 13 6 13
35 7 35 8
14 31 15 31
19 19 18 19
10 35 10 34
16 11 16 12
18 32 18 31
3 4 3 5
11 35 11 36
24 31 23 31
25 30 25 29
23 30 23 29
19 31 20 31
18 33 18 34
21 30 21 31
13 33 13 32
14 32 15 32
24 11 24 10
36 12 36 13
12 32 11 32
14 33 14 32
15 32 16 32
13 31 12 31
16 32 16 31
23 31 23 32
13 14 13 13
11 12 11 11
5 4 5 3
6 3 6 2
6 2 5 2
30 21 30 22
15 15 16 15
159
0 26 1 26
1 26 1 34
1 34 1 35
1 34 3 34
3 33 3 34
3 33 12 33
12 33 15 33
15 31 15 33
19 25 22 25
22 19 22 23
22 23 22 25
22 25 22 30
22 30 24 30
33 16 33 23
33 16 36 16
33 23 33 31
33 23 35 23
36 15 36 16
25 14 25 17
25 14 30 14
25 17 25 19
25 19 28 19
28 16 28 19
12 8 12 12
12 8 14 8
12 12 12 14
12 14 12 15
14 8 14 9
32 6 34 6
34 3 34 6
34 3 36 3
34 6 34 7
36 1 36 3
34 36 34 37
34 36 36 36
34 37 36 37
36 37 37 37
18 34 30 34
30 34 30 36
30 34 34 34
30 36 32 36
36 30 36 32
36 30 37 30
36 32 36 33
36 32 37 32
5 9 5 12
5 12 5 14
5 14 8 14
8 11 8 14
24 1 25 1
25 1 25 5
25 5 25 7
25 5 28 5
0 1 1 1
1 1 1 3
1 3 1 7
1 7 2 7
24 37 25 37
25 35 25 37
25 37 25 38
14 34 16 34
16 34 16 35
16 35 16 36
32 26 32 28
32 28 32 29
32 29 32 32
4 23 4 24
4 23 9 23
4 24 4 27
36 11 36 13
36 11 38 11
38 9 38 11
31 18 32 18
32 9 32 14
32 14 32 18
35 8 37 8
37 2 37 4
37 4 37 8
19 38 20 38
20 38 21 38
35 31 35 32
35 32 35 34
6 31 6 32
6 31 7 31
23 29 25 29
25 29 25 31
17 26 17 27
17 27 17 32
10 20 10 21
10 21 11 21
7 19 10 19
10 19 11 19
18 18 19 18
19 15 19 18
10 18 11 18
11 17 11 18
31 12 31 13
31 13 31 14
14 11 14 14
14 11 18 11
3 11 3 16
3 16 3 27
23 10 24 10
24 10 24 12
5 3 5 5
5 5 6 5
7 2 7 3
7 3 7 5
26 0 26 1
26 1 26 2
17 0 18 0
18 0 18 1
21 37 22 37
18 37 18 38
11 36 11 37
9 35 12 35
2 35 2 36
6 34 7 34
13 32 14 32
0 32 0 37
20 31 21 31
5 27 7 27
37 26 37 27
31 26 31 28
8 26 11 26
34 24 36 24
0 24 0 25
31 23 31 25
28 22 30 22
8 22 10 22
19 20 19 22
20 19 20 21
18 19 18 24
4 19 6 19
24 18 24 19
12 18 12 30
36 17 38 17
2 17 2 19
11 16 15 16
21 13 22 13
38 12 38 14
16 12 16 14
9 12 10 12
6 12 6 13
2 11 2 12
19 10 19 14
27 9 31 9
0 9 0 13
8 8 11 8
26 7 26 13
7 7 8 7
29 6 29 7
21 6 21 8
9 6 10 6
3 6 6 6
31 3 31 6
21 3 23 3
10 3 14 3
19 2 19 5
39
36 2 36 3
35 24 36 24
24 5 25 5
16 10 16 11
15 11 15 12
7 26 7 25
5 13 6 13
35 7 35 8
14 31 15 31
19 19 18 19
10 35 10 34
16 11 16 12
18 32 18 31
3 4 3 5
11 35 11 36
24 31 23 31
25 30 25 29
23 30 23 29
19 31 20 31
18 33 18 34
21 30 21 31
13 33 13 32
14 32 15 32
24 11 24 10
36 12 36 13
12 32 11 32
14 33 14 32
15 32 16 32
13 31 12 31
16 32 16 31
23 31 23 32
13 14 13 13
11 12 11 11
5 4 5 3
6 3 6 2
6 2 5 2
30 21 30 22
15 15 16 15
36 32 36 31
159
0 26 1 26
1 26 1 34
1 34 1 35
1 34 3 34
3 33 3 34
3 33 12 33
12 33 15 33
15 31 15 33
19 25 22 25
22 19 22 23
22 23 22 25
22 25 22 30
22 30 24 30
33 16 33 23
33 16 36 16
33 23 33 31
33 23 35 23
36 15 36 16
25 14 25 17
25 14 30 14
25 17 25 19
25 19 28 19
28 16 28 19
12 8 12 12
12 8 14 8
12 12 12 14
12 14 12 15
14 8 14 9
32 6 34 6
34 3 34 6
34 3 36 3
34 6 34 7
36 1 36 3
34 36 34 37
34 36 36 36
34 37 36 37
36 37 37 37
18 34 30 34
30 34 30 36
30 34 34 34
30 36 32 36
36 30 36 31
36 30 37 30
36 31 36 33
37 30 37 32
5 9 5 12
5 12 5 14
5 14 8 14
8 11 8 14
24 1 25 1
25 1 25 5
25 5 25 7
25 5 28 5
0 1 1 1
1 1 1 3
1 3 1 7
1 7 2 7
24 37 25 37
25 35 25 37
25 37 25 38
14 34 16 34
16 34 16 35
16 35 16 36
32 26 32 28
32 28 32 29
32 29 32 32
4 23 4 24
4 23 9 23
4 24 4 27
36 11 36 13
36 11 38 11
38 9 38 11
31 18 32 18
32 9 32 14
32 14 32 18
35 8 37 8
37 2 37 4
37 4 37 8
19 38 20 38
20 38 21 38
35 31 35 32
35 32 35 34
6 31 6 32
6 31 7 31
23 29 25 29
25 29 25 31
17 26 17 27
17 27 17 32
10 20 10 21
10 21 11 21
7 19 10 19
10 19 11 19
18 18 19 18
19 15 19 18
10 18 11 18
11 17 11 18
31 12 31 13
31 13 31 14
14 11 14 14
14 11 18 11
3 11 3 16
3 16 3 27
23 10 24 10
24 10 24 12
5 3 5 5
5 5 6 5
7 2 7 3
7 3 7 5
26 0 26 1
26 1 26 2
17 0 18 0
18 0 18 1
21 37 22 37
18 37 18 38
11 36 11 37
9 35 12 35
2 35 2 36
6 34 7 34
13 32 14 32
0 32 0 37
20 31 21 31
5 27 7 27
37 26 37 27
31 26 31 28
8 26 11 26
34 24 36 24
0 24 0 25
31 23 31 25
28 22 30 22
8 22 10 22
19 20 19 22
20 19 20 21
18 19 18 24
4 19 6 19
24 18 24 19
12 18 12 30
36 17 38 17
2 17 2 19
11 16 15 16
21 13 22 13
38 12 38 14
16 12 16 14
9 12 10 12
6 12 6 13
2 11 2 12
19 10 19 14
27 9 31 9
0 9 0 13
8 8 11 8
26 7 26 13
7 7 8 7
29 6 29 7
21 6 21 8
9 6 10 6
3 6 6 6
31 3 31 6
21 3 23 3
10 3 14 3
19 2 19 5
40
36 2 36 3
35 24 36 24
24 5 25 5
16 10 16 11
15 11 15 12
7 26 7 25
5 13 6 13
35 7 35 8
14 31 15 31
19 19 18 19
10 35 10 34
16 11 16 12
18 32 18 31
3 4 3 5
11 35 11 36
24 31 23 31
25 30 25 29
23 30 23 29
19 31 20 31
18 33 18 34
21 30 21 31
13 33 13 32
14 32 15 32
24 11 24 10
36 12 36 13
12 32 11 32
14 33 14 32
15 32 16 32
13 31 12 31
16 32 16 31
23 31 23 32
13 14 13 13
11 12 11 11
5 4 5 3
6 3 6 2
6 2 5 2
30 21 30 22
15 15 16 15
36 32 36 31
36 31 37 31
159
0 26 1 26
1 26 1 34
1 34 1 35
1 34 3 34
3 33 3 34
3 33 12 33
12 33 15 33
15 31 15 33
19 25 22 25
22 19 22 23
22 23 22 25
22 25 22 30
22 30 24 30
33 16 33 23
33 16 36 16
33 23 33 31
33 23 35 23
36 15 36 16
25 14 25 17
25 14 30 14
25 17 25 19
25 19 28 19
28 16 28 19
12 8 12 12
12 8 14 8
12 12 12 14
12 14 12 15
14 8 14 9
32 6 34 6
34 3 34 6
34 3 36 3
34 6 34 7
36 1 36 3
34 36 34 37
34 36 36 36
34 37 36 37
36 37 37 37
18 34 30 34
30 34 30 36
30 34 34 34
30 36 32 36
36 30 36 33
36 30 37 30
37 30 37 31
37 31 37 32
5 9 5 12
5 12 5 14
5 14 8 14
8 11 8 14
24 1 25 1
25 1 25 5
25 5 25 7
25 5 28 5
0 1 1 1
1 1 1 3
1 3 1 7
1 7 2 7
24 37 25 37
25 35 25 37
25 37 25 38
14 34 16 34
16 34 16 35
16 35 16 36
32 26 32 28
32 28 32 29
32 29 32 32
4 23 4 24
4 23 9 23
4 24 4 27
36 11 36 13
36 11 38 11
38 9 38 11
31 18 32 18
32 9 32 14
32 14 32 18
35 8 37 8
37 2 37 4
37 4 37 8
19 38 20 38
20 38 21 38
35 31 35 32
35 32 35 34
6 31 6 32
6 31 7 31
23 29 25 29
25 29 25 31
17 26 17 27
17 27 17 32
10 20 10 21
10 21 11 21
7 19 10 19
10 19 11 19
18 18 19 18
19 15 19 18
10 18 11 18
11 17 11 18
31 12 31 13
31 13 31 14
14 11 14 14
14 11 18 11
3 11 3 16
3 16 3 27
23 10 24 10
24 10 24 12
5 3 5 5
5 5 6 5
7 2 7 3
7 3 7 5
26 0 26 1
26 1 26 2
17 0 18 0
18 0 18 1
21 37 22 37
18 37 18 38
11 36 11 37
9 35 12 35
2 35 2 36
6 34 7 34
13 32 14 32
0 32 0 37
20 31 21 31
5 27 7 27
37 26 37 27
31 26 31 28
8 26 11 26
34 24 36 24
0 24 0 25
31 23 31 25
28 22 30 22
8 22 10 22
19 20 19 22
20 19 20 21
18 19 18 24
4 19 6 19
24 18 24 19
12 18 12 30
36 17 38 17
2 17 2 19
11 16 15 16
21 13 22 13
38 12 38 14
16 12 16 14
9 12 10 12
6 12 6 13
2 11 2 12
19 10 19 14
27 9 31 9
0 9 0 13
8 8 11 8
26 7 26 13
7 7 8 7
29 6 29 7
21 6 21 8
9 6 10 6
3 6 6 6
31 3 31 6
21 3 23 3
10 3 14 3
19 2 19 5
41
36 2 36 3
35 24 36 24
24 5 25 5
16 10 16 11
15 11 15 12
7 26 7 25
5 13 6 13
35 7 35 8
14 31 15 31
19 19 18 19
10 35 10 34
16 11 16 12
18 32 18 31
3 4 3 5
11 35 11 36
24 31 23 31
25 30 25 29
23 30 23 29
19 31 20 31
18 33 18 34
21 30 21 31
13 33 13 32
14 32 15 32
24 11 24 10
36 12 36 13
12 32 11 32
14 33 14 32
15 32 16 32
13 31 12 31
16 32 16 31
23 31 23 32
13 14 13 13
11 12 11 11
5 4 5 3
6 3 6 2
6 2 5 2
30 21 30 22
15 15 16 15
36 32 36 31
36 31 37 31
3 5 2 5
159
0 26 1 26
1 26 1 34
1 34 1 35
1 34 3 34
3 33 3 34
3 33 12 33
12 33 15 33
15 31 15 33
19 25 22 25
22 19 22 23
22 23 22 25
22 25 22 30
22 30 24 30
33 16 33 23
33 16 36 16
33 23 33 31
33 23 35 23
36 15 36 16
25 14 25 17
25 14 30 14
25 17 25 19
25 19 28 19
28 16 28 19
12 8 12 12
12 8 14 8
12 12 12 14
12 14 12 15
14 8 14 9
32 6 34 6
34 3 34 6
34 3 36 3
34 6 34 7
36 1 36 3
34 36 34 37
34 36 36 36
34 37 36 37
36 37 37 37
18 34 30 34
30 34 30 36
30 34 34 34
30 36 32 36
36 30 36 33
36 30 37 30
37 30 37 31
37 31 37 32
5 9 5 12
5 12 5 14
5 14 8 14
8 11 8 14
24 1 25 1
25 1 25 5
25 5 25 7
25 5 28 5
0 1 1 1
1 1 1 3
1 3 1 7
1 7 2 7
24 37 25 37
25 35 25 37
25 37 25 38
14 34 16 34
16 34 16 35
16 35 16 36
32 26 32 28
32 28 32 29
32 29 32 32
4 23 4 24
4 23 9 23
4 24 4 27
36 11 36 13
36 11 38 11
38 9 38 11
31 18 32 18
32 9 32 14
32 14 32 18
35 8 37 8
37 2 37 4
37 4 37 8
19 38 20 38
20 38 21 38
35 31 35 32
35 32 35 34
6 31 6 32
6 31 7 31
23 29 25 29
25 29 25 31
17 26 17 27
17 27 17 32
10 20 10 21
10 21 11 21
7 19 10 19
10 19 11 19
18 18 19 18
19 15 19 18
10 18 11 18
11 17 11 18
31 12 31 13
31 13 31 14
14 11 14 14
14 11 18 11
3 11 3 16
3 16 3 27
23 10 24 10
24 10 24 12
5 3 5 5
5 5 6 5
7 2 7 3
7 3 7 5
26 0 26 1
26 1 26 2
17 0 18 0
18 0 18 1
21 37 22 37
18 37 18 38
11 36 11 37
9 35 12 35
2 35 2 36
6 34 7 34
13 32 14 32
0 32 0 37
20 31 21 31
5 27 7 27
37 26 37 27
31 26 31 28
8 26 11 26
34 24 36 24
0 24 0 25
31 23 31 25
28 22 30 22
8 22 10 22
19 20 19 22
20 19 20 21
18 19 18 24
4 19 6 19
24 18 24 19
12 18 12 30
36 17 38 17
2 17 2 19
11 16 15 16
21 13 22 13
38 12 38 14
16 12 16 14
9 12 10 12
6 12 6 13
2 11 2 12
19 10 19 14
27 9 31 9
0 9 0 13
8 8 11 8
26 7 26 13
7 7 8 7
29 6 29 7
21 6 21 8
9 6 10 6
3 6 6 6
31 3 31 6
21 3 23 3
10 3 14 3
19 2 19 5
42
36 2 36 3
35 24 36 24
24 5 25 5
16 10 16 11
15 11 15 12
7 26 7 25
5 13 6 13
35 7 35 8
14 31 15 31
19 19 18 19
10 35 10 34
16 11 16 12
18 32 18 31
3 4 3 5
11 35 11 36
24 31 23 31
25 30 25 29
23 30 23 29
19 31 20 31
18 33 18 34
21 30 21 31
13 33 13 32
14 32 15 32
24 11 24 10
36 12 36 13
12 32 11 32
14 33 14 32
15 32 16 32
13 31 12 31
16 32 16 31
23 31 23 32
13 14 13 13
11 12 11 11
5 4 5 3
6 3 6 2
6 2 5 2
30 21 30 22
15 15 16 15
36 32 36 31
36 31 37 31
3 5 2 5
9 12 9 13
159
0 26 1 26
1 26 1 34
1 34 1 35
1 34 3 34
3 33 3 34
3 33 12 33
12 33 15 33
15 31 15 33
19 25 22 25
22 19 22 23
22 23 22 25
22 25 22 30
22 30 24 30
33 16 33 23
33 16 36 16
33 23 33 31
33 23 35 23
36 15 36 16
25 14 25 17
25 14 30 14
25 17 25 19
25 19 28 19
28 16 28 19
12 8 12 12
12 8 14 8
12 12 12 14
12 14 12 15
14 8 14 9
32 6 34 6
34 3 34 6
34 3 36 3
34 6 34 7
36 1 36 3
34 36 34 37
34 36 36 36
34 37 36 37
36 37 37 37
18 34 30 34
30 34 30 36
30 34 34 34
30 36 32 36
36 30 36 33
36 30 37 30
37 30 37 31
37 31 37 32
5 9 5 12
5 12 5 14
5 14 8 14
8 11 8 14
24 1 25 1
25 1 25 5
25 5 25 7
25 5 28 5
0 1 1 1
1 1 1 3
1 3 1 7
1 7 2 7
24 37 25 37
25 35 25 37
25 37 25 38
14 34 16 34
16 34 16 35
16 35 16 36
32 26 32 28
32 28 32 29
32 29 32 32
4 23 4 24
4 23 9 23
4 24 4 27
36 11 36 13
36 11 38 11
38 9 38 11
31 18 32 18
32 9 32 14
32 14 32 18
35 8 37 8
37 2 37 4
37 4 37 8
19 38 20 38
20 38 21 38
35 31 35 32
35 32 35 34
6 31 6 32
6 31 7 31
23 29 25 29
25 29 25 31
17 26 17 27
17 27 17 32
10 20 10 21
10 21 11 21
7 19 10 19
10 19 11 19
18 18 19 18
19 15 19 18
10 18 11 18
11 17 11 18
31 12 31 13
31 13 31 14
14 11 14 14
14 11 18 11
3 11 3 16
3 16 3 27
23 10 24 10
24 10 24 12
5 3 5 5
5 5 6 5
7 2 7 3
7 3 7 5
26 0 26 1
26 1 26 2
17 0 18 0
18 0 18 1
21 37 22 37
18 37 18 38
11 36 11 37
9 35 12 35
2 35 2 36
6 34 7 34
13 32 14 32
0 32 0 37
20 31 21 31
5 27 7 27
37 26 37 27
31 26 31 28
8 26 11 26
34 24 36 24
0 24 0 25
31 23 31 25
28 22 30 22
8 22 10 22
19 20 19 22
20 19 20 21
18 19 18 24
4 19 6 19
24 18 24 19
12 18 12 30
36 17 38 17
2 17 2 19
11 16 15 16
21 13 22 13
9 13 11 13
38 12 38 14
16 12 16 14
6 12 6 13
2 11 2 12
19 10 19 14
27 9 31 9
0 9 0 13
8 8 11 8
26 7 26 13
7 7 8 7
29 6 29 7
21 6 21 8
9 6 10 6
3 6 6 6
31 3 31 6
21 3 23 3
10 3 14 3
19 2 19 5
43
36 2 36 3
35 24 36 24
24 5 25 5
16 10 16 11
15 11 15 12
7 26 7 25
5 13 6 13
35 7 35 8
14 31 15 31
19 19 18 19
10 35 10 34
16 11 16 12
18 32 18 31
3 4 3 5
11 35 11 36
24 31 23 31
25 30 25 29
23 30 23 29
19 31 20 31
18 33 18 34
21 30 21 31
13 33 13 32
14 32 15 32
24 11 24 10
36 12 36 13
12 32 11 32
14 33 14 32
15 32 16 32
13 31 12 31
16 32 16 31
23 31 23 32
13 14 13 13
11 12 11 11
5 4 5 3
6 3 6 2
6 2 5 2
30 21 30 22
15 15 16 15
36 32 36 31
36 31 37 31
3 5 2 5
9 12 9 13
31 12 32 12
157
0 26 1 26
1 26 1 34
1 34 1 35
1 34 3 34
3 33 3 34
3 33 12 33
12 33 15 33
15 31 15 33
19 25 22 25
22 19 22 23
22 23 22 25
22 25 22 30
22 30 24 30
33 16 33 23
33 16 36 16
33 23 33 31
33 23 35 23
36 15 36 16
25 14 25 17
25 14 30 14
25 17 25 19
25 19 28 19
28 16 28 19
12 8 12 12
12 8 14 8
12 12 12 14
12 14 12 15
14 8 14 9
32 6 34 6
34 3 34 6
34 3 36 3
34 6 34 7
36 1 36 3
34 36 34 37
34 36 36 36
34 37 36 37
36 37 37 37
18 34 30 34
30 34 30 36
30 34 34 34
30 36 32 36
36 30 36 33
36 30 37 30
37 30 37 31
37 31 37 32
5 9 5 12
5 12 5 14
5 14 8 14
8 11 8 14
24 1 25 1
25 1 25 5
25 5 25 7
25 5 28 5
0 1 1 1
1 1 1 3
1 3 1 7
1 7 2 7
24 37 25 37
25 35 25 37
25 37 25 38
14 34 16 34
16 34 16 35
16 35 16 36
32 26 32 28
32 28 32 29
32 29 32 32
4 23 4 24
4 23 9 23
4 24 4 27
36 11 36 13
36 11 38 11
38 9 38 11
35 8 37 8
37 2 37 4
37 4 37 8
19 38 20 38
20 38 21 38
35 31 35 32
35 32 35 34
6 31 6 32
6 31 7 31
23 29 25 29
25 29 25 31
17 26 17 27
17 27 17 32
10 20 10 21
10 21 11 21
7 19 10 19
10 19 11 19
31 18 32 18
32 14 32 18
18 18 19 18
19 15 19 18
10 18 11 18
11 17 11 18
14 11 14 14
14 11 18 11
3 11 3 16
3 16 3 27
23 10 24 10
24 10 24 12
5 3 5 5
5 5 6 5
7 2 7 3
7 3 7 5
26 0 26 1
26 1 26 2
17 0 18 0
18 0 18 1
21 37 22 37
18 37 18 38
11 36 11 37
9 35 12 35
2 35 2 36
6 34 7 34
13 32 14 32
0 32 0 37
20 31 21 31
5 27 7 27
37 26 37 27
31 26 31 28
8 26 11 26
34 24 36 24
0 24 0 25
31 23 31 25
28 22 30 22
8 22 10 22
19 20 19 22
20 19 20 21
18 19 18 24
4 19 6 19
24 18 24 19
12 18 12 30
36 17 38 17
2 17 2 19
11 16 15 16
31 13 31 14
21 13 22 13
9 13 11 13
38 12 38 14
16 12 16 14
6 12 6 13
2 11 2 12
19 10 19 14
27 9 31 9
0 9 0 13
8 8 11 8
26 7 26 13
7 7 8 7
29 6 29 7
21 6 21 8
9 6 10 6
3 6 6 6
31 3 31 6
21 3 23 3
10 3 14 3
19 2 19 5
44
36 2 36 3
35 24 36 24
24 5 25 5
16 10 16 11
15 11 15 12
7 26 7 25
5 13 6 13
35 7 35 8
14 31 15 31
19 19 18 19
10 35 10 34
16 11 16 12
18 32 18 31
3 4 3 5
11 35 11 36
24 31 23 31
25 30 25 29
23 30 23 29
19 31 20 31
18 33 18 34
21 30 21 31
13 33 13 32
14 32 15 32
24 11 24 10
36 12 36 13
12 32 11 32
14 33 14 32
15 32 16 32
13 31 12 31
16 32 16 31
23 31 23 32
13 14 13 13
11 12 11 11
5 4 5 3
6 3 6 2
6 2 5 2
30 21 30 22
15 15 16 15
36 32 36 31
36 31 37 31
3 5 2 5
9 12 9 13
31 12 32 12
5 2 5 1
157
0 26 1 26
1 26 1 34
1 34 1 35
1 34 3 34
3 33 3 34
3 33 12 33
12 33 15 33
15 31 15 33
19 25 22 25
22 19 22 23
22 23 22 25
22 25 22 30
22 30 24 30
33 16 33 23
33 16 36 16
33 23 33 31
33 23 35 23
36 15 36 16
25 14 25 17
25 14 30 14
25 17 25 19
25 19 28 19
28 16 28 19
12 8 12 12
12 8 14 8
12 12 12 14
12 14 12 15
14 8 14 9
32 6 34 6
34 3 34 6
34 3 36 3
34 6 34 7
36 1 36 3
34 36 34 37
34 36 36 36
34 37 36 37
36 37 37 37
18 34 30 34
30 34 30 36
30 34 34 34
30 36 32 36
36 30 36 33
36 30 37 30
37 30 37 31
37 31 37 32
5 9 5 12
5 12 5 14
5 14 8 14
8 11 8 14
24 1 25 1
25 1 25 5
25 5 25 7
25 5 28 5
0 1 1 1
1 1 1 3
1 3 1 7
1 7 2 7
24 37 25 37
25 35 25 37
25 37 25 38
14 34 16 34
16 34 16 35
16 35 16 36
32 26 32 28
32 28 32 29
32 29 32 32
4 23 4 24
4 23 9 23
4 24 4 27
36 11 36 13
36 11 38 11
38 9 38 11
35 8 37 8
37 2 37 4
37 4 37 8
19 38 20 38
20 38 21 38
35 31 35 32
35 32 35 34
6 31 6 32
6 31 7 31
23 29 25 29
25 29 25 31
17 26 17 27
17 27 17 32
10 20 10 21
10 21 11 21
7 19 10 19
10 19 11 19
31 18 32 18
32 14 32 18
18 18 19 18
19 15 19 18
10 18 11 18
11 17 11 18
14 11 14 14
14 11 18 11
3 11 3 16
3 16 3 27
23 10 24 10
24 10 24 12
5 3 5 5
5 5 6 5
7 2 7 3
7 3 7 5
26 0 26 1
26 1 26 2
17 0 18 0
18 0 18 1
21 37 22 37
18 37 18 38
11 36 11 37
9 35 12 35
2 35 2 36
6 34 7 34
13 32 14 32
0 32 0 37
20 31 21 31
5 27 7 27
37 26 37 27
31 26 31 28
8 26 11 26
34 24 36 24
0 24 0 25
31 23 31 25
28 22 30 22
8 22 10 22
19 20 19 22
20 19 20 21
18 19 18 24
4 19 6 19
24 18 24 19
12 18 12 30
36 17 38 17
2 17 2 19
11 16 15 16
31 13 31 14
21 13 22 13
9 13 11 13
38 12 38 14
16 12 16 14
6 12 6 13
2 11 2 12
19 10 19 14
27 9 31 9
0 9 0 13
8 8 11 8
26 7 26 13
7 7 8 7
29 6 29 7
21 6 21 8
9 6 10 6
3 6 6 6
31 3 31 6
21 3 23 3
10 3 14 3
19 2 19 5
10
36 2 36 3
35 24 36 24
24 5 25 5
16 10 16 11
15 11 15 12
7 26 7 25
5 13 6 13
35 7 35 8
14 31 15 31
19 19 18 19
166
11 12 12 12
12 8 12 12
12 8 14 8
12 12 12 14
12 14 12 15
12 14 13 14
13 14 13 18
14 8 14 9
0 26 1 26
1 26 1 34
1 34 1 35
1 34 3 34
3 33 3 34
3 33 12 33
12 32 12 33
14 30 19 30
15 31 15 33
15 31 19 31
19 30 19 31
19 30 21 30
33 16 33 23
33 16 36 16
33 23 33 31
33 23 35 23
36 15 36 16
25 14 25 17
25 14 30 14
25 17 25 19
25 19 28 19
28 16 28 19
32 6 34 6
34 3 34 6
34 3 36 3
34 6 34 7
36 1 36 3
34 36 34 37
34 36 36 36
34 37 36 37
36 37 37 37
10 36 16 36
14 34 16 34
16 34 16 35
16 35 16 36
36 30 36 32
36 30 37 30
36 32 36 33
36 32 37 32
19 25 22 25
22 19 22 23
22 23 22 25
22 25 22 30
36 11 36 12
36 11 38 11
36 12 37 12
38 9 38 11
5 9 5 12
5 12 5 14
5 14 8 14
8 11 8 14
24 1 25 1
25 1 25 5
25 5 25 7
25 5 28 5
0 1 1 1
1 1 1 3
1 3 1 7
1 7 2 7
24 37 25 37
25 35 25 37
25 37 25 38
30 34 30 36
30 34 34 34
30 36 32 36
24 31 25 31
25 30 25 31
25 30 26 30
32 26 32 28
32 28 32 29
32 29 32 32
4 23 4 24
4 23 9 23
4 24 4 27
31 18 32 18
32 9 32 14
32 14 32 18
35 8 37 8
37 2 37 4
37 4 37 8
19 38 20 38
20 38 21 38
13 33 14 33
14 32 14 33
35 31 35 32
35 32 35 34
6 31 6 32
6 31 7 31
13 29 13 31
13 29 21 29
10 20 10 21
10 21 11 21
7 19 10 19
10 19 11 19
18 18 19 18
19 15 19 18
10 18 11 18
11 17 11 18
31 12 31 13
31 13 31 14
3 11 3 16
3 16 3 27
16 9 16 11
16 11 16 14
5 4 5 5
5 5 6 5
7 2 7 3
7 3 7 5
26 0 26 1
26 1 26 2
17 0 18 0
18 0 18 1
21 37 22 37
18 37 18 38
2 35 2 36
6 34 7 34
18 32 19 32
0 32 0 37
5 27 7 27
37 26 37 27
31 26 31 28
17 26 17 27
8 26 11 26
34 24 36 24
0 24 0 25
31 23 31 25
8 22 10 22
19 20 19 22
20 19 20 21
18 19 18 24
4 19 6 19
24 18 24 19
12 18 12 30
36 17 38 17
2 17 2 19
15 15 15 16
21 13 22 13
38 12 38 14
9 12 10 12
6 12 6 13
24 11 24 12
14 11 14 14
2 11 2 12
19 10 19 14
27 9 31 9
0 9 0 13
8 8 11 8
26 7 26 13
7 7 8 7
29 6 29 7
21 6 21 8
9 6 10 6
3 6 6 6
31 3 31 6
21 3 23 3
10 3 14 3
6 3 6 4
19 2 19 5
