0
149
11 18 16 18
12 28 16 28
16 18 16 24
16 24 16 28
16 28 19 28
17 30 19 30
19 25 19 26
19 25 20 25
19 26 19 28
19 26 27 26
19 28 19 30
20 25 29 25
9 16 19 16
19 16 19 17
19 16 20 16
19 17 30 17
20 16 21 16
30 9 30 17
30 9 37 9
30 18 30 30
30 18 33 18
33 12 33 17
33 12 34 12
33 17 33 18
33 18 33 28
38 19 38 23
38 19 39 19
38 23 42 23
42 23 42 27
42 23 44 23
0 1 0 3
0 1 1 1
0 3 0 5
0 5 0 10
1 0 1 1
15 35 18 35
16 36 18 36
18 35 18 36
18 35 19 35
33 10 35 10
35 10 35 12
35 12 38 12
38 12 42 12
32 8 34 8
34 8 39 8
39 8 40 8
40 8 40 9
29 5 29 10
29 5 30 5
29 10 29 16
30 4 30 5
22 37 23 37
23 36 23 37
23 37 24 37
6 34 12 34
12 34 12 36
12 36 12 41
3 18 5 18
5 18 5 20
5 18 8 18
8 11 8 12
8 11 11 11
8 12 9 12
5 2 5 4
5 2 8 2
5 4 9 4
21 44 24 44
24 44 41 44
32 43 33 43
33 37 33 43
10 42 20 42
20 32 20 42
26 41 27 41
27 41 29 41
39 38 42 38
42 35 42 38
30 37 30 43
30 43 31 43
0 35 1 35
1 35 2 35
14 32 17 32
17 32 17 34
26 29 26 36
26 36 26 40
28 28 29 28
29 27 29 28
19 21 24 21
24 21 27 21
11 21 11 28
11 21 14 21
39 20 41 20
41 20 41 21
1 20 3 20
3 20 3 27
41 18 42 18
42 18 42 21
20 13 24 13
24 12 24 13
27 3 38 3
38 2 38 3
23 2 30 2
30 2 36 2
10 44 11 44
0 42 2 42
42 40 42 41
10 39 11 39
0 39 0 41
27 37 28 37
34 36 34 38
32 36 32 41
44 34 44 35
4 34 5 34
33 32 35 32
18 31 21 31
12 31 12 33
3 30 3 38
23 29 23 31
32 28 32 35
31 28 31 29
4 28 4 31
32 25 32 26
25 24 26 24
7 23 7 32
43 20 43 22
20 18 21 18
1 16 1 19
9 15 22 15
2 15 2 18
17 14 19 14
3 14 8 14
6 13 10 13
43 10 43 11
26 10 26 12
20 9 25 9
19 7 19 10
31 6 36 6
28 6 28 10
23 6 25 6
15 6 16 6
1 6 1 7
37 5 37 7
6 5 6 7
11 4 13 4
23 3 23 4
6 3 9 3
4 3 4 8
17 1 20 1
2 1 11 1
28 0 35 0
1
19 36 20 36
150
11 18 16 18
12 28 16 28
16 18 16 24
16 24 16 28
16 28 19 28
17 30 19 30
19 25 19 26
19 25 20 25
19 26 19 28
19 26 27 26
19 28 19 30
20 25 29 25
9 16 19 16
19 16 19 17
19 16 20 16
19 17 30 17
20 16 21 16
30 9 30 17
30 9 37 9
30 18 30 30
30 18 33 18
33 12 33 17
33 12 34 12
33 17 33 18
33 18 33 28
38 19 38 23
38 19 39 19
38 23 42 23
42 23 42 27
42 23 44 23
0 1 0 3
0 1 1 1
0 3 0 5
0 5 0 10
1 0 1 1
15 35 18 35
16 36 18 36
18 35 18 36
18 35 19 35
33 10 35 10
35 10 35 12
35 12 38 12
38 12 42 12
32 8 34 8
34 8 39 8
39 8 40 8
40 8 40 9
29 5 29 10
29 5 30 5
29 10 29 16
30 4 30 5
22 37 23 37
23 36 23 37
23 37 24 37
6 34 12 34
12 34 12 36
12 36 12 41
10 42 20 42
20 32 20 36
20 36 20 42
3 18 5 18
5 18 5 20
5 18 8 18
8 11 8 12
8 11 11 11
8 12 9 12
5 2 5 4
5 2 8 2
5 4 9 4
21 44 24 44
24 44 41 44
32 43 33 43
33 37 33 43
26 41 27 41
27 41 29 41
39 38 42 38
42 35 42 38
30 37 30 43
30 43 31 43
0 35 1 35
1 35 2 35
14 32 17 32
17 32 17 34
26 29 26 36
26 36 26 40
28 28 29 28
29 27 29 28
19 21 24 21
24 21 27 21
11 21 11 28
11 21 14 21
39 20 41 20
41 20 41 21
1 20 3 20
3 20 3 27
41 18 42 18
42 18 42 21
20 13 24 13
24 12 24 13
27 3 38 3
38 2 38 3
23 2 30 2
30 2 36 2
10 44 11 44
0 42 2 42
42 40 42 41
10 39 11 39
0 39 0 41
27 37 28 37
34 36 34 38
32 36 32 41
44 34 44 35
4 34 5 34
33 32 35 32
18 31 21 31
12 31 12 33
3 30 3 38
23 29 23 31
32 28 32 35
31 28 31 29
4 28 4 31
32 25 32 26
25 24 26 24
7 23 7 32
43 20 43 22
20 18 21 18
1 16 1 19
9 15 22 15
2 15 2 18
17 14 19 14
3 14 8 14
6 13 10 13
43 10 43 11
26 10 26 12
20 9 25 9
19 7 19 10
31 6 36 6
28 6 28 10
23 6 25 6
15 6 16 6
1 6 1 7
37 5 37 7
6 5 6 7
11 4 13 4
23 3 23 4
6 3 9 3
4 3 4 8
17 1 20 1
2 1 11 1
28 0 35 0
2
19 36 20 36
40 9 40 10
151
11 18 16 18
12 28 16 28
16 18 16 24
16 24 16 28
16 28 19 28
17 30 19 30
19 25 19 26
19 25 20 25
19 26 19 28
19 26 27 26
19 28 19 30
20 25 29 25
9 16 19 16
19 16 19 17
19 16 20 16
19 17 30 17
20 16 21 16
30 9 30 17
30 9 37 9
30 18 30 30
30 18 33 18
33 12 33 17
33 12 34 12
33 17 33 18
33 18 33 28
32 8 34 8
34 8 39 8
39 8 40 8
40 8 40 10
40 10 43 10
43 10 43 11
38 19 38 23
38 19 39 19
38 23 42 23
42 23 42 27
42 23 44 23
0 1 0 3
0 1 1 1
0 3 0 5
0 5 0 10
1 0 1 1
15 35 18 35
16 36 18 36
18 35 18 36
18 35 19 35
33 10 35 10
35 10 35 12
35 12 38 12
38 12 42 12
29 5 29 10
29 5 30 5
29 10 29 16
30 4 30 5
22 37 23 37
23 36 23 37
23 37 24 37
6 34 12 34
12 34 12 36
12 36 12 41
10 42 20 42
20 32 20 36
20 36 20 42
3 18 5 18
5 18 5 20
5 18 8 18
8 11 8 12
8 11 11 11
8 12 9 12
5 2 5 4
5 2 8 2
5 4 9 4
21 44 24 44
24 44 41 44
32 43 33 43
33 37 33 43
26 41 27 41
27 41 29 41
39 38 42 38
42 35 42 38
30 37 30 43
30 43 31 43
0 35 1 35
1 35 2 35
14 32 17 32
17 32 17 34
26 29 26 36
26 36 26 40
28 28 29 28
29 27 29 28
19 21 24 21
24 21 27 21
11 21 11 28
11 21 14 21
39 20 41 20
41 20 41 21
1 20 3 20
3 20 3 27
41 18 42 18
42 18 42 21
20 13 24 13
24 12 24 13
27 3 38 3
38 2 38 3
23 2 30 2
30 2 36 2
10 44 11 44
0 42 2 42
42 40 42 41
10 39 11 39
0 39 0 41
27 37 28 37
34 36 34 38
32 36 32 41
44 34 44 35
4 34 5 34
33 32 35 32
18 31 21 31
12 31 12 33
3 30 3 38
23 29 23 31
32 28 32 35
31 28 31 29
4 28 4 31
32 25 32 26
25 24 26 24
7 23 7 32
43 20 43 22
20 18 21 18
1 16 1 19
9 15 22 15
2 15 2 18
17 14 19 14
3 14 8 14
6 13 10 13
26 10 26 12
20 9 25 9
19 7 19 10
31 6 36 6
28 6 28 10
23 6 25 6
15 6 16 6
1 6 1 7
37 5 37 7
6 5 6 7
11 4 13 4
23 3 23 4
6 3 9 3
4 3 4 8
17 1 20 1
2 1 11 1
28 0 35 0
3
19 36 20 36
40 9 40 10
11 36 11 35
151
11 18 16 18
12 28 16 28
16 18 16 24
16 24 16 28
16 28 19 28
17 30 19 30
19 25 19 26
19 25 20 25
19 26 19 28
19 26 27 26
19 28 19 30
20 25 29 25
9 16 19 16
19 16 19 17
19 16 20 16
19 17 30 17
20 16 21 16
30 9 30 17
30 9 37 9
30 18 30 30
30 18 33 18
33 12 33 17
33 12 34 12
33 17 33 18
33 18 33 28
32 8 34 8
34 8 39 8
39 8 40 8
40 8 40 10
40 10 43 10
43 10 43 11
38 19 38 23
38 19 39 19
38 23 42 23
42 23 42 27
42 23 44 23
0 1 0 3
0 1 1 1
0 3 0 5
0 5 0 10
1 0 1 1
15 35 18 35
16 36 18 36
18 35 18 36
18 35 19 35
33 10 35 10
35 10 35 12
35 12 38 12
38 12 42 12
29 5 29 10
29 5 30 5
29 10 29 16
30 4 30 5
22 37 23 37
23 36 23 37
23 37 24 37
6 34 12 34
12 34 12 36
12 36 12 41
10 42 20 42
20 32 20 36
20 36 20 42
3 18 5 18
5 18 5 20
5 18 8 18
8 11 8 12
8 11 11 11
8 12 9 12
5 2 5 4
5 2 8 2
5 4 9 4
21 44 24 44
24 44 41 44
32 43 33 43
33 37 33 43
26 41 27 41
27 41 29 41
39 38 42 38
42 35 42 38
30 37 30 43
30 43 31 43
0 35 1 35
1 35 2 35
14 32 17 32
17 32 17 34
26 29 26 36
26 36 26 40
28 28 29 28
29 27 29 28
19 21 24 21
24 21 27 21
11 21 11 28
11 21 14 21
39 20 41 20
41 20 41 21
1 20 3 20
3 20 3 27
41 18 42 18
42 18 42 21
20 13 24 13
24 12 24 13
27 3 38 3
38 2 38 3
23 2 30 2
30 2 36 2
10 44 11 44
0 42 2 42
42 40 42 41
10 39 11 39
0 39 0 41
27 37 28 37
34 36 34 38
32 36 32 41
44 34 44 35
4 34 5 34
33 32 35 32
18 31 21 31
12 31 12 33
3 30 3 38
23 29 23 31
32 28 32 35
31 28 31 29
4 28 4 31
32 25 32 26
25 24 26 24
7 23 7 32
43 20 43 22
20 18 21 18
1 16 1 19
9 15 22 15
2 15 2 18
17 14 19 14
3 14 8 14
6 13 10 13
26 10 26 12
20 9 25 9
19 7 19 10
31 6 36 6
28 6 28 10
23 6 25 6
15 6 16 6
1 6 1 7
37 5 37 7
6 5 6 7
11 4 13 4
23 3 23 4
6 3 9 3
4 3 4 8
17 1 20 1
2 1 11 1
28 0 35 0
4
19 36 20 36
40 9 40 10
11 36 11 35
5 34 5 35
150
11 18 16 18
12 28 16 28
16 18 16 24
16 24 16 28
16 28 19 28
17 30 19 30
19 25 19 26
19 25 20 25
19 26 19 28
19 26 27 26
19 28 19 30
20 25 29 25
9 16 19 16
19 16 19 17
19 16 20 16
19 17 30 17
20 16 21 16
30 9 30 17
30 9 37 9
30 18 30 30
30 18 33 18
33 12 33 17
33 12 34 12
33 17 33 18
33 18 33 28
32 8 34 8
34 8 39 8
39 8 40 8
40 8 40 10
40 10 43 10
43 10 43 11
38 19 38 23
38 19 39 19
38 23 42 23
42 23 42 27
42 23 44 23
0 1 0 3
0 1 1 1
0 3 0 5
0 5 0 10
1 0 1 1
15 35 18 35
16 36 18 36
18 35 18 36
18 35 19 35
33 10 35 10
35 10 35 12
35 12 38 12
38 12 42 12
29 5 29 10
29 5 30 5
29 10 29 16
30 4 30 5
22 37 23 37
23 36 23 37
23 37 24 37
0 35 1 35
1 35 2 35
2 35 5 35
6 34 12 34
12 34 12 36
12 36 12 41
10 42 20 42
20 32 20 36
20 36 20 42
3 18 5 18
5 18 5 20
5 18 8 18
8 11 8 12
8 11 11 11
8 12 9 12
5 2 5 4
5 2 8 2
5 4 9 4
21 44 24 44
24 44 41 44
32 43 33 43
33 37 33 43
26 41 27 41
27 41 29 41
39 38 42 38
42 35 42 38
30 37 30 43
30 43 31 43
14 32 17 32
17 32 17 34
26 29 26 36
26 36 26 40
28 28 29 28
29 27 29 28
19 21 24 21
24 21 27 21
11 21 11 28
11 21 14 21
39 20 41 20
41 20 41 21
1 20 3 20
3 20 3 27
41 18 42 18
42 18 42 21
20 13 24 13
24 12 24 13
27 3 38 3
38 2 38 3
23 2 30 2
30 2 36 2
10 44 11 44
0 42 2 42
42 40 42 41
10 39 11 39
0 39 0 41
27 37 28 37
34 36 34 38
32 36 32 41
44 34 44 35
33 32 35 32
18 31 21 31
12 31 12 33
23 29 23 31
32 28 32 35
31 28 31 29
4 28 4 31
32 25 32 26
25 24 26 24
7 23 7 32
43 20 43 22
20 18 21 18
1 16 1 19
9 15 22 15
2 15 2 18
17 14 19 14
3 14 8 14
6 13 10 13
26 10 26 12
20 9 25 9
19 7 19 10
31 6 36 6
28 6 28 10
23 6 25 6
15 6 16 6
1 6 1 7
37 5 37 7
6 5 6 7
11 4 13 4
23 3 23 4
6 3 9 3
4 3 4 8
17 1 20 1
2 1 11 1
28 0 35 0
5
19 36 20 36
40 9 40 10
11 36 11 35
5 34 5 35
16 29 17 29
150
11 18 16 18
12 28 16 28
16 18 16 24
16 24 16 28
16 28 19 28
17 30 19 30
19 25 19 26
19 25 20 25
19 26 19 28
19 26 27 26
19 28 19 30
20 25 29 25
9 16 19 16
19 16 19 17
19 16 20 16
19 17 30 17
20 16 21 16
30 9 30 17
30 9 37 9
30 18 30 30
30 18 33 18
33 12 33 17
33 12 34 12
33 17 33 18
33 18 33 28
32 8 34 8
34 8 39 8
39 8 40 8
40 8 40 10
40 10 43 10
43 10 43 11
38 19 38 23
38 19 39 19
38 23 42 23
42 23 42 27
42 23 44 23
0 1 0 3
0 1 1 1
0 3 0 5
0 5 0 10
1 0 1 1
15 35 18 35
16 36 18 36
18 35 18 36
18 35 19 35
33 10 35 10
35 10 35 12
35 12 38 12
38 12 42 12
29 5 29 10
29 5 30 5
29 10 29 16
30 4 30 5
22 37 23 37
23 36 23 37
23 37 24 37
0 35 1 35
1 35 2 35
2 35 5 35
6 34 12 34
12 34 12 36
12 36 12 41
10 42 20 42
20 32 20 36
20 36 20 42
3 18 5 18
5 18 5 20
5 18 8 18
8 11 8 12
8 11 11 11
8 12 9 12
5 2 5 4
5 2 8 2
5 4 9 4
21 44 24 44
24 44 41 44
32 43 33 43
33 37 33 43
26 41 27 41
27 41 29 41
39 38 42 38
42 35 42 38
30 37 30 43
30 43 31 43
14 32 17 32
17 32 17 34
26 29 26 36
26 36 26 40
28 28 29 28
29 27 29 28
19 21 24 21
24 21 27 21
11 21 11 28
11 21 14 21
39 20 41 20
41 20 41 21
1 20 3 20
3 20 3 27
41 18 42 18
42 18 42 21
20 13 24 13
24 12 24 13
27 3 38 3
38 2 38 3
23 2 30 2
30 2 36 2
10 44 11 44
0 42 2 42
42 40 42 41
10 39 11 39
0 39 0 41
27 37 28 37
34 36 34 38
32 36 32 41
44 34 44 35
33 32 35 32
18 31 21 31
12 31 12 33
23 29 23 31
32 28 32 35
31 28 31 29
4 28 4 31
32 25 32 26
25 24 26 24
7 23 7 32
43 20 43 22
20 18 21 18
1 16 1 19
9 15 22 15
2 15 2 18
17 14 19 14
3 14 8 14
6 13 10 13
26 10 26 12
20 9 25 9
19 7 19 10
31 6 36 6
28 6 28 10
23 6 25 6
15 6 16 6
1 6 1 7
37 5 37 7
6 5 6 7
11 4 13 4
23 3 23 4
6 3 9 3
4 3 4 8
17 1 20 1
2 1 11 1
28 0 35 0
6
19 36 20 36
40 9 40 10
11 36 11 35
5 34 5 35
16 29 17 29
3 15 3 16
150
11 18 16 18
12 28 16 28
16 18 16 24
16 24 16 28
16 28 19 28
17 30 19 30
19 25 19 26
19 25 20 25
19 26 19 28
19 26 27 26
19 28 19 30
20 25 29 25
9 16 19 16
19 16 19 17
19 16 20 16
19 17 30 17
20 16 21 16
30 9 30 17
30 9 37 9
30 18 30 30
30 18 33 18
33 12 33 17
33 12 34 12
33 17 33 18
33 18 33 28
32 8 34 8
34 8 39 8
39 8 40 8
40 8 40 10
40 10 43 10
43 10 43 11
38 19 38 23
38 19 39 19
38 23 42 23
42 23 42 27
42 23 44 23
0 1 0 3
0 1 1 1
0 3 0 5
0 5 0 10
1 0 1 1
15 35 18 35
16 36 18 36
18 35 18 36
18 35 19 35
33 10 35 10
35 10 35 12
35 12 38 12
38 12 42 12
29 5 29 10
29 5 30 5
29 10 29 16
30 4 30 5
22 37 23 37
23 36 23 37
23 37 24 37
0 35 1 35
1 35 2 35
2 35 5 35
6 34 12 34
12 34 12 36
12 36 12 41
10 42 20 42
20 32 20 36
20 36 20 42
3 18 5 18
5 18 5 20
5 18 8 18
8 11 8 12
8 11 11 11
8 12 9 12
5 2 5 4
5 2 8 2
5 4 9 4
21 44 24 44
24 44 41 44
32 43 33 43
33 37 33 43
26 41 27 41
27 41 29 41
39 38 42 38
42 35 42 38
30 37 30 43
30 43 31 43
14 32 17 32
17 32 17 34
26 29 26 36
26 36 26 40
28 28 29 28
29 27 29 28
19 21 24 21
24 21 27 21
11 21 11 28
11 21 14 21
39 20 41 20
41 20 41 21
1 20 3 20
3 20 3 27
41 18 42 18
42 18 42 21
1 16 1 19
1 16 3 16
20 13 24 13
24 12 24 13
27 3 38 3
38 2 38 3
23 2 30 2
30 2 36 2
10 44 11 44
0 42 2 42
42 40 42 41
10 39 11 39
0 39 0 41
27 37 28 37
34 36 34 38
32 36 32 41
44 34 44 35
33 32 35 32
18 31 21 31
12 31 12 33
23 29 23 31
32 28 32 35
31 28 31 29
4 28 4 31
32 25 32 26
25 24 26 24
7 23 7 32
43 20 43 22
20 18 21 18
9 15 22 15
17 14 19 14
3 14 8 14
6 13 10 13
26 10 26 12
20 9 25 9
19 7 19 10
31 6 36 6
28 6 28 10
23 6 25 6
15 6 16 6
1 6 1 7
37 5 37 7
6 5 6 7
11 4 13 4
23 3 23 4
6 3 9 3
4 3 4 8
17 1 20 1
2 1 11 1
28 0 35 0
7
19 36 20 36
40 9 40 10
11 36 11 35
5 34 5 35
16 29 17 29
3 15 3 16
18 26 17 26
150
11 18 16 18
12 28 16 28
16 18 16 24
16 24 16 28
16 28 19 28
17 30 19 30
19 25 19 26
19 25 20 25
19 26 19 28
19 26 27 26
19 28 19 30
20 25 29 25
9 16 19 16
19 16 19 17
19 16 20 16
19 17 30 17
20 16 21 16
30 9 30 17
30 9 37 9
30 18 30 30
30 18 33 18
33 12 33 17
33 12 34 12
33 17 33 18
33 18 33 28
32 8 34 8
34 8 39 8
39 8 40 8
40 8 40 10
40 10 43 10
43 10 43 11
38 19 38 23
38 19 39 19
38 23 42 23
42 23 42 27
42 23 44 23
0 1 0 3
0 1 1 1
0 3 0 5
0 5 0 10
1 0 1 1
15 35 18 35
16 36 18 36
18 35 18 36
18 35 19 35
33 10 35 10
35 10 35 12
35 12 38 12
38 12 42 12
29 5 29 10
29 5 30 5
29 10 29 16
30 4 30 5
22 37 23 37
23 36 23 37
23 37 24 37
0 35 1 35
1 35 2 35
2 35 5 35
6 34 12 34
12 34 12 36
12 36 12 41
10 42 20 42
20 32 20 36
20 36 20 42
3 18 5 18
5 18 5 20
5 18 8 18
8 11 8 12
8 11 11 11
8 12 9 12
5 2 5 4
5 2 8 2
5 4 9 4
21 44 24 44
24 44 41 44
32 43 33 43
33 37 33 43
26 41 27 41
27 41 29 41
39 38 42 38
42 35 42 38
30 37 30 43
30 43 31 43
14 32 17 32
17 32 17 34
26 29 26 36
26 36 26 40
28 28 29 28
29 27 29 28
19 21 24 21
24 21 27 21
11 21 11 28
11 21 14 21
39 20 41 20
41 20 41 21
1 20 3 20
3 20 3 27
41 18 42 18
42 18 42 21
1 16 1 19
1 16 3 16
20 13 24 13
24 12 24 13
27 3 38 3
38 2 38 3
23 2 30 2
30 2 36 2
10 44 11 44
0 42 2 42
42 40 42 41
10 39 11 39
0 39 0 41
27 37 28 37
34 36 34 38
32 36 32 41
44 34 44 35
33 32 35 32
18 31 21 31
12 31 12 33
23 29 23 31
32 28 32 35
31 28 31 29
4 28 4 31
32 25 32 26
25 24 26 24
7 23 7 32
43 20 43 22
20 18 21 18
9 15 22 15
17 14 19 14
3 14 8 14
6 13 10 13
26 10 26 12
20 9 25 9
19 7 19 10
31 6 36 6
28 6 28 10
23 6 25 6
15 6 16 6
1 6 1 7
37 5 37 7
6 5 6 7
11 4 13 4
23 3 23 4
6 3 9 3
4 3 4 8
17 1 20 1
2 1 11 1
28 0 35 0
8
19 36 20 36
40 9 40 10
11 36 11 35
5 34 5 35
16 29 17 29
3 15 3 16
18 26 17 26
33 11 34 11
150
11 18 16 18
12 28 16 28
16 18 16 24
16 24 16 28
16 28 19 28
17 30 19 30
19 25 19 26
19 25 20 25
19 26 19 28
19 26 27 26
19 28 19 30
20 25 29 25
9 16 19 16
19 16 19 17
19 16 20 16
19 17 30 17
20 16 21 16
30 9 30 17
30 9 37 9
30 18 30 30
30 18 33 18
33 12 33 17
33 12 34 12
33 17 33 18
33 18 33 28
32 8 34 8
34 8 39 8
39 8 40 8
40 8 40 10
40 10 43 10
43 10 43 11
38 19 38 23
38 19 39 19
38 23 42 23
42 23 42 27
42 23 44 23
0 1 0 3
0 1 1 1
0 3 0 5
0 5 0 10
1 0 1 1
15 35 18 35
16 36 18 36
18 35 18 36
18 35 19 35
33 10 35 10
35 10 35 12
35 12 38 12
38 12 42 12
29 5 29 10
29 5 30 5
29 10 29 16
30 4 30 5
22 37 23 37
23 36 23 37
23 37 24 37
0 35 1 35
1 35 2 35
2 35 5 35
6 34 12 34
12 34 12 36
12 36 12 41
10 42 20 42
20 32 20 36
20 36 20 42
3 18 5 18
5 18 5 20
5 18 8 18
8 11 8 12
8 11 11 11
8 12 9 12
5 2 5 4
5 2 8 2
5 4 9 4
21 44 24 44
24 44 41 44
32 43 33 43
33 37 33 43
26 41 27 41
27 41 29 41
39 38 42 38
42 35 42 38
30 37 30 43
30 43 31 43
14 32 17 32
17 32 17 34
26 29 26 36
26 36 26 40
28 28 29 28
29 27 29 28
19 21 24 21
24 21 27 21
11 21 11 28
11 21 14 21
39 20 41 20
41 20 41 21
1 20 3 20
3 20 3 27
41 18 42 18
42 18 42 21
1 16 1 19
1 16 3 16
20 13 24 13
24 12 24 13
27 3 38 3
38 2 38 3
23 2 30 2
30 2 36 2
10 44 11 44
0 42 2 42
42 40 42 41
10 39 11 39
0 39 0 41
27 37 28 37
34 36 34 38
32 36 32 41
44 34 44 35
33 32 35 32
18 31 21 31
12 31 12 33
23 29 23 31
32 28 32 35
31 28 31 29
4 28 4 31
32 25 32 26
25 24 26 24
7 23 7 32
43 20 43 22
20 18 21 18
9 15 22 15
17 14 19 14
3 14 8 14
6 13 10 13
26 10 26 12
20 9 25 9
19 7 19 10
31 6 36 6
28 6 28 10
23 6 25 6
15 6 16 6
1 6 1 7
37 5 37 7
6 5 6 7
11 4 13 4
23 3 23 4
6 3 9 3
4 3 4 8
17 1 20 1
2 1 11 1
28 0 35 0
9
19 36 20 36
40 9 40 10
11 36 11 35
5 34 5 35
16 29 17 29
3 15 3 16
18 26 17 26
33 11 34 11
34 12 34 13
149
11 18 16 18
12 28 16 28
16 18 16 24
16 24 16 28
16 28 19 28
17 30 19 30
19 25 19 26
19 25 20 25
19 26 19 28
19 26 27 26
19 28 19 30
20 25 29 25
9 16 19 16
19 16 19 17
19 16 20 16
19 17 30 17
20 16 21 16
30 9 30 17
30 9 37 9
32 8 34 8
34 8 39 8
39 8 40 8
40 8 40 10
40 10 43 10
43 10 43 11
38 19 38 23
38 19 39 19
38 23 42 23
42 23 42 27
42 23 44 23
30 18 30 30
30 18 33 18
33 12 33 17
33 17 33 18
33 18 33 28
0 1 0 3
0 1 1 1
0 3 0 5
0 5 0 10
1 0 1 1
15 35 18 35
16 36 18 36
18 35 18 36
18 35 19 35
33 10 35 10
35 10 35 12
35 12 38 12
38 12 42 12
29 5 29 10
29 5 30 5
29 10 29 16
30 4 30 5
22 37 23 37
23 36 23 37
23 37 24 37
0 35 1 35
1 35 2 35
2 35 5 35
6 34 12 34
12 34 12 36
12 36 12 41
10 42 20 42
20 32 20 36
20 36 20 42
3 18 5 18
5 18 5 20
5 18 8 18
8 11 8 12
8 11 11 11
8 12 9 12
5 2 5 4
5 2 8 2
5 4 9 4
21 44 24 44
24 44 41 44
32 43 33 43
33 37 33 43
26 41 27 41
27 41 29 41
39 38 42 38
42 35 42 38
30 37 30 43
30 43 31 43
14 32 17 32
17 32 17 34
26 29 26 36
26 36 26 40
28 28 29 28
29 27 29 28
19 21 24 21
24 21 27 21
11 21 11 28
11 21 14 21
39 20 41 20
41 20 41 21
1 20 3 20
3 20 3 27
41 18 42 18
42 18 42 21
1 16 1 19
1 16 3 16
20 13 24 13
24 12 24 13
27 3 38 3
38 2 38 3
23 2 30 2
30 2 36 2
10 44 11 44
0 42 2 42
42 40 42 41
10 39 11 39
0 39 0 41
27 37 28 37
34 36 34 38
32 36 32 41
44 34 44 35
33 32 35 32
18 31 21 31
12 31 12 33
23 29 23 31
32 28 32 35
31 28 31 29
4 28 4 31
32 25 32 26
25 24 26 24
7 23 7 32
43 20 43 22
20 18 21 18
9 15 22 15
17 14 19 14
3 14 8 14
6 13 10 13
26 10 26 12
20 9 25 9
19 7 19 10
31 6 36 6
28 6 28 10
23 6 25 6
15 6 16 6
1 6 1 7
37 5 37 7
6 5 6 7
11 4 13 4
23 3 23 4
6 3 9 3
4 3 4 8
17 1 20 1
2 1 11 1
28 0 35 0
10
19 36 20 36
40 9 40 10
11 36 11 35
5 34 5 35
16 29 17 29
3 15 3 16
18 26 17 26
33 11 34 11
34 12 34 13
27 28 26 28
149
11 18 16 18
12 28 16 28
16 18 16 24
16 24 16 28
16 28 19 28
17 30 19 30
19 25 19 26
19 25 20 25
19 26 19 28
19 26 27 26
19 28 19 30
20 25 29 25
9 16 19 16
19 16 19 17
19 16 20 16
19 17 30 17
20 16 21 16
30 9 30 17
30 9 37 9
32 8 34 8
34 8 39 8
39 8 40 8
40 8 40 10
40 10 43 10
43 10 43 11
38 19 38 23
38 19 39 19
38 23 42 23
42 23 42 27
42 23 44 23
30 18 30 30
30 18 33 18
33 12 33 17
33 17 33 18
33 18 33 28
0 1 0 3
0 1 1 1
0 3 0 5
0 5 0 10
1 0 1 1
15 35 18 35
16 36 18 36
18 35 18 36
18 35 19 35
33 10 35 10
35 10 35 12
35 12 38 12
38 12 42 12
29 5 29 10
29 5 30 5
29 10 29 16
30 4 30 5
22 37 23 37
23 36 23 37
23 37 24 37
0 35 1 35
1 35 2 35
2 35 5 35
6 34 12 34
12 34 12 36
12 36 12 41
10 42 20 42
20 32 20 36
20 36 20 42
3 18 5 18
5 18 5 20
5 18 8 18
8 11 8 12
8 11 11 11
8 12 9 12
5 2 5 4
5 2 8 2
5 4 9 4
21 44 24 44
24 44 41 44
32 43 33 43
33 37 33 43
26 41 27 41
27 41 29 41
39 38 42 38
42 35 42 38
30 37 30 43
30 43 31 43
14 32 17 32
17 32 17 34
26 29 26 36
26 36 26 40
28 28 29 28
29 27 29 28
19 21 24 21
24 21 27 21
11 21 11 28
11 21 14 21
39 20 41 20
41 20 41 21
1 20 3 20
3 20 3 27
41 18 42 18
42 18 42 21
1 16 1 19
1 16 3 16
20 13 24 13
24 12 24 13
27 3 38 3
38 2 38 3
23 2 30 2
30 2 36 2
10 44 11 44
0 42 2 42
42 40 42 41
10 39 11 39
0 39 0 41
27 37 28 37
34 36 34 38
32 36 32 41
44 34 44 35
33 32 35 32
18 31 21 31
12 31 12 33
23 29 23 31
32 28 32 35
31 28 31 29
4 28 4 31
32 25 32 26
25 24 26 24
7 23 7 32
43 20 43 22
20 18 21 18
9 15 22 15
17 14 19 14
3 14 8 14
6 13 10 13
26 10 26 12
20 9 25 9
19 7 19 10
31 6 36 6
28 6 28 10
23 6 25 6
15 6 16 6
1 6 1 7
37 5 37 7
6 5 6 7
11 4 13 4
23 3 23 4
6 3 9 3
4 3 4 8
17 1 20 1
2 1 11 1
28 0 35 0
11
19 36 20 36
40 9 40 10
11 36 11 35
5 34 5 35
16 29 17 29
3 15 3 16
18 26 17 26
33 11 34 11
34 12 34 13
27 28 26 28
30 5 31 5
148
11 18 16 18
12 28 16 28
16 18 16 24
16 24 16 28
16 28 19 28
17 30 19 30
19 25 19 26
19 25 20 25
19 26 19 28
19 26 27 26
19 28 19 30
20 25 29 25
9 16 19 16
19 16 19 17
19 16 20 16
19 17 30 17
20 16 21 16
30 9 30 17
30 9 37 9
32 8 34 8
34 8 39 8
39 8 40 8
40 8 40 10
40 10 43 10
43 10 43 11
38 19 38 23
38 19 39 19
38 23 42 23
42 23 42 27
42 23 44 23
30 18 30 30
30 18 33 18
33 12 33 17
33 17 33 18
33 18 33 28
0 1 0 3
0 1 1 1
0 3 0 5
0 5 0 10
1 0 1 1
15 35 18 35
16 36 18 36
18 35 18 36
18 35 19 35
33 10 35 10
35 10 35 12
35 12 38 12
38 12 42 12
22 37 23 37
23 36 23 37
23 37 24 37
0 35 1 35
1 35 2 35
2 35 5 35
6 34 12 34
12 34 12 36
12 36 12 41
10 42 20 42
20 32 20 36
20 36 20 42
3 18 5 18
5 18 5 20
5 18 8 18
8 11 8 12
8 11 11 11
8 12 9 12
29 5 29 10
29 5 31 5
29 10 29 16
5 2 5 4
5 2 8 2
5 4 9 4
21 44 24 44
24 44 41 44
32 43 33 43
33 37 33 43
26 41 27 41
27 41 29 41
39 38 42 38
42 35 42 38
30 37 30 43
30 43 31 43
14 32 17 32
17 32 17 34
26 29 26 36
26 36 26 40
28 28 29 28
29 27 29 28
19 21 24 21
24 21 27 21
11 21 11 28
11 21 14 21
39 20 41 20
41 20 41 21
1 20 3 20
3 20 3 27
41 18 42 18
42 18 42 21
1 16 1 19
1 16 3 16
20 13 24 13
24 12 24 13
27 3 38 3
38 2 38 3
23 2 30 2
30 2 36 2
10 44 11 44
0 42 2 42
42 40 42 41
10 39 11 39
0 39 0 41
27 37 28 37
34 36 34 38
32 36 32 41
44 34 44 35
33 32 35 32
18 31 21 31
12 31 12 33
23 29 23 31
32 28 32 35
31 28 31 29
4 28 4 31
32 25 32 26
25 24 26 24
7 23 7 32
43 20 43 22
20 18 21 18
9 15 22 15
17 14 19 14
3 14 8 14
6 13 10 13
26 10 26 12
20 9 25 9
19 7 19 10
31 6 36 6
28 6 28 10
23 6 25 6
15 6 16 6
1 6 1 7
37 5 37 7
6 5 6 7
11 4 13 4
23 3 23 4
6 3 9 3
4 3 4 8
17 1 20 1
2 1 11 1
28 0 35 0
12
19 36 20 36
40 9 40 10
11 36 11 35
5 34 5 35
16 29 17 29
3 15 3 16
18 26 17 26
33 11 34 11
34 12 34 13
27 28 26 28
30 5 31 5
12 9 12 10
148
11 18 16 18
12 28 16 28
16 18 16 24
16 24 16 28
16 28 19 28
17 30 19 30
19 25 19 26
19 25 20 25
19 26 19 28
19 26 27 26
19 28 19 30
20 25 29 25
9 16 19 16
19 16 19 17
19 16 20 16
19 17 30 17
20 16 21 16
30 9 30 17
30 9 37 9
32 8 34 8
34 8 39 8
39 8 40 8
40 8 40 10
40 10 43 10
43 10 43 11
38 19 38 23
38 19 39 19
38 23 42 23
42 23 42 27
42 23 44 23
30 18 30 30
30 18 33 18
33 12 33 17
33 17 33 18
33 18 33 28
0 1 0 3
0 1 1 1
0 3 0 5
0 5 0 10
1 0 1 1
15 35 18 35
16 36 18 36
18 35 18 36
18 35 19 35
33 10 35 10
35 10 35 12
35 12 38 12
38 12 42 12
22 37 23 37
23 36 23 37
23 37 24 37
0 35 1 35
1 35 2 35
2 35 5 35
6 34 12 34
12 34 12 36
12 36 12 41
10 42 20 42
20 32 20 36
20 36 20 42
3 18 5 18
5 18 5 20
5 18 8 18
8 11 8 12
8 11 11 11
8 12 9 12
29 5 29 10
29 5 31 5
29 10 29 16
5 2 5 4
5 2 8 2
5 4 9 4
21 44 24 44
24 44 41 44
32 43 33 43
33 37 33 43
26 41 27 41
27 41 29 41
39 38 42 38
42 35 42 38
30 37 30 43
30 43 31 43
14 32 17 32
17 32 17 34
26 29 26 36
26 36 26 40
28 28 29 28
29 27 29 28
19 21 24 21
24 21 27 21
11 21 11 28
11 21 14 21
39 20 41 20
41 20 41 21
1 20 3 20
3 20 3 27
41 18 42 18
42 18 42 21
1 16 1 19
1 16 3 16
20 13 24 13
24 12 24 13
27 3 38 3
38 2 38 3
23 2 30 2
30 2 36 2
10 44 11 44
0 42 2 42
42 40 42 41
10 39 11 39
0 39 0 41
27 37 28 37
34 36 34 38
32 36 32 41
44 34 44 35
33 32 35 32
18 31 21 31
12 31 12 33
23 29 23 31
32 28 32 35
31 28 31 29
4 28 4 31
32 25 32 26
25 24 26 24
7 23 7 32
43 20 43 22
20 18 21 18
9 15 22 15
17 14 19 14
3 14 8 14
6 13 10 13
26 10 26 12
20 9 25 9
19 7 19 10
31 6 36 6
28 6 28 10
23 6 25 6
15 6 16 6
1 6 1 7
37 5 37 7
6 5 6 7
11 4 13 4
23 3 23 4
6 3 9 3
4 3 4 8
17 1 20 1
2 1 11 1
28 0 35 0
13
19 36 20 36
40 9 40 10
11 36 11 35
5 34 5 35
16 29 17 29
3 15 3 16
18 26 17 26
33 11 34 11
34 12 34 13
27 28 26 28
30 5 31 5
12 9 12 10
21 8 20 8
148
11 18 16 18
12 28 16 28
16 18 16 24
16 24 16 28
16 28 19 28
17 30 19 30
19 25 19 26
19 25 20 25
19 26 19 28
19 26 27 26
19 28 19 30
20 25 29 25
9 16 19 16
19 16 19 17
19 16 20 16
19 17 30 17
20 16 21 16
30 9 30 17
30 9 37 9
32 8 34 8
34 8 39 8
39 8 40 8
40 8 40 10
40 10 43 10
43 10 43 11
38 19 38 23
38 19 39 19
38 23 42 23
42 23 42 27
42 23 44 23
30 18 30 30
30 18 33 18
33 12 33 17
33 17 33 18
33 18 33 28
0 1 0 3
0 1 1 1
0 3 0 5
0 5 0 10
1 0 1 1
15 35 18 35
16 36 18 36
18 35 18 36
18 35 19 35
33 10 35 10
35 10 35 12
35 12 38 12
38 12 42 12
22 37 23 37
23 36 23 37
23 37 24 37
0 35 1 35
1 35 2 35
2 35 5 35
6 34 12 34
12 34 12 36
12 36 12 41
10 42 20 42
20 32 20 36
20 36 20 42
3 18 5 18
5 18 5 20
5 18 8 18
8 11 8 12
8 11 11 11
8 12 9 12
29 5 29 10
29 5 31 5
29 10 29 16
5 2 5 4
5 2 8 2
5 4 9 4
21 44 24 44
24 44 41 44
32 43 33 43
33 37 33 43
26 41 27 41
27 41 29 41
39 38 42 38
42 35 42 38
30 37 30 43
30 43 31 43
14 32 17 32
17 32 17 34
26 29 26 36
26 36 26 40
28 28 29 28
29 27 29 28
19 21 24 21
24 21 27 21
11 21 11 28
11 21 14 21
39 20 41 20
41 20 41 21
1 20 3 20
3 20 3 27
41 18 42 18
42 18 42 21
1 16 1 19
1 16 3 16
20 13 24 13
24 12 24 13
27 3 38 3
38 2 38 3
23 2 30 2
30 2 36 2
10 44 11 44
0 42 2 42
42 40 42 41
10 39 11 39
0 39 0 41
27 37 28 37
34 36 34 38
32 36 32 41
44 34 44 35
33 32 35 32
18 31 21 31
12 31 12 33
23 29 23 31
32 28 32 35
31 28 31 29
4 28 4 31
32 25 32 26
25 24 26 24
7 23 7 32
43 20 43 22
20 18 21 18
9 15 22 15
17 14 19 14
3 14 8 14
6 13 10 13
26 10 26 12
20 9 25 9
19 7 19 10
31 6 36 6
28 6 28 10
23 6 25 6
15 6 16 6
1 6 1 7
37 5 37 7
6 5 6 7
11 4 13 4
23 3 23 4
6 3 9 3
4 3 4 8
17 1 20 1
2 1 11 1
28 0 35 0
14
19 36 20 36
40 9 40 10
11 36 11 35
5 34 5 35
16 29 17 29
3 15 3 16
18 26 17 26
33 11 34 11
34 12 34 13
27 28 26 28
30 5 31 5
12 9 12 10
21 8 20 8
37 14 37 13
148
11 18 16 18
12 28 16 28
16 18 16 24
16 24 16 28
16 28 19 28
17 30 19 30
19 25 19 26
19 25 20 25
19 26 19 28
19 26 27 26
19 28 19 30
20 25 29 25
9 16 19 16
19 16 19 17
19 16 20 16
19 17 30 17
20 16 21 16
30 9 30 17
30 9 37 9
32 8 34 8
34 8 39 8
39 8 40 8
40 8 40 10
40 10 43 10
43 10 43 11
38 19 38 23
38 19 39 19
38 23 42 23
42 23 42 27
42 23 44 23
30 18 30 30
30 18 33 18
33 12 33 17
33 17 33 18
33 18 33 28
0 1 0 3
0 1 1 1
0 3 0 5
0 5 0 10
1 0 1 1
15 35 18 35
16 36 18 36
18 35 18 36
18 35 19 35
33 10 35 10
35 10 35 12
35 12 38 12
38 12 42 12
22 37 23 37
23 36 23 37
23 37 24 37
0 35 1 35
1 35 2 35
2 35 5 35
6 34 12 34
12 34 12 36
12 36 12 41
10 42 20 42
20 32 20 36
20 36 20 42
3 18 5 18
5 18 5 20
5 18 8 18
8 11 8 12
8 11 11 11
8 12 9 12
29 5 29 10
29 5 31 5
29 10 29 16
5 2 5 4
5 2 8 2
5 4 9 4
21 44 24 44
24 44 41 44
32 43 33 43
33 37 33 43
26 41 27 41
27 41 29 41
39 38 42 38
42 35 42 38
30 37 30 43
30 43 31 43
14 32 17 32
17 32 17 34
26 29 26 36
26 36 26 40
28 28 29 28
29 27 29 28
19 21 24 21
24 21 27 21
11 21 11 28
11 21 14 21
39 20 41 20
41 20 41 21
1 20 3 20
3 20 3 27
41 18 42 18
42 18 42 21
1 16 1 19
1 16 3 16
20 13 24 13
24 12 24 13
27 3 38 3
38 2 38 3
23 2 30 2
30 2 36 2
10 44 11 44
0 42 2 42
42 40 42 41
10 39 11 39
0 39 0 41
27 37 28 37
34 36 34 38
32 36 32 41
44 34 44 35
33 32 35 32
18 31 21 31
12 31 12 33
23 29 23 31
32 28 32 35
31 28 31 29
4 28 4 31
32 25 32 26
25 24 26 24
7 23 7 32
43 20 43 22
20 18 21 18
9 15 22 15
17 14 19 14
3 14 8 14
6 13 10 13
26 10 26 12
20 9 25 9
19 7 19 10
31 6 36 6
28 6 28 10
23 6 25 6
15 6 16 6
1 6 1 7
37 5 37 7
6 5 6 7
11 4 13 4
23 3 23 4
6 3 9 3
4 3 4 8
17 1 20 1
2 1 11 1
28 0 35 0
15
19 36 20 36
40 9 40 10
11 36 11 35
5 34 5 35
16 29 17 29
3 15 3 16
18 26 17 26
33 11 34 11
34 12 34 13
27 28 26 28
30 5 31 5
12 9 12 10
21 8 20 8
37 14 37 13
23 3 24 3
147
11 18 16 18
12 28 16 28
16 18 16 24
16 24 16 28
16 28 19 28
17 30 19 30
19 25 19 26
19 25 20 25
19 26 19 28
19 26 27 26
19 28 19 30
20 25 29 25
9 16 19 16
19 16 19 17
19 16 20 16
19 17 30 17
20 16 21 16
30 9 30 17
30 9 37 9
32 8 34 8
34 8 39 8
39 8 40 8
40 8 40 10
40 10 43 10
43 10 43 11
38 19 38 23
38 19 39 19
38 23 42 23
42 23 42 27
42 23 44 23
30 18 30 30
30 18 33 18
33 12 33 17
33 17 33 18
33 18 33 28
0 1 0 3
0 1 1 1
0 3 0 5
0 5 0 10
1 0 1 1
15 35 18 35
16 36 18 36
18 35 18 36
18 35 19 35
33 10 35 10
35 10 35 12
35 12 38 12
38 12 42 12
22 37 23 37
23 36 23 37
23 37 24 37
0 35 1 35
1 35 2 35
2 35 5 35
6 34 12 34
12 34 12 36
12 36 12 41
10 42 20 42
20 32 20 36
20 36 20 42
3 18 5 18
5 18 5 20
5 18 8 18
8 11 8 12
8 11 11 11
8 12 9 12
29 5 29 10
29 5 31 5
29 10 29 16
5 2 5 4
5 2 8 2
5 4 9 4
21 44 24 44
24 44 41 44
32 43 33 43
33 37 33 43
26 41 27 41
27 41 29 41
39 38 42 38
42 35 42 38
30 37 30 43
30 43 31 43
14 32 17 32
17 32 17 34
26 29 26 36
26 36 26 40
28 28 29 28
29 27 29 28
19 21 24 21
24 21 27 21
11 21 11 28
11 21 14 21
39 20 41 20
41 20 41 21
1 20 3 20
3 20 3 27
41 18 42 18
42 18 42 21
1 16 1 19
1 16 3 16
20 13 24 13
24 12 24 13
27 3 38 3
38 2 38 3
23 2 30 2
30 2 36 2
10 44 11 44
0 42 2 42
42 40 42 41
10 39 11 39
0 39 0 41
27 37 28 37
34 36 34 38
32 36 32 41
44 34 44 35
33 32 35 32
18 31 21 31
12 31 12 33
23 29 23 31
32 28 32 35
31 28 31 29
4 28 4 31
32 25 32 26
25 24 26 24
7 23 7 32
43 20 43 22
20 18 21 18
9 15 22 15
17 14 19 14
3 14 8 14
6 13 10 13
26 10 26 12
20 9 25 9
19 7 19 10
31 6 36 6
28 6 28 10
23 6 25 6
15 6 16 6
1 6 1 7
37 5 37 7
6 5 6 7
11 4 13 4
6 3 9 3
4 3 4 8
17 1 20 1
2 1 11 1
28 0 35 0
16
19 36 20 36
40 9 40 10
11 36 11 35
5 34 5 35
16 29 17 29
3 15 3 16
18 26 17 26
33 11 34 11
34 12 34 13
27 28 26 28
30 5 31 5
12 9 12 10
21 8 20 8
37 14 37 13
23 3 24 3
16 30 16 31
147
11 18 16 18
12 28 16 28
16 18 16 24
16 24 16 28
16 28 19 28
17 30 19 30
19 25 19 26
19 25 20 25
19 26 19 28
19 26 27 26
19 28 19 30
20 25 29 25
9 16 19 16
19 16 19 17
19 16 20 16
19 17 30 17
20 16 21 16
30 9 30 17
30 9 37 9
32 8 34 8
34 8 39 8
39 8 40 8
40 8 40 10
40 10 43 10
43 10 43 11
38 19 38 23
38 19 39 19
38 23 42 23
42 23 42 27
42 23 44 23
30 18 30 30
30 18 33 18
33 12 33 17
33 17 33 18
33 18 33 28
0 1 0 3
0 1 1 1
0 3 0 5
0 5 0 10
1 0 1 1
15 35 18 35
16 36 18 36
18 35 18 36
18 35 19 35
33 10 35 10
35 10 35 12
35 12 38 12
38 12 42 12
22 37 23 37
23 36 23 37
23 37 24 37
0 35 1 35
1 35 2 35
2 35 5 35
6 34 12 34
12 34 12 36
12 36 12 41
10 42 20 42
20 32 20 36
20 36 20 42
3 18 5 18
5 18 5 20
5 18 8 18
8 11 8 12
8 11 11 11
8 12 9 12
29 5 29 10
29 5 31 5
29 10 29 16
5 2 5 4
5 2 8 2
5 4 9 4
21 44 24 44
24 44 41 44
32 43 33 43
33 37 33 43
26 41 27 41
27 41 29 41
39 38 42 38
42 35 42 38
30 37 30 43
30 43 31 43
14 32 17 32
17 32 17 34
26 29 26 36
26 36 26 40
28 28 29 28
29 27 29 28
19 21 24 21
24 21 27 21
11 21 11 28
11 21 14 21
39 20 41 20
41 20 41 21
1 20 3 20
3 20 3 27
41 18 42 18
42 18 42 21
1 16 1 19
1 16 3 16
20 13 24 13
24 12 24 13
27 3 38 3
38 2 38 3
23 2 30 2
30 2 36 2
10 44 11 44
0 42 2 42
42 40 42 41
10 39 11 39
0 39 0 41
27 37 28 37
34 36 34 38
32 36 32 41
44 34 44 35
33 32 35 32
18 31 21 31
12 31 12 33
23 29 23 31
32 28 32 35
31 28 31 29
4 28 4 31
32 25 32 26
25 24 26 24
7 23 7 32
43 20 43 22
20 18 21 18
9 15 22 15
17 14 19 14
3 14 8 14
6 13 10 13
26 10 26 12
20 9 25 9
19 7 19 10
31 6 36 6
28 6 28 10
23 6 25 6
15 6 16 6
1 6 1 7
37 5 37 7
6 5 6 7
11 4 13 4
6 3 9 3
4 3 4 8
17 1 20 1
2 1 11 1
28 0 35 0
17
19 36 20 36
40 9 40 10
11 36 11 35
5 34 5 35
16 29 17 29
3 15 3 16
18 26 17 26
33 11 34 11
34 12 34 13
27 28 26 28
30 5 31 5
12 9 12 10
21 8 20 8
37 14 37 13
23 3 24 3
16 30 16 31
38 13 39 13
147
11 18 16 18
12 28 16 28
16 18 16 24
16 24 16 28
16 28 19 28
17 30 19 30
19 25 19 26
19 25 20 25
19 26 19 28
19 26 27 26
19 28 19 30
20 25 29 25
9 16 19 16
19 16 19 17
19 16 20 16
19 17 30 17
20 16 21 16
30 9 30 17
30 9 37 9
32 8 34 8
34 8 39 8
39 8 40 8
40 8 40 10
40 10 43 10
43 10 43 11
38 19 38 23
38 19 39 19
38 23 42 23
42 23 42 27
42 23 44 23
30 18 30 30
30 18 33 18
33 12 33 17
33 17 33 18
33 18 33 28
0 1 0 3
0 1 1 1
0 3 0 5
0 5 0 10
1 0 1 1
15 35 18 35
16 36 18 36
18 35 18 36
18 35 19 35
33 10 35 10
35 10 35 12
35 12 38 12
38 12 42 12
22 37 23 37
23 36 23 37
23 37 24 37
0 35 1 35
1 35 2 35
2 35 5 35
6 34 12 34
12 34 12 36
12 36 12 41
10 42 20 42
20 32 20 36
20 36 20 42
3 18 5 18
5 18 5 20
5 18 8 18
8 11 8 12
8 11 11 11
8 12 9 12
29 5 29 10
29 5 31 5
29 10 29 16
5 2 5 4
5 2 8 2
5 4 9 4
21 44 24 44
24 44 41 44
32 43 33 43
33 37 33 43
26 41 27 41
27 41 29 41
39 38 42 38
42 35 42 38
30 37 30 43
30 43 31 43
14 32 17 32
17 32 17 34
26 29 26 36
26 36 26 40
28 28 29 28
29 27 29 28
19 21 24 21
24 21 27 21
11 21 11 28
11 21 14 21
39 20 41 20
41 20 41 21
1 20 3 20
3 20 3 27
41 18 42 18
42 18 42 21
1 16 1 19
1 16 3 16
20 13 24 13
24 12 24 13
27 3 38 3
38 2 38 3
23 2 30 2
30 2 36 2
10 44 11 44
0 42 2 42
42 40 42 41
10 39 11 39
0 39 0 41
27 37 28 37
34 36 34 38
32 36 32 41
44 34 44 35
33 32 35 32
18 31 21 31
12 31 12 33
23 29 23 31
32 28 32 35
31 28 31 29
4 28 4 31
32 25 32 26
25 24 26 24
7 23 7 32
43 20 43 22
20 18 21 18
9 15 22 15
17 14 19 14
3 14 8 14
6 13 10 13
26 10 26 12
20 9 25 9
19 7 19 10
31 6 36 6
28 6 28 10
23 6 25 6
15 6 16 6
1 6 1 7
37 5 37 7
6 5 6 7
11 4 13 4
6 3 9 3
4 3 4 8
17 1 20 1
2 1 11 1
28 0 35 0
18
19 36 20 36
40 9 40 10
11 36 11 35
5 34 5 35
16 29 17 29
3 15 3 16
18 26 17 26
33 11 34 11
34 12 34 13
27 28 26 28
30 5 31 5
12 9 12 10
21 8 20 8
37 14 37 13
23 3 24 3
16 30 16 31
38 13 39 13
39 14 38 14
147
11 18 16 18
12 28 16 28
16 18 16 24
16 24 16 28
16 28 19 28
17 30 19 30
19 25 19 26
19 25 20 25
19 26 19 28
19 26 27 26
19 28 19 30
20 25 29 25
9 16 19 16
19 16 19 17
19 16 20 16
19 17 30 17
20 16 21 16
30 9 30 17
30 9 37 9
32 8 34 8
34 8 39 8
39 8 40 8
40 8 40 10
40 10 43 10
43 10 43 11
38 19 38 23
38 19 39 19
38 23 42 23
42 23 42 27
42 23 44 23
30 18 30 30
30 18 33 18
33 12 33 17
33 17 33 18
33 18 33 28
0 1 0 3
0 1 1 1
0 3 0 5
0 5 0 10
1 0 1 1
15 35 18 35
16 36 18 36
18 35 18 36
18 35 19 35
33 10 35 10
35 10 35 12
35 12 38 12
38 12 42 12
22 37 23 37
23 36 23 37
23 37 24 37
0 35 1 35
1 35 2 35
2 35 5 35
6 34 12 34
12 34 12 36
12 36 12 41
10 42 20 42
20 32 20 36
20 36 20 42
3 18 5 18
5 18 5 20
5 18 8 18
8 11 8 12
8 11 11 11
8 12 9 12
29 5 29 10
29 5 31 5
29 10 29 16
5 2 5 4
5 2 8 2
5 4 9 4
21 44 24 44
24 44 41 44
32 43 33 43
33 37 33 43
26 41 27 41
27 41 29 41
39 38 42 38
42 35 42 38
30 37 30 43
30 43 31 43
14 32 17 32
17 32 17 34
26 29 26 36
26 36 26 40
28 28 29 28
29 27 29 28
19 21 24 21
24 21 27 21
11 21 11 28
11 21 14 21
39 20 41 20
41 20 41 21
1 20 3 20
3 20 3 27
41 18 42 18
42 18 42 21
1 16 1 19
1 16 3 16
20 13 24 13
24 12 24 13
27 3 38 3
38 2 38 3
23 2 30 2
30 2 36 2
10 44 11 44
0 42 2 42
42 40 42 41
10 39 11 39
0 39 0 41
27 37 28 37
34 36 34 38
32 36 32 41
44 34 44 35
33 32 35 32
18 31 21 31
12 31 12 33
23 29 23 31
32 28 32 35
31 28 31 29
4 28 4 31
32 25 32 26
25 24 26 24
7 23 7 32
43 20 43 22
20 18 21 18
9 15 22 15
17 14 19 14
3 14 8 14
6 13 10 13
26 10 26 12
20 9 25 9
19 7 19 10
31 6 36 6
28 6 28 10
23 6 25 6
15 6 16 6
1 6 1 7
37 5 37 7
6 5 6 7
11 4 13 4
6 3 9 3
4 3 4 8
17 1 20 1
2 1 11 1
28 0 35 0
19
19 36 20 36
40 9 40 10
11 36 11 35
5 34 5 35
16 29 17 29
3 15 3 16
18 26 17 26
33 11 34 11
34 12 34 13
27 28 26 28
30 5 31 5
12 9 12 10
21 8 20 8
37 14 37 13
23 3 24 3
16 30 16 31
38 13 39 13
39 14 38 14
38 14 39 14
147
11 18 16 18
12 28 16 28
16 18 16 24
16 24 16 28
16 28 19 28
17 30 19 30
19 25 19 26
19 25 20 25
19 26 19 28
19 26 27 26
19 28 19 30
20 25 29 25
9 16 19 16
19 16 19 17
19 16 20 16
19 17 30 17
20 16 21 16
30 9 30 17
30 9 37 9
32 8 34 8
34 8 39 8
39 8 40 8
40 8 40 10
40 10 43 10
43 10 43 11
38 19 38 23
38 19 39 19
38 23 42 23
42 23 42 27
42 23 44 23
30 18 30 30
30 18 33 18
33 12 33 17
33 17 33 18
33 18 33 28
0 1 0 3
0 1 1 1
0 3 0 5
0 5 0 10
1 0 1 1
15 35 18 35
16 36 18 36
18 35 18 36
18 35 19 35
33 10 35 10
35 10 35 12
35 12 38 12
38 12 42 12
22 37 23 37
23 36 23 37
23 37 24 37
0 35 1 35
1 35 2 35
2 35 5 35
6 34 12 34
12 34 12 36
12 36 12 41
10 42 20 42
20 32 20 36
20 36 20 42
3 18 5 18
5 18 5 20
5 18 8 18
8 11 8 12
8 11 11 11
8 12 9 12
29 5 29 10
29 5 31 5
29 10 29 16
5 2 5 4
5 2 8 2
5 4 9 4
21 44 24 44
24 44 41 44
32 43 33 43
33 37 33 43
26 41 27 41
27 41 29 41
39 38 42 38
42 35 42 38
30 37 30 43
30 43 31 43
14 32 17 32
17 32 17 34
26 29 26 36
26 36 26 40
28 28 29 28
29 27 29 28
19 21 24 21
24 21 27 21
11 21 11 28
11 21 14 21
39 20 41 20
41 20 41 21
1 20 3 20
3 20 3 27
41 18 42 18
42 18 42 21
1 16 1 19
1 16 3 16
20 13 24 13
24 12 24 13
27 3 38 3
38 2 38 3
23 2 30 2
30 2 36 2
10 44 11 44
0 42 2 42
42 40 42 41
10 39 11 39
0 39 0 41
27 37 28 37
34 36 34 38
32 36 32 41
44 34 44 35
33 32 35 32
18 31 21 31
12 31 12 33
23 29 23 31
32 28 32 35
31 28 31 29
4 28 4 31
32 25 32 26
25 24 26 24
7 23 7 32
43 20 43 22
20 18 21 18
9 15 22 15
17 14 19 14
3 14 8 14
6 13 10 13
26 10 26 12
20 9 25 9
19 7 19 10
31 6 36 6
28 6 28 10
23 6 25 6
15 6 16 6
1 6 1 7
37 5 37 7
6 5 6 7
11 4 13 4
6 3 9 3
4 3 4 8
17 1 20 1
2 1 11 1
28 0 35 0
20
19 36 20 36
40 9 40 10
11 36 11 35
5 34 5 35
16 29 17 29
3 15 3 16
18 26 17 26
33 11 34 11
34 12 34 13
27 28 26 28
30 5 31 5
12 9 12 10
21 8 20 8
37 14 37 13
23 3 24 3
16 30 16 31
38 13 39 13
39 14 38 14
38 14 39 14
39 14 38 14
147
11 18 16 18
12 28 16 28
16 18 16 24
16 24 16 28
16 28 19 28
17 30 19 30
19 25 19 26
19 25 20 25
19 26 19 28
19 26 27 26
19 28 19 30
20 25 29 25
9 16 19 16
19 16 19 17
19 16 20 16
19 17 30 17
20 16 21 16
30 9 30 17
30 9 37 9
32 8 34 8
34 8 39 8
39 8 40 8
40 8 40 10
40 10 43 10
43 10 43 11
38 19 38 23
38 19 39 19
38 23 42 23
42 23 42 27
42 23 44 23
30 18 30 30
30 18 33 18
33 12 33 17
33 17 33 18
33 18 33 28
0 1 0 3
0 1 1 1
0 3 0 5
0 5 0 10
1 0 1 1
15 35 18 35
16 36 18 36
18 35 18 36
18 35 19 35
33 10 35 10
35 10 35 12
35 12 38 12
38 12 42 12
22 37 23 37
23 36 23 37
23 37 24 37
0 35 1 35
1 35 2 35
2 35 5 35
6 34 12 34
12 34 12 36
12 36 12 41
10 42 20 42
20 32 20 36
20 36 20 42
3 18 5 18
5 18 5 20
5 18 8 18
8 11 8 12
8 11 11 11
8 12 9 12
29 5 29 10
29 5 31 5
29 10 29 16
5 2 5 4
5 2 8 2
5 4 9 4
21 44 24 44
24 44 41 44
32 43 33 43
33 37 33 43
26 41 27 41
27 41 29 41
39 38 42 38
42 35 42 38
30 37 30 43
30 43 31 43
14 32 17 32
17 32 17 34
26 29 26 36
26 36 26 40
28 28 29 28
29 27 29 28
19 21 24 21
24 21 27 21
11 21 11 28
11 21 14 21
39 20 41 20
41 20 41 21
1 20 3 20
3 20 3 27
41 18 42 18
42 18 42 21
1 16 1 19
1 16 3 16
20 13 24 13
24 12 24 13
27 3 38 3
38 2 38 3
23 2 30 2
30 2 36 2
10 44 11 44
0 42 2 42
42 40 42 41
10 39 11 39
0 39 0 41
27 37 28 37
34 36 34 38
32 36 32 41
44 34 44 35
33 32 35 32
18 31 21 31
12 31 12 33
23 29 23 31
32 28 32 35
31 28 31 29
4 28 4 31
32 25 32 26
25 24 26 24
7 23 7 32
43 20 43 22
20 18 21 18
9 15 22 15
17 14 19 14
3 14 8 14
6 13 10 13
26 10 26 12
20 9 25 9
19 7 19 10
31 6 36 6
28 6 28 10
23 6 25 6
15 6 16 6
1 6 1 7
37 5 37 7
6 5 6 7
11 4 13 4
6 3 9 3
4 3 4 8
17 1 20 1
2 1 11 1
28 0 35 0
21
19 36 20 36
40 9 40 10
11 36 11 35
5 34 5 35
16 29 17 29
3 15 3 16
18 26 17 26
33 11 34 11
34 12 34 13
27 28 26 28
30 5 31 5
12 9 12 10
21 8 20 8
37 14 37 13
23 3 24 3
16 30 16 31
38 13 39 13
39 14 38 14
38 14 39 14
39 14 38 14
38 14 39 14
147
11 18 16 18
12 28 16 28
16 18 16 24
16 24 16 28
16 28 19 28
17 30 19 30
19 25 19 26
19 25 20 25
19 26 19 28
19 26 27 26
19 28 19 30
20 25 29 25
9 16 19 16
19 16 19 17
19 16 20 16
19 17 30 17
20 16 21 16
30 9 30 17
30 9 37 9
32 8 34 8
34 8 39 8
39 8 40 8
40 8 40 10
40 10 43 10
43 10 43 11
38 19 38 23
38 19 39 19
38 23 42 23
42 23 42 27
42 23 44 23
30 18 30 30
30 18 33 18
33 12 33 17
33 17 33 18
33 18 33 28
0 1 0 3
0 1 1 1
0 3 0 5
0 5 0 10
1 0 1 1
15 35 18 35
16 36 18 36
18 35 18 36
18 35 19 35
33 10 35 10
35 10 35 12
35 12 38 12
38 12 42 12
22 37 23 37
23 36 23 37
23 37 24 37
0 35 1 35
1 35 2 35
2 35 5 35
6 34 12 34
12 34 12 36
12 36 12 41
10 42 20 42
20 32 20 36
20 36 20 42
3 18 5 18
5 18 5 20
5 18 8 18
8 11 8 12
8 11 11 11
8 12 9 12
29 5 29 10
29 5 31 5
29 10 29 16
5 2 5 4
5 2 8 2
5 4 9 4
21 44 24 44
24 44 41 44
32 43 33 43
33 37 33 43
26 41 27 41
27 41 29 41
39 38 42 38
42 35 42 38
30 37 30 43
30 43 31 43
14 32 17 32
17 32 17 34
26 29 26 36
26 36 26 40
28 28 29 28
29 27 29 28
19 21 24 21
24 21 27 21
11 21 11 28
11 21 14 21
39 20 41 20
41 20 41 21
1 20 3 20
3 20 3 27
41 18 42 18
42 18 42 21
1 16 1 19
1 16 3 16
20 13 24 13
24 12 24 13
27 3 38 3
38 2 38 3
23 2 30 2
30 2 36 2
10 44 11 44
0 42 2 42
42 40 42 41
10 39 11 39
0 39 0 41
27 37 28 37
34 36 34 38
32 36 32 41
44 34 44 35
33 32 35 32
18 31 21 31
12 31 12 33
23 29 23 31
32 28 32 35
31 28 31 29
4 28 4 31
32 25 32 26
25 24 26 24
7 23 7 32
43 20 43 22
20 18 21 18
9 15 22 15
17 14 19 14
3 14 8 14
6 13 10 13
26 10 26 12
20 9 25 9
19 7 19 10
31 6 36 6
28 6 28 10
23 6 25 6
15 6 16 6
1 6 1 7
37 5 37 7
6 5 6 7
11 4 13 4
6 3 9 3
4 3 4 8
17 1 20 1
2 1 11 1
28 0 35 0
22
19 36 20 36
40 9 40 10
11 36 11 35
5 34 5 35
16 29 17 29
3 15 3 16
18 26 17 26
33 11 34 11
34 12 34 13
27 28 26 28
30 5 31 5
12 9 12 10
21 8 20 8
37 14 37 13
23 3 24 3
16 30 16 31
38 13 39 13
39 14 38 14
38 14 39 14
39 14 38 14
38 14 39 14
39 14 38 14
147
11 18 16 18
12 28 16 28
16 18 16 24
16 24 16 28
16 28 19 28
17 30 19 30
19 25 19 26
19 25 20 25
19 26 19 28
19 26 27 26
19 28 19 30
20 25 29 25
9 16 19 16
19 16 19 17
19 16 20 16
19 17 30 17
20 16 21 16
30 9 30 17
30 9 37 9
32 8 34 8
34 8 39 8
39 8 40 8
40 8 40 10
40 10 43 10
43 10 43 11
38 19 38 23
38 19 39 19
38 23 42 23
42 23 42 27
42 23 44 23
30 18 30 30
30 18 33 18
33 12 33 17
33 17 33 18
33 18 33 28
0 1 0 3
0 1 1 1
0 3 0 5
0 5 0 10
1 0 1 1
15 35 18 35
16 36 18 36
18 35 18 36
18 35 19 35
33 10 35 10
35 10 35 12
35 12 38 12
38 12 42 12
22 37 23 37
23 36 23 37
23 37 24 37
0 35 1 35
1 35 2 35
2 35 5 35
6 34 12 34
12 34 12 36
12 36 12 41
10 42 20 42
20 32 20 36
20 36 20 42
3 18 5 18
5 18 5 20
5 18 8 18
8 11 8 12
8 11 11 11
8 12 9 12
29 5 29 10
29 5 31 5
29 10 29 16
5 2 5 4
5 2 8 2
5 4 9 4
21 44 24 44
24 44 41 44
32 43 33 43
33 37 33 43
26 41 27 41
27 41 29 41
39 38 42 38
42 35 42 38
30 37 30 43
30 43 31 43
14 32 17 32
17 32 17 34
26 29 26 36
26 36 26 40
28 28 29 28
29 27 29 28
19 21 24 21
24 21 27 21
11 21 11 28
11 21 14 21
39 20 41 20
41 20 41 21
1 20 3 20
3 20 3 27
41 18 42 18
42 18 42 21
1 16 1 19
1 16 3 16
20 13 24 13
24 12 24 13
27 3 38 3
38 2 38 3
23 2 30 2
30 2 36 2
10 44 11 44
0 42 2 42
42 40 42 41
10 39 11 39
0 39 0 41
27 37 28 37
34 36 34 38
32 36 32 41
44 34 44 35
33 32 35 32
18 31 21 31
12 31 12 33
23 29 23 31
32 28 32 35
31 28 31 29
4 28 4 31
32 25 32 26
25 24 26 24
7 23 7 32
43 20 43 22
20 18 21 18
9 15 22 15
17 14 19 14
3 14 8 14
6 13 10 13
26 10 26 12
20 9 25 9
19 7 19 10
31 6 36 6
28 6 28 10
23 6 25 6
15 6 16 6
1 6 1 7
37 5 37 7
6 5 6 7
11 4 13 4
6 3 9 3
4 3 4 8
17 1 20 1
2 1 11 1
28 0 35 0
23
19 36 20 36
40 9 40 10
11 36 11 35
5 34 5 35
16 29 17 29
3 15 3 16
18 26 17 26
33 11 34 11
34 12 34 13
27 28 26 28
30 5 31 5
12 9 12 10
21 8 20 8
37 14 37 13
23 3 24 3
16 30 16 31
38 13 39 13
39 14 38 14
38 14 39 14
39 14 38 14
38 14 39 14
39 14 38 14
38 14 39 14
147
11 18 16 18
12 28 16 28
16 18 16 24
16 24 16 28
16 28 19 28
17 30 19 30
19 25 19 26
19 25 20 25
19 26 19 28
19 26 27 26
19 28 19 30
20 25 29 25
9 16 19 16
19 16 19 17
19 16 20 16
19 17 30 17
20 16 21 16
30 9 30 17
30 9 37 9
32 8 34 8
34 8 39 8
39 8 40 8
40 8 40 10
40 10 43 10
43 10 43 11
38 19 38 23
38 19 39 19
38 23 42 23
42 23 42 27
42 23 44 23
30 18 30 30
30 18 33 18
33 12 33 17
33 17 33 18
33 18 33 28
0 1 0 3
0 1 1 1
0 3 0 5
0 5 0 10
1 0 1 1
15 35 18 35
16 36 18 36
18 35 18 36
18 35 19 35
33 10 35 10
35 10 35 12
35 12 38 12
38 12 42 12
22 37 23 37
23 36 23 37
23 37 24 37
0 35 1 35
1 35 2 35
2 35 5 35
6 34 12 34
12 34 12 36
12 36 12 41
10 42 20 42
20 32 20 36
20 36 20 42
3 18 5 18
5 18 5 20
5 18 8 18
8 11 8 12
8 11 11 11
8 12 9 12
29 5 29 10
29 5 31 5
29 10 29 16
5 2 5 4
5 2 8 2
5 4 9 4
21 44 24 44
24 44 41 44
32 43 33 43
33 37 33 43
26 41 27 41
27 41 29 41
39 38 42 38
42 35 42 38
30 37 30 43
30 43 31 43
14 32 17 32
17 32 17 34
26 29 26 36
26 36 26 40
28 28 29 28
29 27 29 28
19 21 24 21
24 21 27 21
11 21 11 28
11 21 14 21
39 20 41 20
41 20 41 21
1 20 3 20
3 20 3 27
41 18 42 18
42 18 42 21
1 16 1 19
1 16 3 16
20 13 24 13
24 12 24 13
27 3 38 3
38 2 38 3
23 2 30 2
30 2 36 2
10 44 11 44
0 42 2 42
42 40 42 41
10 39 11 39
0 39 0 41
27 37 28 37
34 36 34 38
32 36 32 41
44 34 44 35
33 32 35 32
18 31 21 31
12 31 12 33
23 29 23 31
32 28 32 35
31 28 31 29
4 28 4 31
32 25 32 26
25 24 26 24
7 23 7 32
43 20 43 22
20 18 21 18
9 15 22 15
17 14 19 14
3 14 8 14
6 13 10 13
26 10 26 12
20 9 25 9
19 7 19 10
31 6 36 6
28 6 28 10
23 6 25 6
15 6 16 6
1 6 1 7
37 5 37 7
6 5 6 7
11 4 13 4
6 3 9 3
4 3 4 8
17 1 20 1
2 1 11 1
28 0 35 0
24
19 36 20 36
40 9 40 10
11 36 11 35
5 34 5 35
16 29 17 29
3 15 3 16
18 26 17 26
33 11 34 11
34 12 34 13
27 28 26 28
30 5 31 5
12 9 12 10
21 8 20 8
37 14 37 13
23 3 24 3
16 30 16 31
38 13 39 13
39 14 38 14
38 14 39 14
39 14 38 14
38 14 39 14
39 14 38 14
38 14 39 14
39 14 38 14
147
11 18 16 18
12 28 16 28
16 18 16 24
16 24 16 28
16 28 19 28
17 30 19 30
19 25 19 26
19 25 20 25
19 26 19 28
19 26 27 26
19 28 19 30
20 25 29 25
9 16 19 16
19 16 19 17
19 16 20 16
19 17 30 17
20 16 21 16
30 9 30 17
30 9 37 9
32 8 34 8
34 8 39 8
39 8 40 8
40 8 40 10
40 10 43 10
43 10 43 11
38 19 38 23
38 19 39 19
38 23 42 23
42 23 42 27
42 23 44 23
30 18 30 30
30 18 33 18
33 12 33 17
33 17 33 18
33 18 33 28
0 1 0 3
0 1 1 1
0 3 0 5
0 5 0 10
1 0 1 1
15 35 18 35
16 36 18 36
18 35 18 36
18 35 19 35
33 10 35 10
35 10 35 12
35 12 38 12
38 12 42 12
22 37 23 37
23 36 23 37
23 37 24 37
0 35 1 35
1 35 2 35
2 35 5 35
6 34 12 34
12 34 12 36
12 36 12 41
10 42 20 42
20 32 20 36
20 36 20 42
3 18 5 18
5 18 5 20
5 18 8 18
8 11 8 12
8 11 11 11
8 12 9 12
29 5 29 10
29 5 31 5
29 10 29 16
5 2 5 4
5 2 8 2
5 4 9 4
21 44 24 44
24 44 41 44
32 43 33 43
33 37 33 43
26 41 27 41
27 41 29 41
39 38 42 38
42 35 42 38
30 37 30 43
30 43 31 43
14 32 17 32
17 32 17 34
26 29 26 36
26 36 26 40
28 28 29 28
29 27 29 28
19 21 24 21
24 21 27 21
11 21 11 28
11 21 14 21
39 20 41 20
41 20 41 21
1 20 3 20
3 20 3 27
41 18 42 18
42 18 42 21
1 16 1 19
1 16 3 16
20 13 24 13
24 12 24 13
27 3 38 3
38 2 38 3
23 2 30 2
30 2 36 2
10 44 11 44
0 42 2 42
42 40 42 41
10 39 11 39
0 39 0 41
27 37 28 37
34 36 34 38
32 36 32 41
44 34 44 35
33 32 35 32
18 31 21 31
12 31 12 33
23 29 23 31
32 28 32 35
31 28 31 29
4 28 4 31
32 25 32 26
25 24 26 24
7 23 7 32
43 20 43 22
20 18 21 18
9 15 22 15
17 14 19 14
3 14 8 14
6 13 10 13
26 10 26 12
20 9 25 9
19 7 19 10
31 6 36 6
28 6 28 10
23 6 25 6
15 6 16 6
1 6 1 7
37 5 37 7
6 5 6 7
11 4 13 4
6 3 9 3
4 3 4 8
17 1 20 1
2 1 11 1
28 0 35 0
25
19 36 20 36
40 9 40 10
11 36 11 35
5 34 5 35
16 29 17 29
3 15 3 16
18 26 17 26
33 11 34 11
34 12 34 13
27 28 26 28
30 5 31 5
12 9 12 10
21 8 20 8
37 14 37 13
23 3 24 3
16 30 16 31
38 13 39 13
39 14 38 14
38 14 39 14
39 14 38 14
38 14 39 14
39 14 38 14
38 14 39 14
39 14 38 14
38 14 39 14
147
11 18 16 18
12 28 16 28
16 18 16 24
16 24 16 28
16 28 19 28
17 30 19 30
19 25 19 26
19 25 20 25
19 26 19 28
19 26 27 26
19 28 19 30
20 25 29 25
9 16 19 16
19 16 19 17
19 16 20 16
19 17 30 17
20 16 21 16
30 9 30 17
30 9 37 9
32 8 34 8
34 8 39 8
39 8 40 8
40 8 40 10
40 10 43 10
43 10 43 11
38 19 38 23
38 19 39 19
38 23 42 23
42 23 42 27
42 23 44 23
30 18 30 30
30 18 33 18
33 12 33 17
33 17 33 18
33 18 33 28
0 1 0 3
0 1 1 1
0 3 0 5
0 5 0 10
1 0 1 1
15 35 18 35
16 36 18 36
18 35 18 36
18 35 19 35
33 10 35 10
35 10 35 12
35 12 38 12
38 12 42 12
22 37 23 37
23 36 23 37
23 37 24 37
0 35 1 35
1 35 2 35
2 35 5 35
6 34 12 34
12 34 12 36
12 36 12 41
10 42 20 42
20 32 20 36
20 36 20 42
3 18 5 18
5 18 5 20
5 18 8 18
8 11 8 12
8 11 11 11
8 12 9 12
29 5 29 10
29 5 31 5
29 10 29 16
5 2 5 4
5 2 8 2
5 4 9 4
21 44 24 44
24 44 41 44
32 43 33 43
33 37 33 43
26 41 27 41
27 41 29 41
39 38 42 38
42 35 42 38
30 37 30 43
30 43 31 43
14 32 17 32
17 32 17 34
26 29 26 36
26 36 26 40
28 28 29 28
29 27 29 28
19 21 24 21
24 21 27 21
11 21 11 28
11 21 14 21
39 20 41 20
41 20 41 21
1 20 3 20
3 20 3 27
41 18 42 18
42 18 42 21
1 16 1 19
1 16 3 16
20 13 24 13
24 12 24 13
27 3 38 3
38 2 38 3
23 2 30 2
30 2 36 2
10 44 11 44
0 42 2 42
42 40 42 41
10 39 11 39
0 39 0 41
27 37 28 37
34 36 34 38
32 36 32 41
44 34 44 35
33 32 35 32
18 31 21 31
12 31 12 33
23 29 23 31
32 28 32 35
31 28 31 29
4 28 4 31
32 25 32 26
25 24 26 24
7 23 7 32
43 20 43 22
20 18 21 18
9 15 22 15
17 14 19 14
3 14 8 14
6 13 10 13
26 10 26 12
20 9 25 9
19 7 19 10
31 6 36 6
28 6 28 10
23 6 25 6
15 6 16 6
1 6 1 7
37 5 37 7
6 5 6 7
11 4 13 4
6 3 9 3
4 3 4 8
17 1 20 1
2 1 11 1
28 0 35 0
26
19 36 20 36
40 9 40 10
11 36 11 35
5 34 5 35
16 29 17 29
3 15 3 16
18 26 17 26
33 11 34 11
34 12 34 13
27 28 26 28
30 5 31 5
12 9 12 10
21 8 20 8
37 14 37 13
23 3 24 3
16 30 16 31
38 13 39 13
39 14 38 14
38 14 39 14
39 14 38 14
38 14 39 14
39 14 38 14
38 14 39 14
39 14 38 14
38 14 39 14
39 14 38 14
147
11 18 16 18
12 28 16 28
16 18 16 24
16 24 16 28
16 28 19 28
17 30 19 30
19 25 19 26
19 25 20 25
19 26 19 28
19 26 27 26
19 28 19 30
20 25 29 25
9 16 19 16
19 16 19 17
19 16 20 16
19 17 30 17
20 16 21 16
30 9 30 17
30 9 37 9
32 8 34 8
34 8 39 8
39 8 40 8
40 8 40 10
40 10 43 10
43 10 43 11
38 19 38 23
38 19 39 19
38 23 42 23
42 23 42 27
42 23 44 23
30 18 30 30
30 18 33 18
33 12 33 17
33 17 33 18
33 18 33 28
0 1 0 3
0 1 1 1
0 3 0 5
0 5 0 10
1 0 1 1
15 35 18 35
16 36 18 36
18 35 18 36
18 35 19 35
33 10 35 10
35 10 35 12
35 12 38 12
38 12 42 12
22 37 23 37
23 36 23 37
23 37 24 37
0 35 1 35
1 35 2 35
2 35 5 35
6 34 12 34
12 34 12 36
12 36 12 41
10 42 20 42
20 32 20 36
20 36 20 42
3 18 5 18
5 18 5 20
5 18 8 18
8 11 8 12
8 11 11 11
8 12 9 12
29 5 29 10
29 5 31 5
29 10 29 16
5 2 5 4
5 2 8 2
5 4 9 4
21 44 24 44
24 44 41 44
32 43 33 43
33 37 33 43
26 41 27 41
27 41 29 41
39 38 42 38
42 35 42 38
30 37 30 43
30 43 31 43
14 32 17 32
17 32 17 34
26 29 26 36
26 36 26 40
28 28 29 28
29 27 29 28
19 21 24 21
24 21 27 21
11 21 11 28
11 21 14 21
39 20 41 20
41 20 41 21
1 20 3 20
3 20 3 27
41 18 42 18
42 18 42 21
1 16 1 19
1 16 3 16
20 13 24 13
24 12 24 13
27 3 38 3
38 2 38 3
23 2 30 2
30 2 36 2
10 44 11 44
0 42 2 42
42 40 42 41
10 39 11 39
0 39 0 41
27 37 28 37
34 36 34 38
32 36 32 41
44 34 44 35
33 32 35 32
18 31 21 31
12 31 12 33
23 29 23 31
32 28 32 35
31 28 31 29
4 28 4 31
32 25 32 26
25 24 26 24
7 23 7 32
43 20 43 22
20 18 21 18
9 15 22 15
17 14 19 14
3 14 8 14
6 13 10 13
26 10 26 12
20 9 25 9
19 7 19 10
31 6 36 6
28 6 28 10
23 6 25 6
15 6 16 6
1 6 1 7
37 5 37 7
6 5 6 7
11 4 13 4
6 3 9 3
4 3 4 8
17 1 20 1
2 1 11 1
28 0 35 0
27
19 36 20 36
40 9 40 10
11 36 11 35
5 34 5 35
16 29 17 29
3 15 3 16
18 26 17 26
33 11 34 11
34 12 34 13
27 28 26 28
30 5 31 5
12 9 12 10
21 8 20 8
37 14 37 13
23 3 24 3
16 30 16 31
38 13 39 13
39 14 38 14
38 14 39 14
39 14 38 14
38 14 39 14
39 14 38 14
38 14 39 14
39 14 38 14
38 14 39 14
39 14 38 14
38 14 39 14
147
11 18 16 18
12 28 16 28
16 18 16 24
16 24 16 28
16 28 19 28
17 30 19 30
19 25 19 26
19 25 20 25
19 26 19 28
19 26 27 26
19 28 19 30
20 25 29 25
9 16 19 16
19 16 19 17
19 16 20 16
19 17 30 17
20 16 21 16
30 9 30 17
30 9 37 9
32 8 34 8
34 8 39 8
39 8 40 8
40 8 40 10
40 10 43 10
43 10 43 11
38 19 38 23
38 19 39 19
38 23 42 23
42 23 42 27
42 23 44 23
30 18 30 30
30 18 33 18
33 12 33 17
33 17 33 18
33 18 33 28
0 1 0 3
0 1 1 1
0 3 0 5
0 5 0 10
1 0 1 1
15 35 18 35
16 36 18 36
18 35 18 36
18 35 19 35
33 10 35 10
35 10 35 12
35 12 38 12
38 12 42 12
22 37 23 37
23 36 23 37
23 37 24 37
0 35 1 35
1 35 2 35
2 35 5 35
6 34 12 34
12 34 12 36
12 36 12 41
10 42 20 42
20 32 20 36
20 36 20 42
3 18 5 18
5 18 5 20
5 18 8 18
8 11 8 12
8 11 11 11
8 12 9 12
29 5 29 10
29 5 31 5
29 10 29 16
5 2 5 4
5 2 8 2
5 4 9 4
21 44 24 44
24 44 41 44
32 43 33 43
33 37 33 43
26 41 27 41
27 41 29 41
39 38 42 38
42 35 42 38
30 37 30 43
30 43 31 43
14 32 17 32
17 32 17 34
26 29 26 36
26 36 26 40
28 28 29 28
29 27 29 28
19 21 24 21
24 21 27 21
11 21 11 28
11 21 14 21
39 20 41 20
41 20 41 21
1 20 3 20
3 20 3 27
41 18 42 18
42 18 42 21
1 16 1 19
1 16 3 16
20 13 24 13
24 12 24 13
27 3 38 3
38 2 38 3
23 2 30 2
30 2 36 2
10 44 11 44
0 42 2 42
42 40 42 41
10 39 11 39
0 39 0 41
27 37 28 37
34 36 34 38
32 36 32 41
44 34 44 35
33 32 35 32
18 31 21 31
12 31 12 33
23 29 23 31
32 28 32 35
31 28 31 29
4 28 4 31
32 25 32 26
25 24 26 24
7 23 7 32
43 20 43 22
20 18 21 18
9 15 22 15
17 14 19 14
3 14 8 14
6 13 10 13
26 10 26 12
20 9 25 9
19 7 19 10
31 6 36 6
28 6 28 10
23 6 25 6
15 6 16 6
1 6 1 7
37 5 37 7
6 5 6 7
11 4 13 4
6 3 9 3
4 3 4 8
17 1 20 1
2 1 11 1
28 0 35 0
28
19 36 20 36
40 9 40 10
11 36 11 35
5 34 5 35
16 29 17 29
3 15 3 16
18 26 17 26
33 11 34 11
34 12 34 13
27 28 26 28
30 5 31 5
12 9 12 10
21 8 20 8
37 14 37 13
23 3 24 3
16 30 16 31
38 13 39 13
39 14 38 14
38 14 39 14
39 14 38 14
38 14 39 14
39 14 38 14
38 14 39 14
39 14 38 14
38 14 39 14
39 14 38 14
38 14 39 14
39 14 38 14
147
11 18 16 18
12 28 16 28
16 18 16 24
16 24 16 28
16 28 19 28
17 30 19 30
19 25 19 26
19 25 20 25
19 26 19 28
19 26 27 26
19 28 19 30
20 25 29 25
9 16 19 16
19 16 19 17
19 16 20 16
19 17 30 17
20 16 21 16
30 9 30 17
30 9 37 9
32 8 34 8
34 8 39 8
39 8 40 8
40 8 40 10
40 10 43 10
43 10 43 11
38 19 38 23
38 19 39 19
38 23 42 23
42 23 42 27
42 23 44 23
30 18 30 30
30 18 33 18
33 12 33 17
33 17 33 18
33 18 33 28
0 1 0 3
0 1 1 1
0 3 0 5
0 5 0 10
1 0 1 1
15 35 18 35
16 36 18 36
18 35 18 36
18 35 19 35
33 10 35 10
35 10 35 12
35 12 38 12
38 12 42 12
22 37 23 37
23 36 23 37
23 37 24 37
0 35 1 35
1 35 2 35
2 35 5 35
6 34 12 34
12 34 12 36
12 36 12 41
10 42 20 42
20 32 20 36
20 36 20 42
3 18 5 18
5 18 5 20
5 18 8 18
8 11 8 12
8 11 11 11
8 12 9 12
29 5 29 10
29 5 31 5
29 10 29 16
5 2 5 4
5 2 8 2
5 4 9 4
21 44 24 44
24 44 41 44
32 43 33 43
33 37 33 43
26 41 27 41
27 41 29 41
39 38 42 38
42 35 42 38
30 37 30 43
30 43 31 43
14 32 17 32
17 32 17 34
26 29 26 36
26 36 26 40
28 28 29 28
29 27 29 28
19 21 24 21
24 21 27 21
11 21 11 28
11 21 14 21
39 20 41 20
41 20 41 21
1 20 3 20
3 20 3 27
41 18 42 18
42 18 42 21
1 16 1 19
1 16 3 16
20 13 24 13
24 12 24 13
27 3 38 3
38 2 38 3
23 2 30 2
30 2 36 2
10 44 11 44
0 42 2 42
42 40 42 41
10 39 11 39
0 39 0 41
27 37 28 37
34 36 34 38
32 36 32 41
44 34 44 35
33 32 35 32
18 31 21 31
12 31 12 33
23 29 23 31
32 28 32 35
31 28 31 29
4 28 4 31
32 25 32 26
25 24 26 24
7 23 7 32
43 20 43 22
20 18 21 18
9 15 22 15
17 14 19 14
3 14 8 14
6 13 10 13
26 10 26 12
20 9 25 9
19 7 19 10
31 6 36 6
28 6 28 10
23 6 25 6
15 6 16 6
1 6 1 7
37 5 37 7
6 5 6 7
11 4 13 4
6 3 9 3
4 3 4 8
17 1 20 1
2 1 11 1
28 0 35 0
29
19 36 20 36
40 9 40 10
11 36 11 35
5 34 5 35
16 29 17 29
3 15 3 16
18 26 17 26
33 11 34 11
34 12 34 13
27 28 26 28
30 5 31 5
12 9 12 10
21 8 20 8
37 14 37 13
23 3 24 3
16 30 16 31
38 13 39 13
39 14 38 14
38 14 39 14
39 14 38 14
38 14 39 14
39 14 38 14
38 14 39 14
39 14 38 14
38 14 39 14
39 14 38 14
38 14 39 14
39 14 38 14
38 14 39 14
147
11 18 16 18
12 28 16 28
16 18 16 24
16 24 16 28
16 28 19 28
17 30 19 30
19 25 19 26
19 25 20 25
19 26 19 28
19 26 27 26
19 28 19 30
20 25 29 25
9 16 19 16
19 16 19 17
19 16 20 16
19 17 30 17
20 16 21 16
30 9 30 17
30 9 37 9
32 8 34 8
34 8 39 8
39 8 40 8
40 8 40 10
40 10 43 10
43 10 43 11
38 19 38 23
38 19 39 19
38 23 42 23
42 23 42 27
42 23 44 23
30 18 30 30
30 18 33 18
33 12 33 17
33 17 33 18
33 18 33 28
0 1 0 3
0 1 1 1
0 3 0 5
0 5 0 10
1 0 1 1
15 35 18 35
16 36 18 36
18 35 18 36
18 35 19 35
33 10 35 10
35 10 35 12
35 12 38 12
38 12 42 12
22 37 23 37
23 36 23 37
23 37 24 37
0 35 1 35
1 35 2 35
2 35 5 35
6 34 12 34
12 34 12 36
12 36 12 41
10 42 20 42
20 32 20 36
20 36 20 42
3 18 5 18
5 18 5 20
5 18 8 18
8 11 8 12
8 11 11 11
8 12 9 12
29 5 29 10
29 5 31 5
29 10 29 16
5 2 5 4
5 2 8 2
5 4 9 4
21 44 24 44
24 44 41 44
32 43 33 43
33 37 33 43
26 41 27 41
27 41 29 41
39 38 42 38
42 35 42 38
30 37 30 43
30 43 31 43
14 32 17 32
17 32 17 34
26 29 26 36
26 36 26 40
28 28 29 28
29 27 29 28
19 21 24 21
24 21 27 21
11 21 11 28
11 21 14 21
39 20 41 20
41 20 41 21
1 20 3 20
3 20 3 27
41 18 42 18
42 18 42 21
1 16 1 19
1 16 3 16
20 13 24 13
24 12 24 13
27 3 38 3
38 2 38 3
23 2 30 2
30 2 36 2
10 44 11 44
0 42 2 42
42 40 42 41
10 39 11 39
0 39 0 41
27 37 28 37
34 36 34 38
32 36 32 41
44 34 44 35
33 32 35 32
18 31 21 31
12 31 12 33
23 29 23 31
32 28 32 35
31 28 31 29
4 28 4 31
32 25 32 26
25 24 26 24
7 23 7 32
43 20 43 22
20 18 21 18
9 15 22 15
17 14 19 14
3 14 8 14
6 13 10 13
26 10 26 12
20 9 25 9
19 7 19 10
31 6 36 6
28 6 28 10
23 6 25 6
15 6 16 6
1 6 1 7
37 5 37 7
6 5 6 7
11 4 13 4
6 3 9 3
4 3 4 8
17 1 20 1
2 1 11 1
28 0 35 0
30
19 36 20 36
40 9 40 10
11 36 11 35
5 34 5 35
16 29 17 29
3 15 3 16
18 26 17 26
33 11 34 11
34 12 34 13
27 28 26 28
30 5 31 5
12 9 12 10
21 8 20 8
37 14 37 13
23 3 24 3
16 30 16 31
38 13 39 13
39 14 38 14
38 14 39 14
39 14 38 14
38 14 39 14
39 14 38 14
38 14 39 14
39 14 38 14
38 14 39 14
39 14 38 14
38 14 39 14
39 14 38 14
38 14 39 14
39 14 38 14
147
11 18 16 18
12 28 16 28
16 18 16 24
16 24 16 28
16 28 19 28
17 30 19 30
19 25 19 26
19 25 20 25
19 26 19 28
19 26 27 26
19 28 19 30
20 25 29 25
9 16 19 16
19 16 19 17
19 16 20 16
19 17 30 17
20 16 21 16
30 9 30 17
30 9 37 9
32 8 34 8
34 8 39 8
39 8 40 8
40 8 40 10
40 10 43 10
43 10 43 11
38 19 38 23
38 19 39 19
38 23 42 23
42 23 42 27
42 23 44 23
30 18 30 30
30 18 33 18
33 12 33 17
33 17 33 18
33 18 33 28
0 1 0 3
0 1 1 1
0 3 0 5
0 5 0 10
1 0 1 1
15 35 18 35
16 36 18 36
18 35 18 36
18 35 19 35
33 10 35 10
35 10 35 12
35 12 38 12
38 12 42 12
22 37 23 37
23 36 23 37
23 37 24 37
0 35 1 35
1 35 2 35
2 35 5 35
6 34 12 34
12 34 12 36
12 36 12 41
10 42 20 42
20 32 20 36
20 36 20 42
3 18 5 18
5 18 5 20
5 18 8 18
8 11 8 12
8 11 11 11
8 12 9 12
29 5 29 10
29 5 31 5
29 10 29 16
5 2 5 4
5 2 8 2
5 4 9 4
21 44 24 44
24 44 41 44
32 43 33 43
33 37 33 43
26 41 27 41
27 41 29 41
39 38 42 38
42 35 42 38
30 37 30 43
30 43 31 43
14 32 17 32
17 32 17 34
26 29 26 36
26 36 26 40
28 28 29 28
29 27 29 28
19 21 24 21
24 21 27 21
11 21 11 28
11 21 14 21
39 20 41 20
41 20 41 21
1 20 3 20
3 20 3 27
41 18 42 18
42 18 42 21
1 16 1 19
1 16 3 16
20 13 24 13
24 12 24 13
27 3 38 3
38 2 38 3
23 2 30 2
30 2 36 2
10 44 11 44
0 42 2 42
42 40 42 41
10 39 11 39
0 39 0 41
27 37 28 37
34 36 34 38
32 36 32 41
44 34 44 35
33 32 35 32
18 31 21 31
12 31 12 33
23 29 23 31
32 28 32 35
31 28 31 29
4 28 4 31
32 25 32 26
25 24 26 24
7 23 7 32
43 20 43 22
20 18 21 18
9 15 22 15
17 14 19 14
3 14 8 14
6 13 10 13
26 10 26 12
20 9 25 9
19 7 19 10
31 6 36 6
28 6 28 10
23 6 25 6
15 6 16 6
1 6 1 7
37 5 37 7
6 5 6 7
11 4 13 4
6 3 9 3
4 3 4 8
17 1 20 1
2 1 11 1
28 0 35 0
31
19 36 20 36
40 9 40 10
11 36 11 35
5 34 5 35
16 29 17 29
3 15 3 16
18 26 17 26
33 11 34 11
34 12 34 13
27 28 26 28
30 5 31 5
12 9 12 10
21 8 20 8
37 14 37 13
23 3 24 3
16 30 16 31
38 13 39 13
39 14 38 14
38 14 39 14
39 14 38 14
38 14 39 14
39 14 38 14
38 14 39 14
39 14 38 14
38 14 39 14
39 14 38 14
38 14 39 14
39 14 38 14
38 14 39 14
39 14 38 14
38 14 39 14
147
11 18 16 18
12 28 16 28
16 18 16 24
16 24 16 28
16 28 19 28
17 30 19 30
19 25 19 26
19 25 20 25
19 26 19 28
19 26 27 26
19 28 19 30
20 25 29 25
9 16 19 16
19 16 19 17
19 16 20 16
19 17 30 17
20 16 21 16
30 9 30 17
30 9 37 9
32 8 34 8
34 8 39 8
39 8 40 8
40 8 40 10
40 10 43 10
43 10 43 11
38 19 38 23
38 19 39 19
38 23 42 23
42 23 42 27
42 23 44 23
30 18 30 30
30 18 33 18
33 12 33 17
33 17 33 18
33 18 33 28
0 1 0 3
0 1 1 1
0 3 0 5
0 5 0 10
1 0 1 1
15 35 18 35
16 36 18 36
18 35 18 36
18 35 19 35
33 10 35 10
35 10 35 12
35 12 38 12
38 12 42 12
22 37 23 37
23 36 23 37
23 37 24 37
0 35 1 35
1 35 2 35
2 35 5 35
6 34 12 34
12 34 12 36
12 36 12 41
10 42 20 42
20 32 20 36
20 36 20 42
3 18 5 18
5 18 5 20
5 18 8 18
8 11 8 12
8 11 11 11
8 12 9 12
29 5 29 10
29 5 31 5
29 10 29 16
5 2 5 4
5 2 8 2
5 4 9 4
21 44 24 44
24 44 41 44
32 43 33 43
33 37 33 43
26 41 27 41
27 41 29 41
39 38 42 38
42 35 42 38
30 37 30 43
30 43 31 43
14 32 17 32
17 32 17 34
26 29 26 36
26 36 26 40
28 28 29 28
29 27 29 28
19 21 24 21
24 21 27 21
11 21 11 28
11 21 14 21
39 20 41 20
41 20 41 21
1 20 3 20
3 20 3 27
41 18 42 18
42 18 42 21
1 16 1 19
1 16 3 16
20 13 24 13
24 12 24 13
27 3 38 3
38 2 38 3
23 2 30 2
30 2 36 2
10 44 11 44
0 42 2 42
42 40 42 41
10 39 11 39
0 39 0 41
27 37 28 37
34 36 34 38
32 36 32 41
44 34 44 35
33 32 35 32
18 31 21 31
12 31 12 33
23 29 23 31
32 28 32 35
31 28 31 29
4 28 4 31
32 25 32 26
25 24 26 24
7 23 7 32
43 20 43 22
20 18 21 18
9 15 22 15
17 14 19 14
3 14 8 14
6 13 10 13
26 10 26 12
20 9 25 9
19 7 19 10
31 6 36 6
28 6 28 10
23 6 25 6
15 6 16 6
1 6 1 7
37 5 37 7
6 5 6 7
11 4 13 4
6 3 9 3
4 3 4 8
17 1 20 1
2 1 11 1
28 0 35 0
32
19 36 20 36
40 9 40 10
11 36 11 35
5 34 5 35
16 29 17 29
3 15 3 16
18 26 17 26
33 11 34 11
34 12 34 13
27 28 26 28
30 5 31 5
12 9 12 10
21 8 20 8
37 14 37 13
23 3 24 3
16 30 16 31
38 13 39 13
39 14 38 14
38 14 39 14
39 14 38 14
38 14 39 14
39 14 38 14
38 14 39 14
39 14 38 14
38 14 39 14
39 14 38 14
38 14 39 14
39 14 38 14
38 14 39 14
39 14 38 14
38 14 39 14
39 14 38 14
147
11 18 16 18
12 28 16 28
16 18 16 24
16 24 16 28
16 28 19 28
17 30 19 30
19 25 19 26
19 25 20 25
19 26 19 28
19 26 27 26
19 28 19 30
20 25 29 25
9 16 19 16
19 16 19 17
19 16 20 16
19 17 30 17
20 16 21 16
30 9 30 17
30 9 37 9
32 8 34 8
34 8 39 8
39 8 40 8
40 8 40 10
40 10 43 10
43 10 43 11
38 19 38 23
38 19 39 19
38 23 42 23
42 23 42 27
42 23 44 23
30 18 30 30
30 18 33 18
33 12 33 17
33 17 33 18
33 18 33 28
0 1 0 3
0 1 1 1
0 3 0 5
0 5 0 10
1 0 1 1
15 35 18 35
16 36 18 36
18 35 18 36
18 35 19 35
33 10 35 10
35 10 35 12
35 12 38 12
38 12 42 12
22 37 23 37
23 36 23 37
23 37 24 37
0 35 1 35
1 35 2 35
2 35 5 35
6 34 12 34
12 34 12 36
12 36 12 41
10 42 20 42
20 32 20 36
20 36 20 42
3 18 5 18
5 18 5 20
5 18 8 18
8 11 8 12
8 11 11 11
8 12 9 12
29 5 29 10
29 5 31 5
29 10 29 16
5 2 5 4
5 2 8 2
5 4 9 4
21 44 24 44
24 44 41 44
32 43 33 43
33 37 33 43
26 41 27 41
27 41 29 41
39 38 42 38
42 35 42 38
30 37 30 43
30 43 31 43
14 32 17 32
17 32 17 34
26 29 26 36
26 36 26 40
28 28 29 28
29 27 29 28
19 21 24 21
24 21 27 21
11 21 11 28
11 21 14 21
39 20 41 20
41 20 41 21
1 20 3 20
3 20 3 27
41 18 42 18
42 18 42 21
1 16 1 19
1 16 3 16
20 13 24 13
24 12 24 13
27 3 38 3
38 2 38 3
23 2 30 2
30 2 36 2
10 44 11 44
0 42 2 42
42 40 42 41
10 39 11 39
0 39 0 41
27 37 28 37
34 36 34 38
32 36 32 41
44 34 44 35
33 32 35 32
18 31 21 31
12 31 12 33
23 29 23 31
32 28 32 35
31 28 31 29
4 28 4 31
32 25 32 26
25 24 26 24
7 23 7 32
43 20 43 22
20 18 21 18
9 15 22 15
17 14 19 14
3 14 8 14
6 13 10 13
26 10 26 12
20 9 25 9
19 7 19 10
31 6 36 6
28 6 28 10
23 6 25 6
15 6 16 6
1 6 1 7
37 5 37 7
6 5 6 7
11 4 13 4
6 3 9 3
4 3 4 8
17 1 20 1
2 1 11 1
28 0 35 0
33
19 36 20 36
40 9 40 10
11 36 11 35
5 34 5 35
16 29 17 29
3 15 3 16
18 26 17 26
33 11 34 11
34 12 34 13
27 28 26 28
30 5 31 5
12 9 12 10
21 8 20 8
37 14 37 13
23 3 24 3
16 30 16 31
38 13 39 13
39 14 38 14
38 14 39 14
39 14 38 14
38 14 39 14
39 14 38 14
38 14 39 14
39 14 38 14
38 14 39 14
39 14 38 14
38 14 39 14
39 14 38 14
38 14 39 14
39 14 38 14
38 14 39 14
39 14 38 14
38 14 39 14
147
11 18 16 18
12 28 16 28
16 18 16 24
16 24 16 28
16 28 19 28
17 30 19 30
19 25 19 26
19 25 20 25
19 26 19 28
19 26 27 26
19 28 19 30
20 25 29 25
9 16 19 16
19 16 19 17
19 16 20 16
19 17 30 17
20 16 21 16
30 9 30 17
30 9 37 9
32 8 34 8
34 8 39 8
39 8 40 8
40 8 40 10
40 10 43 10
43 10 43 11
38 19 38 23
38 19 39 19
38 23 42 23
42 23 42 27
42 23 44 23
30 18 30 30
30 18 33 18
33 12 33 17
33 17 33 18
33 18 33 28
0 1 0 3
0 1 1 1
0 3 0 5
0 5 0 10
1 0 1 1
15 35 18 35
16 36 18 36
18 35 18 36
18 35 19 35
33 10 35 10
35 10 35 12
35 12 38 12
38 12 42 12
22 37 23 37
23 36 23 37
23 37 24 37
0 35 1 35
1 35 2 35
2 35 5 35
6 34 12 34
12 34 12 36
12 36 12 41
10 42 20 42
20 32 20 36
20 36 20 42
3 18 5 18
5 18 5 20
5 18 8 18
8 11 8 12
8 11 11 11
8 12 9 12
29 5 29 10
29 5 31 5
29 10 29 16
5 2 5 4
5 2 8 2
5 4 9 4
21 44 24 44
24 44 41 44
32 43 33 43
33 37 33 43
26 41 27 41
27 41 29 41
39 38 42 38
42 35 42 38
30 37 30 43
30 43 31 43
14 32 17 32
17 32 17 34
26 29 26 36
26 36 26 40
28 28 29 28
29 27 29 28
19 21 24 21
24 21 27 21
11 21 11 28
11 21 14 21
39 20 41 20
41 20 41 21
1 20 3 20
3 20 3 27
41 18 42 18
42 18 42 21
1 16 1 19
1 16 3 16
20 13 24 13
24 12 24 13
27 3 38 3
38 2 38 3
23 2 30 2
30 2 36 2
10 44 11 44
0 42 2 42
42 40 42 41
10 39 11 39
0 39 0 41
27 37 28 37
34 36 34 38
32 36 32 41
44 34 44 35
33 32 35 32
18 31 21 31
12 31 12 33
23 29 23 31
32 28 32 35
31 28 31 29
4 28 4 31
32 25 32 26
25 24 26 24
7 23 7 32
43 20 43 22
20 18 21 18
9 15 22 15
17 14 19 14
3 14 8 14
6 13 10 13
26 10 26 12
20 9 25 9
19 7 19 10
31 6 36 6
28 6 28 10
23 6 25 6
15 6 16 6
1 6 1 7
37 5 37 7
6 5 6 7
11 4 13 4
6 3 9 3
4 3 4 8
17 1 20 1
2 1 11 1
28 0 35 0
34
19 36 20 36
40 9 40 10
11 36 11 35
5 34 5 35
16 29 17 29
3 15 3 16
18 26 17 26
33 11 34 11
34 12 34 13
27 28 26 28
30 5 31 5
12 9 12 10
21 8 20 8
37 14 37 13
23 3 24 3
16 30 16 31
38 13 39 13
39 14 38 14
38 14 39 14
39 14 38 14
38 14 39 14
39 14 38 14
38 14 39 14
39 14 38 14
38 14 39 14
39 14 38 14
38 14 39 14
39 14 38 14
38 14 39 14
39 14 38 14
38 14 39 14
39 14 38 14
38 14 39 14
39 14 38 14
147
11 18 16 18
12 28 16 28
16 18 16 24
16 24 16 28
16 28 19 28
17 30 19 30
19 25 19 26
19 25 20 25
19 26 19 28
19 26 27 26
19 28 19 30
20 25 29 25
9 16 19 16
19 16 19 17
19 16 20 16
19 17 30 17
20 16 21 16
30 9 30 17
30 9 37 9
32 8 34 8
34 8 39 8
39 8 40 8
40 8 40 10
40 10 43 10
43 10 43 11
38 19 38 23
38 19 39 19
38 23 42 23
42 23 42 27
42 23 44 23
30 18 30 30
30 18 33 18
33 12 33 17
33 17 33 18
33 18 33 28
0 1 0 3
0 1 1 1
0 3 0 5
0 5 0 10
1 0 1 1
15 35 18 35
16 36 18 36
18 35 18 36
18 35 19 35
33 10 35 10
35 10 35 12
35 12 38 12
38 12 42 12
22 37 23 37
23 36 23 37
23 37 24 37
0 35 1 35
1 35 2 35
2 35 5 35
6 34 12 34
12 34 12 36
12 36 12 41
10 42 20 42
20 32 20 36
20 36 20 42
3 18 5 18
5 18 5 20
5 18 8 18
8 11 8 12
8 11 11 11
8 12 9 12
29 5 29 10
29 5 31 5
29 10 29 16
5 2 5 4
5 2 8 2
5 4 9 4
21 44 24 44
24 44 41 44
32 43 33 43
33 37 33 43
26 41 27 41
27 41 29 41
39 38 42 38
42 35 42 38
30 37 30 43
30 43 31 43
14 32 17 32
17 32 17 34
26 29 26 36
26 36 26 40
28 28 29 28
29 27 29 28
19 21 24 21
24 21 27 21
11 21 11 28
11 21 14 21
39 20 41 20
41 20 41 21
1 20 3 20
3 20 3 27
41 18 42 18
42 18 42 21
1 16 1 19
1 16 3 16
20 13 24 13
24 12 24 13
27 3 38 3
38 2 38 3
23 2 30 2
30 2 36 2
10 44 11 44
0 42 2 42
42 40 42 41
10 39 11 39
0 39 0 41
27 37 28 37
34 36 34 38
32 36 32 41
44 34 44 35
33 32 35 32
18 31 21 31
12 31 12 33
23 29 23 31
32 28 32 35
31 28 31 29
4 28 4 31
32 25 32 26
25 24 26 24
7 23 7 32
43 20 43 22
20 18 21 18
9 15 22 15
17 14 19 14
3 14 8 14
6 13 10 13
26 10 26 12
20 9 25 9
19 7 19 10
31 6 36 6
28 6 28 10
23 6 25 6
15 6 16 6
1 6 1 7
37 5 37 7
6 5 6 7
11 4 13 4
6 3 9 3
4 3 4 8
17 1 20 1
2 1 11 1
28 0 35 0
35
19 36 20 36
40 9 40 10
11 36 11 35
5 34 5 35
16 29 17 29
3 15 3 16
18 26 17 26
33 11 34 11
34 12 34 13
27 28 26 28
30 5 31 5
12 9 12 10
21 8 20 8
37 14 37 13
23 3 24 3
16 30 16 31
38 13 39 13
39 14 38 14
38 14 39 14
39 14 38 14
38 14 39 14
39 14 38 14
38 14 39 14
39 14 38 14
38 14 39 14
39 14 38 14
38 14 39 14
39 14 38 14
38 14 39 14
39 14 38 14
38 14 39 14
39 14 38 14
38 14 39 14
39 14 38 14
38 14 39 14
147
11 18 16 18
12 28 16 28
16 18 16 24
16 24 16 28
16 28 19 28
17 30 19 30
19 25 19 26
19 25 20 25
19 26 19 28
19 26 27 26
19 28 19 30
20 25 29 25
9 16 19 16
19 16 19 17
19 16 20 16
19 17 30 17
20 16 21 16
30 9 30 17
30 9 37 9
32 8 34 8
34 8 39 8
39 8 40 8
40 8 40 10
40 10 43 10
43 10 43 11
38 19 38 23
38 19 39 19
38 23 42 23
42 23 42 27
42 23 44 23
30 18 30 30
30 18 33 18
33 12 33 17
33 17 33 18
33 18 33 28
0 1 0 3
0 1 1 1
0 3 0 5
0 5 0 10
1 0 1 1
15 35 18 35
16 36 18 36
18 35 18 36
18 35 19 35
33 10 35 10
35 10 35 12
35 12 38 12
38 12 42 12
22 37 23 37
23 36 23 37
23 37 24 37
0 35 1 35
1 35 2 35
2 35 5 35
6 34 12 34
12 34 12 36
12 36 12 41
10 42 20 42
20 32 20 36
20 36 20 42
3 18 5 18
5 18 5 20
5 18 8 18
8 11 8 12
8 11 11 11
8 12 9 12
29 5 29 10
29 5 31 5
29 10 29 16
5 2 5 4
5 2 8 2
5 4 9 4
21 44 24 44
24 44 41 44
32 43 33 43
33 37 33 43
26 41 27 41
27 41 29 41
39 38 42 38
42 35 42 38
30 37 30 43
30 43 31 43
14 32 17 32
17 32 17 34
26 29 26 36
26 36 26 40
28 28 29 28
29 27 29 28
19 21 24 21
24 21 27 21
11 21 11 28
11 21 14 21
39 20 41 20
41 20 41 21
1 20 3 20
3 20 3 27
41 18 42 18
42 18 42 21
1 16 1 19
1 16 3 16
20 13 24 13
24 12 24 13
27 3 38 3
38 2 38 3
23 2 30 2
30 2 36 2
10 44 11 44
0 42 2 42
42 40 42 41
10 39 11 39
0 39 0 41
27 37 28 37
34 36 34 38
32 36 32 41
44 34 44 35
33 32 35 32
18 31 21 31
12 31 12 33
23 29 23 31
32 28 32 35
31 28 31 29
4 28 4 31
32 25 32 26
25 24 26 24
7 23 7 32
43 20 43 22
20 18 21 18
9 15 22 15
17 14 19 14
3 14 8 14
6 13 10 13
26 10 26 12
20 9 25 9
19 7 19 10
31 6 36 6
28 6 28 10
23 6 25 6
15 6 16 6
1 6 1 7
37 5 37 7
6 5 6 7
11 4 13 4
6 3 9 3
4 3 4 8
17 1 20 1
2 1 11 1
28 0 35 0
36
19 36 20 36
40 9 40 10
11 36 11 35
5 34 5 35
16 29 17 29
3 15 3 16
18 26 17 26
33 11 34 11
34 12 34 13
27 28 26 28
30 5 31 5
12 9 12 10
21 8 20 8
37 14 37 13
23 3 24 3
16 30 16 31
38 13 39 13
39 14 38 14
38 14 39 14
39 14 38 14
38 14 39 14
39 14 38 14
38 14 39 14
39 14 38 14
38 14 39 14
39 14 38 14
38 14 39 14
39 14 38 14
38 14 39 14
39 14 38 14
38 14 39 14
39 14 38 14
38 14 39 14
39 14 38 14
38 14 39 14
39 14 38 14
147
11 18 16 18
12 28 16 28
16 18 16 24
16 24 16 28
16 28 19 28
17 30 19 30
19 25 19 26
19 25 20 25
19 26 19 28
19 26 27 26
19 28 19 30
20 25 29 25
9 16 19 16
19 16 19 17
19 16 20 16
19 17 30 17
20 16 21 16
30 9 30 17
30 9 37 9
32 8 34 8
34 8 39 8
39 8 40 8
40 8 40 10
40 10 43 10
43 10 43 11
38 19 38 23
38 19 39 19
38 23 42 23
42 23 42 27
42 23 44 23
30 18 30 30
30 18 33 18
33 12 33 17
33 17 33 18
33 18 33 28
0 1 0 3
0 1 1 1
0 3 0 5
0 5 0 10
1 0 1 1
15 35 18 35
16 36 18 36
18 35 18 36
18 35 19 35
33 10 35 10
35 10 35 12
35 12 38 12
38 12 42 12
22 37 23 37
23 36 23 37
23 37 24 37
0 35 1 35
1 35 2 35
2 35 5 35
6 34 12 34
12 34 12 36
12 36 12 41
10 42 20 42
20 32 20 36
20 36 20 42
3 18 5 18
5 18 5 20
5 18 8 18
8 11 8 12
8 11 11 11
8 12 9 12
29 5 29 10
29 5 31 5
29 10 29 16
5 2 5 4
5 2 8 2
5 4 9 4
21 44 24 44
24 44 41 44
32 43 33 43
33 37 33 43
26 41 27 41
27 41 29 41
39 38 42 38
42 35 42 38
30 37 30 43
30 43 31 43
14 32 17 32
17 32 17 34
26 29 26 36
26 36 26 40
28 28 29 28
29 27 29 28
19 21 24 21
24 21 27 21
11 21 11 28
11 21 14 21
39 20 41 20
41 20 41 21
1 20 3 20
3 20 3 27
41 18 42 18
42 18 42 21
1 16 1 19
1 16 3 16
20 13 24 13
24 12 24 13
27 3 38 3
38 2 38 3
23 2 30 2
30 2 36 2
10 44 11 44
0 42 2 42
42 40 42 41
10 39 11 39
0 39 0 41
27 37 28 37
34 36 34 38
32 36 32 41
44 34 44 35
33 32 35 32
18 31 21 31
12 31 12 33
23 29 23 31
32 28 32 35
31 28 31 29
4 28 4 31
32 25 32 26
25 24 26 24
7 23 7 32
43 20 43 22
20 18 21 18
9 15 22 15
17 14 19 14
3 14 8 14
6 13 10 13
26 10 26 12
20 9 25 9
19 7 19 10
31 6 36 6
28 6 28 10
23 6 25 6
15 6 16 6
1 6 1 7
37 5 37 7
6 5 6 7
11 4 13 4
6 3 9 3
4 3 4 8
17 1 20 1
2 1 11 1
28 0 35 0
37
19 36 20 36
40 9 40 10
11 36 11 35
5 34 5 35
16 29 17 29
3 15 3 16
18 26 17 26
33 11 34 11
34 12 34 13
27 28 26 28
30 5 31 5
12 9 12 10
21 8 20 8
37 14 37 13
23 3 24 3
16 30 16 31
38 13 39 13
39 14 38 14
38 14 39 14
39 14 38 14
38 14 39 14
39 14 38 14
38 14 39 14
39 14 38 14
38 14 39 14
39 14 38 14
38 14 39 14
39 14 38 14
38 14 39 14
39 14 38 14
38 14 39 14
39 14 38 14
38 14 39 14
39 14 38 14
38 14 39 14
39 14 38 14
38 14 39 14
147
11 18 16 18
12 28 16 28
16 18 16 24
16 24 16 28
16 28 19 28
17 30 19 30
19 25 19 26
19 25 20 25
19 26 19 28
19 26 27 26
19 28 19 30
20 25 29 25
9 16 19 16
19 16 19 17
19 16 20 16
19 17 30 17
20 16 21 16
30 9 30 17
30 9 37 9
32 8 34 8
34 8 39 8
39 8 40 8
40 8 40 10
40 10 43 10
43 10 43 11
38 19 38 23
38 19 39 19
38 23 42 23
42 23 42 27
42 23 44 23
30 18 30 30
30 18 33 18
33 12 33 17
33 17 33 18
33 18 33 28
0 1 0 3
0 1 1 1
0 3 0 5
0 5 0 10
1 0 1 1
15 35 18 35
16 36 18 36
18 35 18 36
18 35 19 35
33 10 35 10
35 10 35 12
35 12 38 12
38 12 42 12
22 37 23 37
23 36 23 37
23 37 24 37
0 35 1 35
1 35 2 35
2 35 5 35
6 34 12 34
12 34 12 36
12 36 12 41
10 42 20 42
20 32 20 36
20 36 20 42
3 18 5 18
5 18 5 20
5 18 8 18
8 11 8 12
8 11 11 11
8 12 9 12
29 5 29 10
29 5 31 5
29 10 29 16
5 2 5 4
5 2 8 2
5 4 9 4
21 44 24 44
24 44 41 44
32 43 33 43
33 37 33 43
26 41 27 41
27 41 29 41
39 38 42 38
42 35 42 38
30 37 30 43
30 43 31 43
14 32 17 32
17 32 17 34
26 29 26 36
26 36 26 40
28 28 29 28
29 27 29 28
19 21 24 21
24 21 27 21
11 21 11 28
11 21 14 21
39 20 41 20
41 20 41 21
1 20 3 20
3 20 3 27
41 18 42 18
42 18 42 21
1 16 1 19
1 16 3 16
20 13 24 13
24 12 24 13
27 3 38 3
38 2 38 3
23 2 30 2
30 2 36 2
10 44 11 44
0 42 2 42
42 40 42 41
10 39 11 39
0 39 0 41
27 37 28 37
34 36 34 38
32 36 32 41
44 34 44 35
33 32 35 32
18 31 21 31
12 31 12 33
23 29 23 31
32 28 32 35
31 28 31 29
4 28 4 31
32 25 32 26
25 24 26 24
7 23 7 32
43 20 43 22
20 18 21 18
9 15 22 15
17 14 19 14
3 14 8 14
6 13 10 13
26 10 26 12
20 9 25 9
19 7 19 10
31 6 36 6
28 6 28 10
23 6 25 6
15 6 16 6
1 6 1 7
37 5 37 7
6 5 6 7
11 4 13 4
6 3 9 3
4 3 4 8
17 1 20 1
2 1 11 1
28 0 35 0
38
19 36 20 36
40 9 40 10
11 36 11 35
5 34 5 35
16 29 17 29
3 15 3 16
18 26 17 26
33 11 34 11
34 12 34 13
27 28 26 28
30 5 31 5
12 9 12 10
21 8 20 8
37 14 37 13
23 3 24 3
16 30 16 31
38 13 39 13
39 14 38 14
38 14 39 14
39 14 38 14
38 14 39 14
39 14 38 14
38 14 39 14
39 14 38 14
38 14 39 14
39 14 38 14
38 14 39 14
39 14 38 14
38 14 39 14
39 14 38 14
38 14 39 14
39 14 38 14
38 14 39 14
39 14 38 14
38 14 39 14
39 14 38 14
38 14 39 14
39 14 38 14
147
11 18 16 18
12 28 16 28
16 18 16 24
16 24 16 28
16 28 19 28
17 30 19 30
19 25 19 26
19 25 20 25
19 26 19 28
19 26 27 26
19 28 19 30
20 25 29 25
9 16 19 16
19 16 19 17
19 16 20 16
19 17 30 17
20 16 21 16
30 9 30 17
30 9 37 9
32 8 34 8
34 8 39 8
39 8 40 8
40 8 40 10
40 10 43 10
43 10 43 11
38 19 38 23
38 19 39 19
38 23 42 23
42 23 42 27
42 23 44 23
30 18 30 30
30 18 33 18
33 12 33 17
33 17 33 18
33 18 33 28
0 1 0 3
0 1 1 1
0 3 0 5
0 5 0 10
1 0 1 1
15 35 18 35
16 36 18 36
18 35 18 36
18 35 19 35
33 10 35 10
35 10 35 12
35 12 38 12
38 12 42 12
22 37 23 37
23 36 23 37
23 37 24 37
0 35 1 35
1 35 2 35
2 35 5 35
6 34 12 34
12 34 12 36
12 36 12 41
10 42 20 42
20 32 20 36
20 36 20 42
3 18 5 18
5 18 5 20
5 18 8 18
8 11 8 12
8 11 11 11
8 12 9 12
29 5 29 10
29 5 31 5
29 10 29 16
5 2 5 4
5 2 8 2
5 4 9 4
21 44 24 44
24 44 41 44
32 43 33 43
33 37 33 43
26 41 27 41
27 41 29 41
39 38 42 38
42 35 42 38
30 37 30 43
30 43 31 43
14 32 17 32
17 32 17 34
26 29 26 36
26 36 26 40
28 28 29 28
29 27 29 28
19 21 24 21
24 21 27 21
11 21 11 28
11 21 14 21
39 20 41 20
41 20 41 21
1 20 3 20
3 20 3 27
41 18 42 18
42 18 42 21
1 16 1 19
1 16 3 16
20 13 24 13
24 12 24 13
27 3 38 3
38 2 38 3
23 2 30 2
30 2 36 2
10 44 11 44
0 42 2 42
42 40 42 41
10 39 11 39
0 39 0 41
27 37 28 37
34 36 34 38
32 36 32 41
44 34 44 35
33 32 35 32
18 31 21 31
12 31 12 33
23 29 23 31
32 28 32 35
31 28 31 29
4 28 4 31
32 25 32 26
25 24 26 24
7 23 7 32
43 20 43 22
20 18 21 18
9 15 22 15
17 14 19 14
3 14 8 14
6 13 10 13
26 10 26 12
20 9 25 9
19 7 19 10
31 6 36 6
28 6 28 10
23 6 25 6
15 6 16 6
1 6 1 7
37 5 37 7
6 5 6 7
11 4 13 4
6 3 9 3
4 3 4 8
17 1 20 1
2 1 11 1
28 0 35 0
39
19 36 20 36
40 9 40 10
11 36 11 35
5 34 5 35
16 29 17 29
3 15 3 16
18 26 17 26
33 11 34 11
34 12 34 13
27 28 26 28
30 5 31 5
12 9 12 10
21 8 20 8
37 14 37 13
23 3 24 3
16 30 16 31
38 13 39 13
39 14 38 14
38 14 39 14
39 14 38 14
38 14 39 14
39 14 38 14
38 14 39 14
39 14 38 14
38 14 39 14
39 14 38 14
38 14 39 14
39 14 38 14
38 14 39 14
39 14 38 14
38 14 39 14
39 14 38 14
38 14 39 14
39 14 38 14
38 14 39 14
39 14 38 14
38 14 39 14
39 14 38 14
38 14 39 14
147
11 18 16 18
12 28 16 28
16 18 16 24
16 24 16 28
16 28 19 28
17 30 19 30
19 25 19 26
19 25 20 25
19 26 19 28
19 26 27 26
19 28 19 30
20 25 29 25
9 16 19 16
19 16 19 17
19 16 20 16
19 17 30 17
20 16 21 16
30 9 30 17
30 9 37 9
32 8 34 8
34 8 39 8
39 8 40 8
40 8 40 10
40 10 43 10
43 10 43 11
38 19 38 23
38 19 39 19
38 23 42 23
42 23 42 27
42 23 44 23
30 18 30 30
30 18 33 18
33 12 33 17
33 17 33 18
33 18 33 28
0 1 0 3
0 1 1 1
0 3 0 5
0 5 0 10
1 0 1 1
15 35 18 35
16 36 18 36
18 35 18 36
18 35 19 35
33 10 35 10
35 10 35 12
35 12 38 12
38 12 42 12
22 37 23 37
23 36 23 37
23 37 24 37
0 35 1 35
1 35 2 35
2 35 5 35
6 34 12 34
12 34 12 36
12 36 12 41
10 42 20 42
20 32 20 36
20 36 20 42
3 18 5 18
5 18 5 20
5 18 8 18
8 11 8 12
8 11 11 11
8 12 9 12
29 5 29 10
29 5 31 5
29 10 29 16
5 2 5 4
5 2 8 2
5 4 9 4
21 44 24 44
24 44 41 44
32 43 33 43
33 37 33 43
26 41 27 41
27 41 29 41
39 38 42 38
42 35 42 38
30 37 30 43
30 43 31 43
14 32 17 32
17 32 17 34
26 29 26 36
26 36 26 40
28 28 29 28
29 27 29 28
19 21 24 21
24 21 27 21
11 21 11 28
11 21 14 21
39 20 41 20
41 20 41 21
1 20 3 20
3 20 3 27
41 18 42 18
42 18 42 21
1 16 1 19
1 16 3 16
20 13 24 13
24 12 24 13
27 3 38 3
38 2 38 3
23 2 30 2
30 2 36 2
10 44 11 44
0 42 2 42
42 40 42 41
10 39 11 39
0 39 0 41
27 37 28 37
34 36 34 38
32 36 32 41
44 34 44 35
33 32 35 32
18 31 21 31
12 31 12 33
23 29 23 31
32 28 32 35
31 28 31 29
4 28 4 31
32 25 32 26
25 24 26 24
7 23 7 32
43 20 43 22
20 18 21 18
9 15 22 15
17 14 19 14
3 14 8 14
6 13 10 13
26 10 26 12
20 9 25 9
19 7 19 10
31 6 36 6
28 6 28 10
23 6 25 6
15 6 16 6
1 6 1 7
37 5 37 7
6 5 6 7
11 4 13 4
6 3 9 3
4 3 4 8
17 1 20 1
2 1 11 1
28 0 35 0
40
19 36 20 36
40 9 40 10
11 36 11 35
5 34 5 35
16 29 17 29
3 15 3 16
18 26 17 26
33 11 34 11
34 12 34 13
27 28 26 28
30 5 31 5
12 9 12 10
21 8 20 8
37 14 37 13
23 3 24 3
16 30 16 31
38 13 39 13
39 14 38 14
38 14 39 14
39 14 38 14
38 14 39 14
39 14 38 14
38 14 39 14
39 14 38 14
38 14 39 14
39 14 38 14
38 14 39 14
39 14 38 14
38 14 39 14
39 14 38 14
38 14 39 14
39 14 38 14
38 14 39 14
39 14 38 14
38 14 39 14
39 14 38 14
38 14 39 14
39 14 38 14
38 14 39 14
39 14 38 14
147
11 18 16 18
12 28 16 28
16 18 16 24
16 24 16 28
16 28 19 28
17 30 19 30
19 25 19 26
19 25 20 25
19 26 19 28
19 26 27 26
19 28 19 30
20 25 29 25
9 16 19 16
19 16 19 17
19 16 20 16
19 17 30 17
20 16 21 16
30 9 30 17
30 9 37 9
32 8 34 8
34 8 39 8
39 8 40 8
40 8 40 10
40 10 43 10
43 10 43 11
38 19 38 23
38 19 39 19
38 23 42 23
42 23 42 27
42 23 44 23
30 18 30 30
30 18 33 18
33 12 33 17
33 17 33 18
33 18 33 28
0 1 0 3
0 1 1 1
0 3 0 5
0 5 0 10
1 0 1 1
15 35 18 35
16 36 18 36
18 35 18 36
18 35 19 35
33 10 35 10
35 10 35 12
35 12 38 12
38 12 42 12
22 37 23 37
23 36 23 37
23 37 24 37
0 35 1 35
1 35 2 35
2 35 5 35
6 34 12 34
12 34 12 36
12 36 12 41
10 42 20 42
20 32 20 36
20 36 20 42
3 18 5 18
5 18 5 20
5 18 8 18
8 11 8 12
8 11 11 11
8 12 9 12
29 5 29 10
29 5 31 5
29 10 29 16
5 2 5 4
5 2 8 2
5 4 9 4
21 44 24 44
24 44 41 44
32 43 33 43
33 37 33 43
26 41 27 41
27 41 29 41
39 38 42 38
42 35 42 38
30 37 30 43
30 43 31 43
14 32 17 32
17 32 17 34
26 29 26 36
26 36 26 40
28 28 29 28
29 27 29 28
19 21 24 21
24 21 27 21
11 21 11 28
11 21 14 21
39 20 41 20
41 20 41 21
1 20 3 20
3 20 3 27
41 18 42 18
42 18 42 21
1 16 1 19
1 16 3 16
20 13 24 13
24 12 24 13
27 3 38 3
38 2 38 3
23 2 30 2
30 2 36 2
10 44 11 44
0 42 2 42
42 40 42 41
10 39 11 39
0 39 0 41
27 37 28 37
34 36 34 38
32 36 32 41
44 34 44 35
33 32 35 32
18 31 21 31
12 31 12 33
23 29 23 31
32 28 32 35
31 28 31 29
4 28 4 31
32 25 32 26
25 24 26 24
7 23 7 32
43 20 43 22
20 18 21 18
9 15 22 15
17 14 19 14
3 14 8 14
6 13 10 13
26 10 26 12
20 9 25 9
19 7 19 10
31 6 36 6
28 6 28 10
23 6 25 6
15 6 16 6
1 6 1 7
37 5 37 7
6 5 6 7
11 4 13 4
6 3 9 3
4 3 4 8
17 1 20 1
2 1 11 1
28 0 35 0
41
19 36 20 36
40 9 40 10
11 36 11 35
5 34 5 35
16 29 17 29
3 15 3 16
18 26 17 26
33 11 34 11
34 12 34 13
27 28 26 28
30 5 31 5
12 9 12 10
21 8 20 8
37 14 37 13
23 3 24 3
16 30 16 31
38 13 39 13
39 14 38 14
38 14 39 14
39 14 38 14
38 14 39 14
39 14 38 14
38 14 39 14
39 14 38 14
38 14 39 14
39 14 38 14
38 14 39 14
39 14 38 14
38 14 39 14
39 14 38 14
38 14 39 14
39 14 38 14
38 14 39 14
39 14 38 14
38 14 39 14
39 14 38 14
38 14 39 14
39 14 38 14
38 14 39 14
39 14 38 14
38 14 39 14
147
11 18 16 18
12 28 16 28
16 18 16 24
16 24 16 28
16 28 19 28
17 30 19 30
19 25 19 26
19 25 20 25
19 26 19 28
19 26 27 26
19 28 19 30
20 25 29 25
9 16 19 16
19 16 19 17
19 16 20 16
19 17 30 17
20 16 21 16
30 9 30 17
30 9 37 9
32 8 34 8
34 8 39 8
39 8 40 8
40 8 40 10
40 10 43 10
43 10 43 11
38 19 38 23
38 19 39 19
38 23 42 23
42 23 42 27
42 23 44 23
30 18 30 30
30 18 33 18
33 12 33 17
33 17 33 18
33 18 33 28
0 1 0 3
0 1 1 1
0 3 0 5
0 5 0 10
1 0 1 1
15 35 18 35
16 36 18 36
18 35 18 36
18 35 19 35
33 10 35 10
35 10 35 12
35 12 38 12
38 12 42 12
22 37 23 37
23 36 23 37
23 37 24 37
0 35 1 35
1 35 2 35
2 35 5 35
6 34 12 34
12 34 12 36
12 36 12 41
10 42 20 42
20 32 20 36
20 36 20 42
3 18 5 18
5 18 5 20
5 18 8 18
8 11 8 12
8 11 11 11
8 12 9 12
29 5 29 10
29 5 31 5
29 10 29 16
5 2 5 4
5 2 8 2
5 4 9 4
21 44 24 44
24 44 41 44
32 43 33 43
33 37 33 43
26 41 27 41
27 41 29 41
39 38 42 38
42 35 42 38
30 37 30 43
30 43 31 43
14 32 17 32
17 32 17 34
26 29 26 36
26 36 26 40
28 28 29 28
29 27 29 28
19 21 24 21
24 21 27 21
11 21 11 28
11 21 14 21
39 20 41 20
41 20 41 21
1 20 3 20
3 20 3 27
41 18 42 18
42 18 42 21
1 16 1 19
1 16 3 16
20 13 24 13
24 12 24 13
27 3 38 3
38 2 38 3
23 2 30 2
30 2 36 2
10 44 11 44
0 42 2 42
42 40 42 41
10 39 11 39
0 39 0 41
27 37 28 37
34 36 34 38
32 36 32 41
44 34 44 35
33 32 35 32
18 31 21 31
12 31 12 33
23 29 23 31
32 28 32 35
31 28 31 29
4 28 4 31
32 25 32 26
25 24 26 24
7 23 7 32
43 20 43 22
20 18 21 18
9 15 22 15
17 14 19 14
3 14 8 14
6 13 10 13
26 10 26 12
20 9 25 9
19 7 19 10
31 6 36 6
28 6 28 10
23 6 25 6
15 6 16 6
1 6 1 7
37 5 37 7
6 5 6 7
11 4 13 4
6 3 9 3
4 3 4 8
17 1 20 1
2 1 11 1
28 0 35 0
42
19 36 20 36
40 9 40 10
11 36 11 35
5 34 5 35
16 29 17 29
3 15 3 16
18 26 17 26
33 11 34 11
34 12 34 13
27 28 26 28
30 5 31 5
12 9 12 10
21 8 20 8
37 14 37 13
23 3 24 3
16 30 16 31
38 13 39 13
39 14 38 14
38 14 39 14
39 14 38 14
38 14 39 14
39 14 38 14
38 14 39 14
39 14 38 14
38 14 39 14
39 14 38 14
38 14 39 14
39 14 38 14
38 14 39 14
39 14 38 14
38 14 39 14
39 14 38 14
38 14 39 14
39 14 38 14
38 14 39 14
39 14 38 14
38 14 39 14
39 14 38 14
38 14 39 14
39 14 38 14
38 14 39 14
39 14 38 14
147
11 18 16 18
12 28 16 28
16 18 16 24
16 24 16 28
16 28 19 28
17 30 19 30
19 25 19 26
19 25 20 25
19 26 19 28
19 26 27 26
19 28 19 30
20 25 29 25
9 16 19 16
19 16 19 17
19 16 20 16
19 17 30 17
20 16 21 16
30 9 30 17
30 9 37 9
32 8 34 8
34 8 39 8
39 8 40 8
40 8 40 10
40 10 43 10
43 10 43 11
38 19 38 23
38 19 39 19
38 23 42 23
42 23 42 27
42 23 44 23
30 18 30 30
30 18 33 18
33 12 33 17
33 17 33 18
33 18 33 28
0 1 0 3
0 1 1 1
0 3 0 5
0 5 0 10
1 0 1 1
15 35 18 35
16 36 18 36
18 35 18 36
18 35 19 35
33 10 35 10
35 10 35 12
35 12 38 12
38 12 42 12
22 37 23 37
23 36 23 37
23 37 24 37
0 35 1 35
1 35 2 35
2 35 5 35
6 34 12 34
12 34 12 36
12 36 12 41
10 42 20 42
20 32 20 36
20 36 20 42
3 18 5 18
5 18 5 20
5 18 8 18
8 11 8 12
8 11 11 11
8 12 9 12
29 5 29 10
29 5 31 5
29 10 29 16
5 2 5 4
5 2 8 2
5 4 9 4
21 44 24 44
24 44 41 44
32 43 33 43
33 37 33 43
26 41 27 41
27 41 29 41
39 38 42 38
42 35 42 38
30 37 30 43
30 43 31 43
14 32 17 32
17 32 17 34
26 29 26 36
26 36 26 40
28 28 29 28
29 27 29 28
19 21 24 21
24 21 27 21
11 21 11 28
11 21 14 21
39 20 41 20
41 20 41 21
1 20 3 20
3 20 3 27
41 18 42 18
42 18 42 21
1 16 1 19
1 16 3 16
20 13 24 13
24 12 24 13
27 3 38 3
38 2 38 3
23 2 30 2
30 2 36 2
10 44 11 44
0 42 2 42
42 40 42 41
10 39 11 39
0 39 0 41
27 37 28 37
34 36 34 38
32 36 32 41
44 34 44 35
33 32 35 32
18 31 21 31
12 31 12 33
23 29 23 31
32 28 32 35
31 28 31 29
4 28 4 31
32 25 32 26
25 24 26 24
7 23 7 32
43 20 43 22
20 18 21 18
9 15 22 15
17 14 19 14
3 14 8 14
6 13 10 13
26 10 26 12
20 9 25 9
19 7 19 10
31 6 36 6
28 6 28 10
23 6 25 6
15 6 16 6
1 6 1 7
37 5 37 7
6 5 6 7
11 4 13 4
6 3 9 3
4 3 4 8
17 1 20 1
2 1 11 1
28 0 35 0
43
19 36 20 36
40 9 40 10
11 36 11 35
5 34 5 35
16 29 17 29
3 15 3 16
18 26 17 26
33 11 34 11
34 12 34 13
27 28 26 28
30 5 31 5
12 9 12 10
21 8 20 8
37 14 37 13
23 3 24 3
16 30 16 31
38 13 39 13
39 14 38 14
38 14 39 14
39 14 38 14
38 14 39 14
39 14 38 14
38 14 39 14
39 14 38 14
38 14 39 14
39 14 38 14
38 14 39 14
39 14 38 14
38 14 39 14
39 14 38 14
38 14 39 14
39 14 38 14
38 14 39 14
39 14 38 14
38 14 39 14
39 14 38 14
38 14 39 14
39 14 38 14
38 14 39 14
39 14 38 14
38 14 39 14
39 14 38 14
38 14 39 14
147
11 18 16 18
12 28 16 28
16 18 16 24
16 24 16 28
16 28 19 28
17 30 19 30
19 25 19 26
19 25 20 25
19 26 19 28
19 26 27 26
19 28 19 30
20 25 29 25
9 16 19 16
19 16 19 17
19 16 20 16
19 17 30 17
20 16 21 16
30 9 30 17
30 9 37 9
32 8 34 8
34 8 39 8
39 8 40 8
40 8 40 10
40 10 43 10
43 10 43 11
38 19 38 23
38 19 39 19
38 23 42 23
42 23 42 27
42 23 44 23
30 18 30 30
30 18 33 18
33 12 33 17
33 17 33 18
33 18 33 28
0 1 0 3
0 1 1 1
0 3 0 5
0 5 0 10
1 0 1 1
15 35 18 35
16 36 18 36
18 35 18 36
18 35 19 35
33 10 35 10
35 10 35 12
35 12 38 12
38 12 42 12
22 37 23 37
23 36 23 37
23 37 24 37
0 35 1 35
1 35 2 35
2 35 5 35
6 34 12 34
12 34 12 36
12 36 12 41
10 42 20 42
20 32 20 36
20 36 20 42
3 18 5 18
5 18 5 20
5 18 8 18
8 11 8 12
8 11 11 11
8 12 9 12
29 5 29 10
29 5 31 5
29 10 29 16
5 2 5 4
5 2 8 2
5 4 9 4
21 44 24 44
24 44 41 44
32 43 33 43
33 37 33 43
26 41 27 41
27 41 29 41
39 38 42 38
42 35 42 38
30 37 30 43
30 43 31 43
14 32 17 32
17 32 17 34
26 29 26 36
26 36 26 40
28 28 29 28
29 27 29 28
19 21 24 21
24 21 27 21
11 21 11 28
11 21 14 21
39 20 41 20
41 20 41 21
1 20 3 20
3 20 3 27
41 18 42 18
42 18 42 21
1 16 1 19
1 16 3 16
20 13 24 13
24 12 24 13
27 3 38 3
38 2 38 3
23 2 30 2
30 2 36 2
10 44 11 44
0 42 2 42
42 40 42 41
10 39 11 39
0 39 0 41
27 37 28 37
34 36 34 38
32 36 32 41
44 34 44 35
33 32 35 32
18 31 21 31
12 31 12 33
23 29 23 31
32 28 32 35
31 28 31 29
4 28 4 31
32 25 32 26
25 24 26 24
7 23 7 32
43 20 43 22
20 18 21 18
9 15 22 15
17 14 19 14
3 14 8 14
6 13 10 13
26 10 26 12
20 9 25 9
19 7 19 10
31 6 36 6
28 6 28 10
23 6 25 6
15 6 16 6
1 6 1 7
37 5 37 7
6 5 6 7
11 4 13 4
6 3 9 3
4 3 4 8
17 1 20 1
2 1 11 1
28 0 35 0
44
19 36 20 36
40 9 40 10
11 36 11 35
5 34 5 35
16 29 17 29
3 15 3 16
18 26 17 26
33 11 34 11
34 12 34 13
27 28 26 28
30 5 31 5
12 9 12 10
21 8 20 8
37 14 37 13
23 3 24 3
16 30 16 31
38 13 39 13
39 14 38 14
38 14 39 14
39 14 38 14
38 14 39 14
39 14 38 14
38 14 39 14
39 14 38 14
38 14 39 14
39 14 38 14
38 14 39 14
39 14 38 14
38 14 39 14
39 14 38 14
38 14 39 14
39 14 38 14
38 14 39 14
39 14 38 14
38 14 39 14
39 14 38 14
38 14 39 14
39 14 38 14
38 14 39 14
39 14 38 14
38 14 39 14
39 14 38 14
38 14 39 14
39 14 38 14
147
11 18 16 18
12 28 16 28
16 18 16 24
16 24 16 28
16 28 19 28
17 30 19 30
19 25 19 26
19 25 20 25
19 26 19 28
19 26 27 26
19 28 19 30
20 25 29 25
9 16 19 16
19 16 19 17
19 16 20 16
19 17 30 17
20 16 21 16
30 9 30 17
30 9 37 9
32 8 34 8
34 8 39 8
39 8 40 8
40 8 40 10
40 10 43 10
43 10 43 11
38 19 38 23
38 19 39 19
38 23 42 23
42 23 42 27
42 23 44 23
30 18 30 30
30 18 33 18
33 12 33 17
33 17 33 18
33 18 33 28
0 1 0 3
0 1 1 1
0 3 0 5
0 5 0 10
1 0 1 1
15 35 18 35
16 36 18 36
18 35 18 36
18 35 19 35
33 10 35 10
35 10 35 12
35 12 38 12
38 12 42 12
22 37 23 37
23 36 23 37
23 37 24 37
0 35 1 35
1 35 2 35
2 35 5 35
6 34 12 34
12 34 12 36
12 36 12 41
10 42 20 42
20 32 20 36
20 36 20 42
3 18 5 18
5 18 5 20
5 18 8 18
8 11 8 12
8 11 11 11
8 12 9 12
29 5 29 10
29 5 31 5
29 10 29 16
5 2 5 4
5 2 8 2
5 4 9 4
21 44 24 44
24 44 41 44
32 43 33 43
33 37 33 43
26 41 27 41
27 41 29 41
39 38 42 38
42 35 42 38
30 37 30 43
30 43 31 43
14 32 17 32
17 32 17 34
26 29 26 36
26 36 26 40
28 28 29 28
29 27 29 28
19 21 24 21
24 21 27 21
11 21 11 28
11 21 14 21
39 20 41 20
41 20 41 21
1 20 3 20
3 20 3 27
41 18 42 18
42 18 42 21
1 16 1 19
1 16 3 16
20 13 24 13
24 12 24 13
27 3 38 3
38 2 38 3
23 2 30 2
30 2 36 2
10 44 11 44
0 42 2 42
42 40 42 41
10 39 11 39
0 39 0 41
27 37 28 37
34 36 34 38
32 36 32 41
44 34 44 35
33 32 35 32
18 31 21 31
12 31 12 33
23 29 23 31
32 28 32 35
31 28 31 29
4 28 4 31
32 25 32 26
25 24 26 24
7 23 7 32
43 20 43 22
20 18 21 18
9 15 22 15
17 14 19 14
3 14 8 14
6 13 10 13
26 10 26 12
20 9 25 9
19 7 19 10
31 6 36 6
28 6 28 10
23 6 25 6
15 6 16 6
1 6 1 7
37 5 37 7
6 5 6 7
11 4 13 4
6 3 9 3
4 3 4 8
17 1 20 1
2 1 11 1
28 0 35 0
45
19 36 20 36
40 9 40 10
11 36 11 35
5 34 5 35
16 29 17 29
3 15 3 16
18 26 17 26
33 11 34 11
34 12 34 13
27 28 26 28
30 5 31 5
12 9 12 10
21 8 20 8
37 14 37 13
23 3 24 3
16 30 16 31
38 13 39 13
39 14 38 14
38 14 39 14
39 14 38 14
38 14 39 14
39 14 38 14
38 14 39 14
39 14 38 14
38 14 39 14
39 14 38 14
38 14 39 14
39 14 38 14
38 14 39 14
39 14 38 14
38 14 39 14
39 14 38 14
38 14 39 14
39 14 38 14
38 14 39 14
39 14 38 14
38 14 39 14
39 14 38 14
38 14 39 14
39 14 38 14
38 14 39 14
39 14 38 14
38 14 39 14
39 14 38 14
38 14 39 14
147
11 18 16 18
12 28 16 28
16 18 16 24
16 24 16 28
16 28 19 28
17 30 19 30
19 25 19 26
19 25 20 25
19 26 19 28
19 26 27 26
19 28 19 30
20 25 29 25
9 16 19 16
19 16 19 17
19 16 20 16
19 17 30 17
20 16 21 16
30 9 30 17
30 9 37 9
32 8 34 8
34 8 39 8
39 8 40 8
40 8 40 10
40 10 43 10
43 10 43 11
38 19 38 23
38 19 39 19
38 23 42 23
42 23 42 27
42 23 44 23
30 18 30 30
30 18 33 18
33 12 33 17
33 17 33 18
33 18 33 28
0 1 0 3
0 1 1 1
0 3 0 5
0 5 0 10
1 0 1 1
15 35 18 35
16 36 18 36
18 35 18 36
18 35 19 35
33 10 35 10
35 10 35 12
35 12 38 12
38 12 42 12
22 37 23 37
23 36 23 37
23 37 24 37
0 35 1 35
1 35 2 35
2 35 5 35
6 34 12 34
12 34 12 36
12 36 12 41
10 42 20 42
20 32 20 36
20 36 20 42
3 18 5 18
5 18 5 20
5 18 8 18
8 11 8 12
8 11 11 11
8 12 9 12
29 5 29 10
29 5 31 5
29 10 29 16
5 2 5 4
5 2 8 2
5 4 9 4
21 44 24 44
24 44 41 44
32 43 33 43
33 37 33 43
26 41 27 41
27 41 29 41
39 38 42 38
42 35 42 38
30 37 30 43
30 43 31 43
14 32 17 32
17 32 17 34
26 29 26 36
26 36 26 40
28 28 29 28
29 27 29 28
19 21 24 21
24 21 27 21
11 21 11 28
11 21 14 21
39 20 41 20
41 20 41 21
1 20 3 20
3 20 3 27
41 18 42 18
42 18 42 21
1 16 1 19
1 16 3 16
20 13 24 13
24 12 24 13
27 3 38 3
38 2 38 3
23 2 30 2
30 2 36 2
10 44 11 44
0 42 2 42
42 40 42 41
10 39 11 39
0 39 0 41
27 37 28 37
34 36 34 38
32 36 32 41
44 34 44 35
33 32 35 32
18 31 21 31
12 31 12 33
23 29 23 31
32 28 32 35
31 28 31 29
4 28 4 31
32 25 32 26
25 24 26 24
7 23 7 32
43 20 43 22
20 18 21 18
9 15 22 15
17 14 19 14
3 14 8 14
6 13 10 13
26 10 26 12
20 9 25 9
19 7 19 10
31 6 36 6
28 6 28 10
23 6 25 6
15 6 16 6
1 6 1 7
37 5 37 7
6 5 6 7
11 4 13 4
6 3 9 3
4 3 4 8
17 1 20 1
2 1 11 1
28 0 35 0
46
19 36 20 36
40 9 40 10
11 36 11 35
5 34 5 35
16 29 17 29
3 15 3 16
18 26 17 26
33 11 34 11
34 12 34 13
27 28 26 28
30 5 31 5
12 9 12 10
21 8 20 8
37 14 37 13
23 3 24 3
16 30 16 31
38 13 39 13
39 14 38 14
38 14 39 14
39 14 38 14
38 14 39 14
39 14 38 14
38 14 39 14
39 14 38 14
38 14 39 14
39 14 38 14
38 14 39 14
39 14 38 14
38 14 39 14
39 14 38 14
38 14 39 14
39 14 38 14
38 14 39 14
39 14 38 14
38 14 39 14
39 14 38 14
38 14 39 14
39 14 38 14
38 14 39 14
39 14 38 14
38 14 39 14
39 14 38 14
38 14 39 14
39 14 38 14
38 14 39 14
39 14 38 14
147
11 18 16 18
12 28 16 28
16 18 16 24
16 24 16 28
16 28 19 28
17 30 19 30
19 25 19 26
19 25 20 25
19 26 19 28
19 26 27 26
19 28 19 30
20 25 29 25
9 16 19 16
19 16 19 17
19 16 20 16
19 17 30 17
20 16 21 16
30 9 30 17
30 9 37 9
32 8 34 8
34 8 39 8
39 8 40 8
40 8 40 10
40 10 43 10
43 10 43 11
38 19 38 23
38 19 39 19
38 23 42 23
42 23 42 27
42 23 44 23
30 18 30 30
30 18 33 18
33 12 33 17
33 17 33 18
33 18 33 28
0 1 0 3
0 1 1 1
0 3 0 5
0 5 0 10
1 0 1 1
15 35 18 35
16 36 18 36
18 35 18 36
18 35 19 35
33 10 35 10
35 10 35 12
35 12 38 12
38 12 42 12
22 37 23 37
23 36 23 37
23 37 24 37
0 35 1 35
1 35 2 35
2 35 5 35
6 34 12 34
12 34 12 36
12 36 12 41
10 42 20 42
20 32 20 36
20 36 20 42
3 18 5 18
5 18 5 20
5 18 8 18
8 11 8 12
8 11 11 11
8 12 9 12
29 5 29 10
29 5 31 5
29 10 29 16
5 2 5 4
5 2 8 2
5 4 9 4
21 44 24 44
24 44 41 44
32 43 33 43
33 37 33 43
26 41 27 41
27 41 29 41
39 38 42 38
42 35 42 38
30 37 30 43
30 43 31 43
14 32 17 32
17 32 17 34
26 29 26 36
26 36 26 40
28 28 29 28
29 27 29 28
19 21 24 21
24 21 27 21
11 21 11 28
11 21 14 21
39 20 41 20
41 20 41 21
1 20 3 20
3 20 3 27
41 18 42 18
42 18 42 21
1 16 1 19
1 16 3 16
20 13 24 13
24 12 24 13
27 3 38 3
38 2 38 3
23 2 30 2
30 2 36 2
10 44 11 44
0 42 2 42
42 40 42 41
10 39 11 39
0 39 0 41
27 37 28 37
34 36 34 38
32 36 32 41
44 34 44 35
33 32 35 32
18 31 21 31
12 31 12 33
23 29 23 31
32 28 32 35
31 28 31 29
4 28 4 31
32 25 32 26
25 24 26 24
7 23 7 32
43 20 43 22
20 18 21 18
9 15 22 15
17 14 19 14
3 14 8 14
6 13 10 13
26 10 26 12
20 9 25 9
19 7 19 10
31 6 36 6
28 6 28 10
23 6 25 6
15 6 16 6
1 6 1 7
37 5 37 7
6 5 6 7
11 4 13 4
6 3 9 3
4 3 4 8
17 1 20 1
2 1 11 1
28 0 35 0
6
19 36 20 36
40 9 40 10
11 36 11 35
5 34 5 35
16 29 17 29
3 15 3 16
150
11 18 16 18
12 28 16 28
16 18 16 24
16 24 16 28
16 28 19 28
17 30 19 30
19 25 19 26
19 25 20 25
19 26 19 28
19 26 27 26
19 28 19 30
20 25 29 25
9 16 19 16
19 16 19 17
19 16 20 16
19 17 30 17
20 16 21 16
30 9 30 17
30 9 37 9
30 18 30 30
30 18 33 18
33 12 33 17
33 12 34 12
33 17 33 18
33 18 33 28
32 8 34 8
34 8 39 8
39 8 40 8
40 8 40 10
40 10 43 10
43 10 43 11
38 19 38 23
38 19 39 19
38 23 42 23
42 23 42 27
42 23 44 23
0 1 0 3
0 1 1 1
0 3 0 5
0 5 0 10
1 0 1 1
15 35 18 35
16 36 18 36
18 35 18 36
18 35 19 35
33 10 35 10
35 10 35 12
35 12 38 12
38 12 42 12
29 5 29 10
29 5 30 5
29 10 29 16
30 4 30 5
22 37 23 37
23 36 23 37
23 37 24 37
0 35 1 35
1 35 2 35
2 35 5 35
6 34 12 34
12 34 12 36
12 36 12 41
10 42 20 42
20 32 20 36
20 36 20 42
3 18 5 18
5 18 5 20
5 18 8 18
8 11 8 12
8 11 11 11
8 12 9 12
5 2 5 4
5 2 8 2
5 4 9 4
21 44 24 44
24 44 41 44
32 43 33 43
33 37 33 43
26 41 27 41
27 41 29 41
39 38 42 38
42 35 42 38
30 37 30 43
30 43 31 43
14 32 17 32
17 32 17 34
26 29 26 36
26 36 26 40
28 28 29 28
29 27 29 28
19 21 24 21
24 21 27 21
11 21 11 28
11 21 14 21
39 20 41 20
41 20 41 21
1 20 3 20
3 20 3 27
41 18 42 18
42 18 42 21
1 16 1 19
1 16 3 16
20 13 24 13
24 12 24 13
27 3 38 3
38 2 38 3
23 2 30 2
30 2 36 2
10 44 11 44
0 42 2 42
42 40 42 41
10 39 11 39
0 39 0 41
27 37 28 37
34 36 34 38
32 36 32 41
44 34 44 35
33 32 35 32
18 31 21 31
12 31 12 33
23 29 23 31
32 28 32 35
31 28 31 29
4 28 4 31
32 25 32 26
25 24 26 24
7 23 7 32
43 20 43 22
20 18 21 18
9 15 22 15
17 14 19 14
3 14 8 14
6 13 10 13
26 10 26 12
20 9 25 9
19 7 19 10
31 6 36 6
28 6 28 10
23 6 25 6
15 6 16 6
1 6 1 7
37 5 37 7
6 5 6 7
11 4 13 4
23 3 23 4
6 3 9 3
4 3 4 8
17 1 20 1
2 1 11 1
28 0 35 0
