0
139
28 8 35 8
35 8 39 8
35 14 38 14
38 10 38 14
38 10 39 10
38 14 39 14
39 8 39 9
39 9 39 10
39 14 44 14
37 34 37 42
37 42 38 42
38 42 38 43
38 43 44 43
44 34 44 43
44 43 45 43
5 33 10 33
10 32 10 33
10 32 11 32
10 33 12 33
11 30 11 32
2 25 4 25
4 21 4 23
4 21 7 21
4 23 4 24
4 24 4 25
14 34 19 34
19 22 19 26
19 26 19 34
19 34 27 34
0 10 0 11
0 10 6 10
0 11 0 32
6 10 11 10
15 37 18 37
18 37 18 41
18 41 18 44
5 26 5 30
5 26 9 26
9 26 10 26
35 20 35 23
35 23 35 25
35 23 37 23
8 3 11 3
10 2 11 2
11 2 11 3
38 44 41 44
41 44 42 44
0 43 0 45
0 45 5 45
28 41 28 44
28 44 30 44
15 41 15 44
15 41 17 41
28 39 31 39
31 34 31 39
8 38 13 38
13 36 13 38
32 30 32 35
32 35 36 35
42 29 42 34
42 34 42 39
20 29 21 29
21 29 21 32
28 27 33 27
33 25 33 27
23 22 34 22
34 20 34 22
25 21 27 21
27 21 29 21
45 20 45 26
45 26 45 34
28 9 28 10
28 9 38 9
45 8 45 9
45 9 45 17
9 7 15 7
15 7 15 24
4 5 17 5
17 5 19 5
24 4 25 4
25 4 36 4
31 2 31 3
31 2 34 2
35 43 35 44
4 42 9 42
21 41 21 43
10 41 12 41
41 40 41 41
8 40 8 41
3 39 7 39
33 37 35 37
0 37 0 39
38 36 39 36
1 36 2 36
5 35 11 35
0 34 0 35
40 33 41 33
26 32 28 32
15 32 15 33
1 31 9 31
36 29 39 29
8 29 13 29
28 28 34 28
24 28 24 31
30 26 32 26
25 25 28 25
23 25 23 30
16 25 17 25
40 23 41 23
18 22 18 25
41 20 44 20
33 20 33 21
4 20 9 20
27 19 35 19
36 16 36 21
35 16 35 17
26 16 30 16
1 16 7 16
26 15 30 15
29 13 33 13
12 13 12 14
1 12 1 15
35 11 36 11
17 11 17 18
17 10 19 10
16 9 16 11
21 7 22 7
37 6 39 6
27 6 31 6
24 6 24 8
5 6 7 6
2 6 3 6
42 4 42 6
8 4 13 4
41 3 41 4
45 1 45 2
36 0 45 0
34 0 35 0
8 0 10 0
1
40 15 40 14
138
28 8 35 8
35 8 39 8
35 14 38 14
38 10 38 14
38 10 39 10
38 14 39 14
39 8 39 9
39 9 39 10
37 34 37 42
37 42 38 42
38 42 38 43
38 43 44 43
44 34 44 43
44 43 45 43
5 33 10 33
10 32 10 33
10 32 11 32
10 33 12 33
11 30 11 32
2 25 4 25
4 21 4 23
4 21 7 21
4 23 4 24
4 24 4 25
14 34 19 34
19 22 19 26
19 26 19 34
19 34 27 34
0 10 0 11
0 10 6 10
0 11 0 32
6 10 11 10
15 37 18 37
18 37 18 41
18 41 18 44
5 26 5 30
5 26 9 26
9 26 10 26
35 20 35 23
35 23 35 25
35 23 37 23
8 3 11 3
10 2 11 2
11 2 11 3
38 44 41 44
41 44 42 44
0 43 0 45
0 45 5 45
28 41 28 44
28 44 30 44
15 41 15 44
15 41 17 41
28 39 31 39
31 34 31 39
8 38 13 38
13 36 13 38
32 30 32 35
32 35 36 35
42 29 42 34
42 34 42 39
20 29 21 29
21 29 21 32
28 27 33 27
33 25 33 27
23 22 34 22
34 20 34 22
25 21 27 21
27 21 29 21
45 20 45 26
45 26 45 34
28 9 28 10
28 9 38 9
45 8 45 9
45 9 45 17
9 7 15 7
15 7 15 24
4 5 17 5
17 5 19 5
24 4 25 4
25 4 36 4
31 2 31 3
31 2 34 2
35 43 35 44
4 42 9 42
21 41 21 43
10 41 12 41
41 40 41 41
8 40 8 41
3 39 7 39
33 37 35 37
0 37 0 39
38 36 39 36
1 36 2 36
5 35 11 35
0 34 0 35
40 33 41 33
26 32 28 32
15 32 15 33
1 31 9 31
36 29 39 29
8 29 13 29
28 28 34 28
24 28 24 31
30 26 32 26
25 25 28 25
23 25 23 30
16 25 17 25
40 23 41 23
18 22 18 25
41 20 44 20
33 20 33 21
4 20 9 20
27 19 35 19
36 16 36 21
35 16 35 17
26 16 30 16
1 16 7 16
26 15 30 15
29 13 33 13
12 13 12 14
1 12 1 15
35 11 36 11
17 11 17 18
17 10 19 10
16 9 16 11
21 7 22 7
37 6 39 6
27 6 31 6
24 6 24 8
5 6 7 6
2 6 3 6
42 4 42 6
8 4 13 4
41 3 41 4
45 1 45 2
36 0 45 0
34 0 35 0
8 0 10 0
2
40 15 40 14
39 14 39 13
138
28 8 35 8
35 8 39 8
35 14 38 14
38 10 38 14
38 10 39 10
39 8 39 9
39 9 39 10
39 10 39 13
37 34 37 42
37 42 38 42
38 42 38 43
38 43 44 43
44 34 44 43
44 43 45 43
5 33 10 33
10 32 10 33
10 32 11 32
10 33 12 33
11 30 11 32
2 25 4 25
4 21 4 23
4 21 7 21
4 23 4 24
4 24 4 25
14 34 19 34
19 22 19 26
19 26 19 34
19 34 27 34
0 10 0 11
0 10 6 10
0 11 0 32
6 10 11 10
15 37 18 37
18 37 18 41
18 41 18 44
5 26 5 30
5 26 9 26
9 26 10 26
35 20 35 23
35 23 35 25
35 23 37 23
8 3 11 3
10 2 11 2
11 2 11 3
38 44 41 44
41 44 42 44
0 43 0 45
0 45 5 45
28 41 28 44
28 44 30 44
15 41 15 44
15 41 17 41
28 39 31 39
31 34 31 39
8 38 13 38
13 36 13 38
32 30 32 35
32 35 36 35
42 29 42 34
42 34 42 39
20 29 21 29
21 29 21 32
28 27 33 27
33 25 33 27
23 22 34 22
34 20 34 22
25 21 27 21
27 21 29 21
45 20 45 26
45 26 45 34
28 9 28 10
28 9 38 9
45 8 45 9
45 9 45 17
9 7 15 7
15 7 15 24
4 5 17 5
17 5 19 5
24 4 25 4
25 4 36 4
31 2 31 3
31 2 34 2
35 43 35 44
4 42 9 42
21 41 21 43
10 41 12 41
41 40 41 41
8 40 8 41
3 39 7 39
33 37 35 37
0 37 0 39
38 36 39 36
1 36 2 36
5 35 11 35
0 34 0 35
40 33 41 33
26 32 28 32
15 32 15 33
1 31 9 31
36 29 39 29
8 29 13 29
28 28 34 28
24 28 24 31
30 26 32 26
25 25 28 25
23 25 23 30
16 25 17 25
40 23 41 23
18 22 18 25
41 20 44 20
33 20 33 21
4 20 9 20
27 19 35 19
36 16 36 21
35 16 35 17
26 16 30 16
1 16 7 16
26 15 30 15
29 13 33 13
12 13 12 14
1 12 1 15
35 11 36 11
17 11 17 18
17 10 19 10
16 9 16 11
21 7 22 7
37 6 39 6
27 6 31 6
24 6 24 8
5 6 7 6
2 6 3 6
42 4 42 6
8 4 13 4
41 3 41 4
45 1 45 2
36 0 45 0
34 0 35 0
8 0 10 0
3
40 15 40 14
39 14 39 13
25 9 26 9
139
28 8 35 8
35 8 39 8
35 14 38 14
38 10 38 14
38 10 39 10
39 8 39 9
39 9 39 10
39 10 39 13
37 34 37 42
37 42 38 42
38 42 38 43
38 43 44 43
44 34 44 43
44 43 45 43
5 33 10 33
10 32 10 33
10 32 11 32
10 33 12 33
11 30 11 32
2 25 4 25
4 21 4 23
4 21 7 21
4 23 4 24
4 24 4 25
14 34 19 34
19 22 19 26
19 26 19 34
19 34 27 34
0 10 0 11
0 10 6 10
0 11 0 32
6 10 11 10
15 37 18 37
18 37 18 41
18 41 18 44
5 26 5 30
5 26 9 26
9 26 10 26
35 20 35 23
35 23 35 25
35 23 37 23
8 3 11 3
10 2 11 2
11 2 11 3
38 44 41 44
41 44 42 44
0 43 0 45
0 45 5 45
28 41 28 44
28 44 30 44
15 41 15 44
15 41 17 41
28 39 31 39
31 34 31 39
8 38 13 38
13 36 13 38
32 30 32 35
32 35 36 35
42 29 42 34
42 34 42 39
20 29 21 29
21 29 21 32
28 27 33 27
33 25 33 27
23 22 34 22
34 20 34 22
25 21 27 21
27 21 29 21
45 20 45 26
45 26 45 34
28 9 28 10
28 9 38 9
45 8 45 9
45 9 45 17
9 7 15 7
15 7 15 24
4 5 17 5
17 5 19 5
24 4 25 4
25 4 36 4
31 2 31 3
31 2 34 2
35 43 35 44
4 42 9 42
21 41 21 43
10 41 12 41
41 40 41 41
8 40 8 41
3 39 7 39
33 37 35 37
0 37 0 39
38 36 39 36
1 36 2 36
5 35 11 35
0 34 0 35
40 33 41 33
26 32 28 32
15 32 15 33
1 31 9 31
36 29 39 29
8 29 13 29
28 28 34 28
24 28 24 31
30 26 32 26
25 25 28 25
23 25 23 30
16 25 17 25
40 23 41 23
18 22 18 25
41 20 44 20
33 20 33 21
4 20 9 20
27 19 35 19
36 16 36 21
35 16 35 17
26 16 30 16
1 16 7 16
26 15 30 15
29 13 33 13
12 13 12 14
1 12 1 15
35 11 36 11
17 11 17 18
17 10 19 10
16 9 16 11
26 7 26 9
21 7 22 7
37 6 39 6
27 6 31 6
24 6 24 8
5 6 7 6
2 6 3 6
42 4 42 6
8 4 13 4
41 3 41 4
45 1 45 2
36 0 45 0
34 0 35 0
8 0 10 0
4
40 15 40 14
39 14 39 13
25 9 26 9
27 20 26 20
140
28 8 35 8
35 8 39 8
35 14 38 14
38 10 38 14
38 10 39 10
39 8 39 9
39 9 39 10
39 10 39 13
37 34 37 42
37 42 38 42
38 42 38 43
38 43 44 43
44 34 44 43
44 43 45 43
5 33 10 33
10 32 10 33
10 32 11 32
10 33 12 33
11 30 11 32
2 25 4 25
4 21 4 23
4 21 7 21
4 23 4 24
4 24 4 25
14 34 19 34
19 22 19 26
19 26 19 34
19 34 27 34
0 10 0 11
0 10 6 10
0 11 0 32
6 10 11 10
15 37 18 37
18 37 18 41
18 41 18 44
5 26 5 30
5 26 9 26
9 26 10 26
35 20 35 23
35 23 35 25
35 23 37 23
8 3 11 3
10 2 11 2
11 2 11 3
38 44 41 44
41 44 42 44
0 43 0 45
0 45 5 45
28 41 28 44
28 44 30 44
15 41 15 44
15 41 17 41
28 39 31 39
31 34 31 39
8 38 13 38
13 36 13 38
32 30 32 35
32 35 36 35
42 29 42 34
42 34 42 39
20 29 21 29
21 29 21 32
28 27 33 27
33 25 33 27
23 22 34 22
34 20 34 22
25 21 27 21
27 21 29 21
45 20 45 26
45 26 45 34
28 9 28 10
28 9 38 9
45 8 45 9
45 9 45 17
9 7 15 7
15 7 15 24
4 5 17 5
17 5 19 5
24 4 25 4
25 4 36 4
31 2 31 3
31 2 34 2
35 43 35 44
4 42 9 42
21 41 21 43
10 41 12 41
41 40 41 41
8 40 8 41
3 39 7 39
33 37 35 37
0 37 0 39
38 36 39 36
1 36 2 36
5 35 11 35
0 34 0 35
40 33 41 33
26 32 28 32
15 32 15 33
1 31 9 31
36 29 39 29
8 29 13 29
28 28 34 28
24 28 24 31
30 26 32 26
25 25 28 25
23 25 23 30
16 25 17 25
40 23 41 23
18 22 18 25
41 20 44 20
33 20 33 21
4 20 9 20
27 19 35 19
26 19 26 20
36 16 36 21
35 16 35 17
26 16 30 16
1 16 7 16
26 15 30 15
29 13 33 13
12 13 12 14
1 12 1 15
35 11 36 11
17 11 17 18
17 10 19 10
16 9 16 11
26 7 26 9
21 7 22 7
37 6 39 6
27 6 31 6
24 6 24 8
5 6 7 6
2 6 3 6
42 4 42 6
8 4 13 4
41 3 41 4
45 1 45 2
36 0 45 0
34 0 35 0
8 0 10 0
5
40 15 40 14
39 14 39 13
25 9 26 9
27 20 26 20
26 19 26 18
140
28 8 35 8
35 8 39 8
35 14 38 14
38 10 38 14
38 10 39 10
39 8 39 9
39 9 39 10
39 10 39 13
37 34 37 42
37 42 38 42
38 42 38 43
38 43 44 43
44 34 44 43
44 43 45 43
5 33 10 33
10 32 10 33
10 32 11 32
10 33 12 33
11 30 11 32
2 25 4 25
4 21 4 23
4 21 7 21
4 23 4 24
4 24 4 25
14 34 19 34
19 22 19 26
19 26 19 34
19 34 27 34
0 10 0 11
0 10 6 10
0 11 0 32
6 10 11 10
15 37 18 37
18 37 18 41
18 41 18 44
5 26 5 30
5 26 9 26
9 26 10 26
35 20 35 23
35 23 35 25
35 23 37 23
8 3 11 3
10 2 11 2
11 2 11 3
38 44 41 44
41 44 42 44
0 43 0 45
0 45 5 45
28 41 28 44
28 44 30 44
15 41 15 44
15 41 17 41
28 39 31 39
31 34 31 39
8 38 13 38
13 36 13 38
32 30 32 35
32 35 36 35
42 29 42 34
42 34 42 39
20 29 21 29
21 29 21 32
28 27 33 27
33 25 33 27
23 22 34 22
34 20 34 22
25 21 27 21
27 21 29 21
45 20 45 26
45 26 45 34
28 9 28 10
28 9 38 9
45 8 45 9
45 9 45 17
9 7 15 7
15 7 15 24
4 5 17 5
17 5 19 5
24 4 25 4
25 4 36 4
31 2 31 3
31 2 34 2
35 43 35 44
4 42 9 42
21 41 21 43
10 41 12 41
41 40 41 41
8 40 8 41
3 39 7 39
33 37 35 37
0 37 0 39
38 36 39 36
1 36 2 36
5 35 11 35
0 34 0 35
40 33 41 33
26 32 28 32
15 32 15 33
1 31 9 31
36 29 39 29
8 29 13 29
28 28 34 28
24 28 24 31
30 26 32 26
25 25 28 25
23 25 23 30
16 25 17 25
40 23 41 23
18 22 18 25
41 20 44 20
33 20 33 21
4 20 9 20
27 19 35 19
26 18 26 20
36 16 36 21
35 16 35 17
26 16 30 16
1 16 7 16
26 15 30 15
29 13 33 13
12 13 12 14
1 12 1 15
35 11 36 11
17 11 17 18
17 10 19 10
16 9 16 11
26 7 26 9
21 7 22 7
37 6 39 6
27 6 31 6
24 6 24 8
5 6 7 6
2 6 3 6
42 4 42 6
8 4 13 4
41 3 41 4
45 1 45 2
36 0 45 0
34 0 35 0
8 0 10 0
6
40 15 40 14
39 14 39 13
25 9 26 9
27 20 26 20
26 19 26 18
26 17 27 17
140
28 8 35 8
35 8 39 8
35 14 38 14
38 10 38 14
38 10 39 10
39 8 39 9
39 9 39 10
39 10 39 13
37 34 37 42
37 42 38 42
38 42 38 43
38 43 44 43
44 34 44 43
44 43 45 43
5 33 10 33
10 32 10 33
10 32 11 32
10 33 12 33
11 30 11 32
2 25 4 25
4 21 4 23
4 21 7 21
4 23 4 24
4 24 4 25
14 34 19 34
19 22 19 26
19 26 19 34
19 34 27 34
0 10 0 11
0 10 6 10
0 11 0 32
6 10 11 10
15 37 18 37
18 37 18 41
18 41 18 44
5 26 5 30
5 26 9 26
9 26 10 26
35 20 35 23
35 23 35 25
35 23 37 23
8 3 11 3
10 2 11 2
11 2 11 3
38 44 41 44
41 44 42 44
0 43 0 45
0 45 5 45
28 41 28 44
28 44 30 44
15 41 15 44
15 41 17 41
28 39 31 39
31 34 31 39
8 38 13 38
13 36 13 38
32 30 32 35
32 35 36 35
42 29 42 34
42 34 42 39
20 29 21 29
21 29 21 32
28 27 33 27
33 25 33 27
23 22 34 22
34 20 34 22
25 21 27 21
27 21 29 21
45 20 45 26
45 26 45 34
28 9 28 10
28 9 38 9
45 8 45 9
45 9 45 17
9 7 15 7
15 7 15 24
4 5 17 5
17 5 19 5
24 4 25 4
25 4 36 4
31 2 31 3
31 2 34 2
35 43 35 44
4 42 9 42
21 41 21 43
10 41 12 41
41 40 41 41
8 40 8 41
3 39 7 39
33 37 35 37
0 37 0 39
38 36 39 36
1 36 2 36
5 35 11 35
0 34 0 35
40 33 41 33
26 32 28 32
15 32 15 33
1 31 9 31
36 29 39 29
8 29 13 29
28 28 34 28
24 28 24 31
30 26 32 26
25 25 28 25
23 25 23 30
16 25 17 25
40 23 41 23
18 22 18 25
41 20 44 20
33 20 33 21
4 20 9 20
27 19 35 19
26 18 26 20
36 16 36 21
35 16 35 17
26 16 30 16
1 16 7 16
26 15 30 15
29 13 33 13
12 13 12 14
1 12 1 15
35 11 36 11
17 11 17 18
17 10 19 10
16 9 16 11
26 7 26 9
21 7 22 7
37 6 39 6
27 6 31 6
24 6 24 8
5 6 7 6
2 6 3 6
42 4 42 6
8 4 13 4
41 3 41 4
45 1 45 2
36 0 45 0
34 0 35 0
8 0 10 0
7
40 15 40 14
39 14 39 13
25 9 26 9
27 20 26 20
26 19 26 18
26 17 27 17
10 27 11 27
141
28 8 35 8
35 8 39 8
35 14 38 14
38 10 38 14
38 10 39 10
39 8 39 9
39 9 39 10
39 10 39 13
37 34 37 42
37 42 38 42
38 42 38 43
38 43 44 43
44 34 44 43
44 43 45 43
5 33 10 33
10 32 10 33
10 32 11 32
10 33 12 33
11 30 11 32
2 25 4 25
4 21 4 23
4 21 7 21
4 23 4 24
4 24 4 25
5 26 5 30
5 26 9 26
9 26 10 26
10 26 10 28
14 34 19 34
19 22 19 26
19 26 19 34
19 34 27 34
0 10 0 11
0 10 6 10
0 11 0 32
6 10 11 10
15 37 18 37
18 37 18 41
18 41 18 44
35 20 35 23
35 23 35 25
35 23 37 23
8 3 11 3
10 2 11 2
11 2 11 3
38 44 41 44
41 44 42 44
0 43 0 45
0 45 5 45
28 41 28 44
28 44 30 44
15 41 15 44
15 41 17 41
28 39 31 39
31 34 31 39
8 38 13 38
13 36 13 38
32 30 32 35
32 35 36 35
42 29 42 34
42 34 42 39
20 29 21 29
21 29 21 32
28 27 33 27
33 25 33 27
23 22 34 22
34 20 34 22
25 21 27 21
27 21 29 21
45 20 45 26
45 26 45 34
28 9 28 10
28 9 38 9
45 8 45 9
45 9 45 17
9 7 15 7
15 7 15 24
4 5 17 5
17 5 19 5
24 4 25 4
25 4 36 4
31 2 31 3
31 2 34 2
35 43 35 44
4 42 9 42
21 41 21 43
10 41 12 41
41 40 41 41
8 40 8 41
3 39 7 39
33 37 35 37
0 37 0 39
38 36 39 36
1 36 2 36
5 35 11 35
0 34 0 35
40 33 41 33
26 32 28 32
15 32 15 33
1 31 9 31
36 29 39 29
8 29 13 29
28 28 34 28
24 28 24 31
30 26 32 26
25 25 28 25
23 25 23 30
16 25 17 25
40 23 41 23
18 22 18 25
41 20 44 20
33 20 33 21
4 20 9 20
27 19 35 19
26 18 26 20
36 16 36 21
35 16 35 17
26 16 30 16
1 16 7 16
26 15 30 15
29 13 33 13
12 13 12 14
1 12 1 15
35 11 36 11
17 11 17 18
17 10 19 10
16 9 16 11
26 7 26 9
21 7 22 7
37 6 39 6
27 6 31 6
24 6 24 8
5 6 7 6
2 6 3 6
42 4 42 6
8 4 13 4
41 3 41 4
45 1 45 2
36 0 45 0
34 0 35 0
8 0 10 0
8
40 15 40 14
39 14 39 13
25 9 26 9
27 20 26 20
26 19 26 18
26 17 27 17
10 27 11 27
11 2 11 1
140
28 8 35 8
35 8 39 8
35 14 38 14
38 10 38 14
38 10 39 10
39 8 39 9
39 9 39 10
39 10 39 13
37 34 37 42
37 42 38 42
38 42 38 43
38 43 44 43
44 34 44 43
44 43 45 43
5 33 10 33
10 32 10 33
10 32 11 32
10 33 12 33
11 30 11 32
2 25 4 25
4 21 4 23
4 21 7 21
4 23 4 24
4 24 4 25
5 26 5 30
5 26 9 26
9 26 10 26
10 26 10 28
14 34 19 34
19 22 19 26
19 26 19 34
19 34 27 34
0 10 0 11
0 10 6 10
0 11 0 32
6 10 11 10
15 37 18 37
18 37 18 41
18 41 18 44
35 20 35 23
35 23 35 25
35 23 37 23
38 44 41 44
41 44 42 44
0 43 0 45
0 45 5 45
28 41 28 44
28 44 30 44
15 41 15 44
15 41 17 41
28 39 31 39
31 34 31 39
8 38 13 38
13 36 13 38
32 30 32 35
32 35 36 35
42 29 42 34
42 34 42 39
20 29 21 29
21 29 21 32
28 27 33 27
33 25 33 27
23 22 34 22
34 20 34 22
25 21 27 21
27 21 29 21
45 20 45 26
45 26 45 34
28 9 28 10
28 9 38 9
45 8 45 9
45 9 45 17
9 7 15 7
15 7 15 24
4 5 17 5
17 5 19 5
24 4 25 4
25 4 36 4
8 3 11 3
11 1 11 3
31 2 31 3
31 2 34 2
35 43 35 44
4 42 9 42
21 41 21 43
10 41 12 41
41 40 41 41
8 40 8 41
3 39 7 39
33 37 35 37
0 37 0 39
38 36 39 36
1 36 2 36
5 35 11 35
0 34 0 35
40 33 41 33
26 32 28 32
15 32 15 33
1 31 9 31
36 29 39 29
8 29 13 29
28 28 34 28
24 28 24 31
30 26 32 26
25 25 28 25
23 25 23 30
16 25 17 25
40 23 41 23
18 22 18 25
41 20 44 20
33 20 33 21
4 20 9 20
27 19 35 19
26 18 26 20
36 16 36 21
35 16 35 17
26 16 30 16
1 16 7 16
26 15 30 15
29 13 33 13
12 13 12 14
1 12 1 15
35 11 36 11
17 11 17 18
17 10 19 10
16 9 16 11
26 7 26 9
21 7 22 7
37 6 39 6
27 6 31 6
24 6 24 8
5 6 7 6
2 6 3 6
42 4 42 6
8 4 13 4
41 3 41 4
45 1 45 2
36 0 45 0
34 0 35 0
8 0 10 0
9
40 15 40 14
39 14 39 13
25 9 26 9
27 20 26 20
26 19 26 18
26 17 27 17
10 27 11 27
11 2 11 1
39 9 40 9
139
28 8 35 8
35 8 39 8
35 14 38 14
38 10 38 14
38 10 39 10
39 8 39 10
39 10 39 13
37 34 37 42
37 42 38 42
38 42 38 43
38 43 44 43
44 34 44 43
44 43 45 43
5 33 10 33
10 32 10 33
10 32 11 32
10 33 12 33
11 30 11 32
2 25 4 25
4 21 4 23
4 21 7 21
4 23 4 24
4 24 4 25
5 26 5 30
5 26 9 26
9 26 10 26
10 26 10 28
14 34 19 34
19 22 19 26
19 26 19 34
19 34 27 34
0 10 0 11
0 10 6 10
0 11 0 32
6 10 11 10
15 37 18 37
18 37 18 41
18 41 18 44
35 20 35 23
35 23 35 25
35 23 37 23
38 44 41 44
41 44 42 44
0 43 0 45
0 45 5 45
28 41 28 44
28 44 30 44
15 41 15 44
15 41 17 41
28 39 31 39
31 34 31 39
8 38 13 38
13 36 13 38
32 30 32 35
32 35 36 35
42 29 42 34
42 34 42 39
20 29 21 29
21 29 21 32
28 27 33 27
33 25 33 27
23 22 34 22
34 20 34 22
25 21 27 21
27 21 29 21
45 20 45 26
45 26 45 34
28 9 28 10
28 9 38 9
45 8 45 9
45 9 45 17
9 7 15 7
15 7 15 24
4 5 17 5
17 5 19 5
24 4 25 4
25 4 36 4
8 3 11 3
11 1 11 3
31 2 31 3
31 2 34 2
35 43 35 44
4 42 9 42
21 41 21 43
10 41 12 41
41 40 41 41
8 40 8 41
3 39 7 39
33 37 35 37
0 37 0 39
38 36 39 36
1 36 2 36
5 35 11 35
0 34 0 35
40 33 41 33
26 32 28 32
15 32 15 33
1 31 9 31
36 29 39 29
8 29 13 29
28 28 34 28
24 28 24 31
30 26 32 26
25 25 28 25
23 25 23 30
16 25 17 25
40 23 41 23
18 22 18 25
41 20 44 20
33 20 33 21
4 20 9 20
27 19 35 19
26 18 26 20
36 16 36 21
35 16 35 17
26 16 30 16
1 16 7 16
26 15 30 15
29 13 33 13
12 13 12 14
1 12 1 15
35 11 36 11
17 11 17 18
17 10 19 10
16 9 16 11
26 7 26 9
21 7 22 7
37 6 39 6
27 6 31 6
24 6 24 8
5 6 7 6
2 6 3 6
42 4 42 6
8 4 13 4
41 3 41 4
45 1 45 2
36 0 45 0
34 0 35 0
8 0 10 0
10
40 15 40 14
39 14 39 13
25 9 26 9
27 20 26 20
26 19 26 18
26 17 27 17
10 27 11 27
11 2 11 1
39 9 40 9
27 35 28 35
139
28 8 35 8
35 8 39 8
35 14 38 14
38 10 38 14
38 10 39 10
39 8 39 10
39 10 39 13
37 34 37 42
37 42 38 42
38 42 38 43
38 43 44 43
44 34 44 43
44 43 45 43
5 33 10 33
10 32 10 33
10 32 11 32
10 33 12 33
11 30 11 32
2 25 4 25
4 21 4 23
4 21 7 21
4 23 4 24
4 24 4 25
5 26 5 30
5 26 9 26
9 26 10 26
10 26 10 28
14 34 19 34
19 22 19 26
19 26 19 34
19 34 27 34
0 10 0 11
0 10 6 10
0 11 0 32
6 10 11 10
15 37 18 37
18 37 18 41
18 41 18 44
35 20 35 23
35 23 35 25
35 23 37 23
38 44 41 44
41 44 42 44
0 43 0 45
0 45 5 45
28 41 28 44
28 44 30 44
15 41 15 44
15 41 17 41
28 39 31 39
31 34 31 39
8 38 13 38
13 36 13 38
32 30 32 35
32 35 36 35
42 29 42 34
42 34 42 39
20 29 21 29
21 29 21 32
28 27 33 27
33 25 33 27
23 22 34 22
34 20 34 22
25 21 27 21
27 21 29 21
45 20 45 26
45 26 45 34
28 9 28 10
28 9 38 9
45 8 45 9
45 9 45 17
9 7 15 7
15 7 15 24
4 5 17 5
17 5 19 5
24 4 25 4
25 4 36 4
8 3 11 3
11 1 11 3
31 2 31 3
31 2 34 2
35 43 35 44
4 42 9 42
21 41 21 43
10 41 12 41
41 40 41 41
8 40 8 41
3 39 7 39
33 37 35 37
0 37 0 39
38 36 39 36
1 36 2 36
5 35 11 35
0 34 0 35
40 33 41 33
26 32 28 32
15 32 15 33
1 31 9 31
36 29 39 29
8 29 13 29
28 28 34 28
24 28 24 31
30 26 32 26
25 25 28 25
23 25 23 30
16 25 17 25
40 23 41 23
18 22 18 25
41 20 44 20
33 20 33 21
4 20 9 20
27 19 35 19
26 18 26 20
36 16 36 21
35 16 35 17
26 16 30 16
1 16 7 16
26 15 30 15
29 13 33 13
12 13 12 14
1 12 1 15
35 11 36 11
17 11 17 18
17 10 19 10
16 9 16 11
26 7 26 9
21 7 22 7
37 6 39 6
27 6 31 6
24 6 24 8
5 6 7 6
2 6 3 6
42 4 42 6
8 4 13 4
41 3 41 4
45 1 45 2
36 0 45 0
34 0 35 0
8 0 10 0
11
40 15 40 14
39 14 39 13
25 9 26 9
27 20 26 20
26 19 26 18
26 17 27 17
10 27 11 27
11 2 11 1
39 9 40 9
27 35 28 35
27 19 28 19
139
28 8 35 8
35 8 39 8
35 14 38 14
38 10 38 14
38 10 39 10
39 8 39 10
39 10 39 13
37 34 37 42
37 42 38 42
38 42 38 43
38 43 44 43
44 34 44 43
44 43 45 43
5 33 10 33
10 32 10 33
10 32 11 32
10 33 12 33
11 30 11 32
2 25 4 25
4 21 4 23
4 21 7 21
4 23 4 24
4 24 4 25
5 26 5 30
5 26 9 26
9 26 10 26
10 26 10 28
14 34 19 34
19 22 19 26
19 26 19 34
19 34 27 34
0 10 0 11
0 10 6 10
0 11 0 32
6 10 11 10
15 37 18 37
18 37 18 41
18 41 18 44
35 20 35 23
35 23 35 25
35 23 37 23
38 44 41 44
41 44 42 44
0 43 0 45
0 45 5 45
28 41 28 44
28 44 30 44
15 41 15 44
15 41 17 41
28 39 31 39
31 34 31 39
8 38 13 38
13 36 13 38
32 30 32 35
32 35 36 35
42 29 42 34
42 34 42 39
20 29 21 29
21 29 21 32
28 27 33 27
33 25 33 27
23 22 34 22
34 20 34 22
25 21 27 21
27 21 29 21
45 20 45 26
45 26 45 34
28 9 28 10
28 9 38 9
45 8 45 9
45 9 45 17
9 7 15 7
15 7 15 24
4 5 17 5
17 5 19 5
24 4 25 4
25 4 36 4
8 3 11 3
11 1 11 3
31 2 31 3
31 2 34 2
35 43 35 44
4 42 9 42
21 41 21 43
10 41 12 41
41 40 41 41
8 40 8 41
3 39 7 39
33 37 35 37
0 37 0 39
38 36 39 36
1 36 2 36
5 35 11 35
0 34 0 35
40 33 41 33
26 32 28 32
15 32 15 33
1 31 9 31
36 29 39 29
8 29 13 29
28 28 34 28
24 28 24 31
30 26 32 26
25 25 28 25
23 25 23 30
16 25 17 25
40 23 41 23
18 22 18 25
41 20 44 20
33 20 33 21
4 20 9 20
28 19 35 19
26 18 26 20
36 16 36 21
35 16 35 17
26 16 30 16
1 16 7 16
26 15 30 15
29 13 33 13
12 13 12 14
1 12 1 15
35 11 36 11
17 11 17 18
17 10 19 10
16 9 16 11
26 7 26 9
21 7 22 7
37 6 39 6
27 6 31 6
24 6 24 8
5 6 7 6
2 6 3 6
42 4 42 6
8 4 13 4
41 3 41 4
45 1 45 2
36 0 45 0
34 0 35 0
8 0 10 0
12
40 15 40 14
39 14 39 13
25 9 26 9
27 20 26 20
26 19 26 18
26 17 27 17
10 27 11 27
11 2 11 1
39 9 40 9
27 35 28 35
27 19 28 19
39 15 38 15
140
28 8 35 8
35 8 39 8
35 14 38 14
38 10 38 14
38 10 39 10
39 8 39 10
39 10 39 13
37 34 37 42
37 42 38 42
38 42 38 43
38 43 44 43
44 34 44 43
44 43 45 43
5 33 10 33
10 32 10 33
10 32 11 32
10 33 12 33
11 30 11 32
2 25 4 25
4 21 4 23
4 21 7 21
4 23 4 24
4 24 4 25
5 26 5 30
5 26 9 26
9 26 10 26
10 26 10 28
14 34 19 34
19 22 19 26
19 26 19 34
19 34 27 34
0 10 0 11
0 10 6 10
0 11 0 32
6 10 11 10
15 37 18 37
18 37 18 41
18 41 18 44
35 20 35 23
35 23 35 25
35 23 37 23
38 44 41 44
41 44 42 44
0 43 0 45
0 45 5 45
28 41 28 44
28 44 30 44
15 41 15 44
15 41 17 41
28 39 31 39
31 34 31 39
8 38 13 38
13 36 13 38
32 30 32 35
32 35 36 35
42 29 42 34
42 34 42 39
20 29 21 29
21 29 21 32
28 27 33 27
33 25 33 27
23 22 34 22
34 20 34 22
25 21 27 21
27 21 29 21
45 20 45 26
45 26 45 34
38 15 38 16
38 16 38 31
28 9 28 10
28 9 38 9
45 8 45 9
45 9 45 17
9 7 15 7
15 7 15 24
4 5 17 5
17 5 19 5
24 4 25 4
25 4 36 4
8 3 11 3
11 1 11 3
31 2 31 3
31 2 34 2
35 43 35 44
4 42 9 42
21 41 21 43
10 41 12 41
41 40 41 41
8 40 8 41
3 39 7 39
33 37 35 37
0 37 0 39
38 36 39 36
1 36 2 36
5 35 11 35
0 34 0 35
40 33 41 33
26 32 28 32
15 32 15 33
1 31 9 31
8 29 13 29
28 28 34 28
24 28 24 31
30 26 32 26
25 25 28 25
23 25 23 30
16 25 17 25
40 23 41 23
18 22 18 25
41 20 44 20
33 20 33 21
4 20 9 20
28 19 35 19
26 18 26 20
36 16 36 21
35 16 35 17
26 16 30 16
1 16 7 16
26 15 30 15
29 13 33 13
12 13 12 14
1 12 1 15
35 11 36 11
17 11 17 18
17 10 19 10
16 9 16 11
26 7 26 9
21 7 22 7
37 6 39 6
27 6 31 6
24 6 24 8
5 6 7 6
2 6 3 6
42 4 42 6
8 4 13 4
41 3 41 4
45 1 45 2
36 0 45 0
34 0 35 0
8 0 10 0
13
40 15 40 14
39 14 39 13
25 9 26 9
27 20 26 20
26 19 26 18
26 17 27 17
10 27 11 27
11 2 11 1
39 9 40 9
27 35 28 35
27 19 28 19
39 15 38 15
10 33 9 33
139
28 8 35 8
35 8 39 8
35 14 38 14
38 10 38 14
38 10 39 10
39 8 39 10
39 10 39 13
37 34 37 42
37 42 38 42
38 42 38 43
38 43 44 43
44 34 44 43
44 43 45 43
2 25 4 25
4 21 4 23
4 21 7 21
4 23 4 24
4 24 4 25
5 26 5 30
5 26 9 26
9 26 10 26
10 26 10 28
14 34 19 34
19 22 19 26
19 26 19 34
19 34 27 34
0 10 0 11
0 10 6 10
0 11 0 32
6 10 11 10
15 37 18 37
18 37 18 41
18 41 18 44
35 20 35 23
35 23 35 25
35 23 37 23
38 44 41 44
41 44 42 44
0 43 0 45
0 45 5 45
28 41 28 44
28 44 30 44
15 41 15 44
15 41 17 41
28 39 31 39
31 34 31 39
8 38 13 38
13 36 13 38
5 33 9 33
9 33 12 33
10 32 11 32
11 30 11 32
32 30 32 35
32 35 36 35
42 29 42 34
42 34 42 39
20 29 21 29
21 29 21 32
28 27 33 27
33 25 33 27
23 22 34 22
34 20 34 22
25 21 27 21
27 21 29 21
45 20 45 26
45 26 45 34
38 15 38 16
38 16 38 31
28 9 28 10
28 9 38 9
45 8 45 9
45 9 45 17
9 7 15 7
15 7 15 24
4 5 17 5
17 5 19 5
24 4 25 4
25 4 36 4
8 3 11 3
11 1 11 3
31 2 31 3
31 2 34 2
35 43 35 44
4 42 9 42
21 41 21 43
10 41 12 41
41 40 41 41
8 40 8 41
3 39 7 39
33 37 35 37
0 37 0 39
38 36 39 36
1 36 2 36
5 35 11 35
0 34 0 35
40 33 41 33
26 32 28 32
15 32 15 33
1 31 9 31
8 29 13 29
28 28 34 28
24 28 24 31
30 26 32 26
25 25 28 25
23 25 23 30
16 25 17 25
40 23 41 23
18 22 18 25
41 20 44 20
33 20 33 21
4 20 9 20
28 19 35 19
26 18 26 20
36 16 36 21
35 16 35 17
26 16 30 16
1 16 7 16
26 15 30 15
29 13 33 13
12 13 12 14
1 12 1 15
35 11 36 11
17 11 17 18
17 10 19 10
16 9 16 11
26 7 26 9
21 7 22 7
37 6 39 6
27 6 31 6
24 6 24 8
5 6 7 6
2 6 3 6
42 4 42 6
8 4 13 4
41 3 41 4
45 1 45 2
36 0 45 0
34 0 35 0
8 0 10 0
14
40 15 40 14
39 14 39 13
25 9 26 9
27 20 26 20
26 19 26 18
26 17 27 17
10 27 11 27
11 2 11 1
39 9 40 9
27 35 28 35
27 19 28 19
39 15 38 15
10 33 9 33
22 8 22 9
140
28 8 35 8
35 8 39 8
35 14 38 14
38 10 38 14
38 10 39 10
39 8 39 10
39 10 39 13
37 34 37 42
37 42 38 42
38 42 38 43
38 43 44 43
44 34 44 43
44 43 45 43
2 25 4 25
4 21 4 23
4 21 7 21
4 23 4 24
4 24 4 25
5 26 5 30
5 26 9 26
9 26 10 26
10 26 10 28
14 34 19 34
19 22 19 26
19 26 19 34
19 34 27 34
0 10 0 11
0 10 6 10
0 11 0 32
6 10 11 10
15 37 18 37
18 37 18 41
18 41 18 44
35 20 35 23
35 23 35 25
35 23 37 23
38 44 41 44
41 44 42 44
0 43 0 45
0 45 5 45
28 41 28 44
28 44 30 44
15 41 15 44
15 41 17 41
28 39 31 39
31 34 31 39
8 38 13 38
13 36 13 38
5 33 9 33
9 33 12 33
10 32 11 32
11 30 11 32
32 30 32 35
32 35 36 35
42 29 42 34
42 34 42 39
20 29 21 29
21 29 21 32
28 27 33 27
33 25 33 27
23 22 34 22
34 20 34 22
25 21 27 21
27 21 29 21
45 20 45 26
45 26 45 34
38 15 38 16
38 16 38 31
28 9 28 10
28 9 38 9
45 8 45 9
45 9 45 17
21 8 24 8
24 6 24 8
9 7 15 7
15 7 15 24
4 5 17 5
17 5 19 5
24 4 25 4
25 4 36 4
8 3 11 3
11 1 11 3
31 2 31 3
31 2 34 2
35 43 35 44
4 42 9 42
21 41 21 43
10 41 12 41
41 40 41 41
8 40 8 41
3 39 7 39
33 37 35 37
0 37 0 39
38 36 39 36
1 36 2 36
5 35 11 35
0 34 0 35
40 33 41 33
26 32 28 32
15 32 15 33
1 31 9 31
8 29 13 29
28 28 34 28
24 28 24 31
30 26 32 26
25 25 28 25
23 25 23 30
16 25 17 25
40 23 41 23
18 22 18 25
41 20 44 20
33 20 33 21
4 20 9 20
28 19 35 19
26 18 26 20
36 16 36 21
35 16 35 17
26 16 30 16
1 16 7 16
26 15 30 15
29 13 33 13
12 13 12 14
1 12 1 15
35 11 36 11
17 11 17 18
17 10 19 10
16 9 16 11
26 7 26 9
21 7 22 7
37 6 39 6
27 6 31 6
5 6 7 6
2 6 3 6
42 4 42 6
8 4 13 4
41 3 41 4
45 1 45 2
36 0 45 0
34 0 35 0
8 0 10 0
15
40 15 40 14
39 14 39 13
25 9 26 9
27 20 26 20
26 19 26 18
26 17 27 17
10 27 11 27
11 2 11 1
39 9 40 9
27 35 28 35
27 19 28 19
39 15 38 15
10 33 9 33
22 8 22 9
41 4 41 5
141
28 8 35 8
35 8 39 8
35 14 38 14
38 10 38 14
38 10 39 10
39 8 39 10
39 10 39 13
37 34 37 42
37 42 38 42
38 42 38 43
38 43 44 43
44 34 44 43
44 43 45 43
2 25 4 25
4 21 4 23
4 21 7 21
4 23 4 24
4 24 4 25
5 26 5 30
5 26 9 26
9 26 10 26
10 26 10 28
14 34 19 34
19 22 19 26
19 26 19 34
19 34 27 34
0 10 0 11
0 10 6 10
0 11 0 32
6 10 11 10
15 37 18 37
18 37 18 41
18 41 18 44
35 20 35 23
35 23 35 25
35 23 37 23
38 44 41 44
41 44 42 44
0 43 0 45
0 45 5 45
28 41 28 44
28 44 30 44
15 41 15 44
15 41 17 41
28 39 31 39
31 34 31 39
8 38 13 38
13 36 13 38
5 33 9 33
9 33 12 33
10 32 11 32
11 30 11 32
32 30 32 35
32 35 36 35
42 29 42 34
42 34 42 39
20 29 21 29
21 29 21 32
28 27 33 27
33 25 33 27
23 22 34 22
34 20 34 22
25 21 27 21
27 21 29 21
45 20 45 26
45 26 45 34
38 15 38 16
38 16 38 31
28 9 28 10
28 9 38 9
45 8 45 9
45 9 45 17
21 8 24 8
24 6 24 8
9 7 15 7
15 7 15 24
38 5 41 5
41 3 41 5
4 5 17 5
17 5 19 5
24 4 25 4
25 4 36 4
8 3 11 3
11 1 11 3
31 2 31 3
31 2 34 2
35 43 35 44
4 42 9 42
21 41 21 43
10 41 12 41
41 40 41 41
8 40 8 41
3 39 7 39
33 37 35 37
0 37 0 39
38 36 39 36
1 36 2 36
5 35 11 35
0 34 0 35
40 33 41 33
26 32 28 32
15 32 15 33
1 31 9 31
8 29 13 29
28 28 34 28
24 28 24 31
30 26 32 26
25 25 28 25
23 25 23 30
16 25 17 25
40 23 41 23
18 22 18 25
41 20 44 20
33 20 33 21
4 20 9 20
28 19 35 19
26 18 26 20
36 16 36 21
35 16 35 17
26 16 30 16
1 16 7 16
26 15 30 15
29 13 33 13
12 13 12 14
1 12 1 15
35 11 36 11
17 11 17 18
17 10 19 10
16 9 16 11
26 7 26 9
21 7 22 7
37 6 39 6
27 6 31 6
5 6 7 6
2 6 3 6
42 4 42 6
8 4 13 4
45 1 45 2
36 0 45 0
34 0 35 0
8 0 10 0
16
40 15 40 14
39 14 39 13
25 9 26 9
27 20 26 20
26 19 26 18
26 17 27 17
10 27 11 27
11 2 11 1
39 9 40 9
27 35 28 35
27 19 28 19
39 15 38 15
10 33 9 33
22 8 22 9
41 4 41 5
33 21 33 22
140
28 8 35 8
35 8 39 8
35 14 38 14
38 10 38 14
38 10 39 10
39 8 39 10
39 10 39 13
37 34 37 42
37 42 38 42
38 42 38 43
38 43 44 43
44 34 44 43
44 43 45 43
2 25 4 25
4 21 4 23
4 21 7 21
4 23 4 24
4 24 4 25
5 26 5 30
5 26 9 26
9 26 10 26
10 26 10 28
14 34 19 34
19 22 19 26
19 26 19 34
19 34 27 34
0 10 0 11
0 10 6 10
0 11 0 32
6 10 11 10
15 37 18 37
18 37 18 41
18 41 18 44
35 20 35 23
35 23 35 25
35 23 37 23
38 44 41 44
41 44 42 44
0 43 0 45
0 45 5 45
28 41 28 44
28 44 30 44
15 41 15 44
15 41 17 41
28 39 31 39
31 34 31 39
8 38 13 38
13 36 13 38
5 33 9 33
9 33 12 33
10 32 11 32
11 30 11 32
32 30 32 35
32 35 36 35
42 29 42 34
42 34 42 39
20 29 21 29
21 29 21 32
28 27 33 27
33 25 33 27
25 21 27 21
27 21 29 21
45 20 45 26
45 26 45 34
38 15 38 16
38 16 38 31
28 9 28 10
28 9 38 9
45 8 45 9
45 9 45 17
21 8 24 8
24 6 24 8
9 7 15 7
15 7 15 24
38 5 41 5
41 3 41 5
4 5 17 5
17 5 19 5
24 4 25 4
25 4 36 4
8 3 11 3
11 1 11 3
31 2 31 3
31 2 34 2
35 43 35 44
4 42 9 42
21 41 21 43
10 41 12 41
41 40 41 41
8 40 8 41
3 39 7 39
33 37 35 37
0 37 0 39
38 36 39 36
1 36 2 36
5 35 11 35
0 34 0 35
40 33 41 33
26 32 28 32
15 32 15 33
1 31 9 31
8 29 13 29
28 28 34 28
24 28 24 31
30 26 32 26
25 25 28 25
23 25 23 30
16 25 17 25
40 23 41 23
18 22 18 25
41 20 44 20
34 20 34 22
33 20 33 22
4 20 9 20
28 19 35 19
26 18 26 20
36 16 36 21
35 16 35 17
26 16 30 16
1 16 7 16
26 15 30 15
29 13 33 13
12 13 12 14
1 12 1 15
35 11 36 11
17 11 17 18
17 10 19 10
16 9 16 11
26 7 26 9
21 7 22 7
37 6 39 6
27 6 31 6
5 6 7 6
2 6 3 6
42 4 42 6
8 4 13 4
45 1 45 2
36 0 45 0
34 0 35 0
8 0 10 0
17
40 15 40 14
39 14 39 13
25 9 26 9
27 20 26 20
26 19 26 18
26 17 27 17
10 27 11 27
11 2 11 1
39 9 40 9
27 35 28 35
27 19 28 19
39 15 38 15
10 33 9 33
22 8 22 9
41 4 41 5
33 21 33 22
9 26 9 27
139
28 8 35 8
35 8 39 8
35 14 38 14
38 10 38 14
38 10 39 10
39 8 39 10
39 10 39 13
37 34 37 42
37 42 38 42
38 42 38 43
38 43 44 43
44 34 44 43
44 43 45 43
2 25 4 25
4 21 4 23
4 21 7 21
4 23 4 24
4 24 4 25
14 34 19 34
19 22 19 26
19 26 19 34
19 34 27 34
0 10 0 11
0 10 6 10
0 11 0 32
6 10 11 10
15 37 18 37
18 37 18 41
18 41 18 44
5 26 5 30
5 26 10 26
10 26 10 28
35 20 35 23
35 23 35 25
35 23 37 23
38 44 41 44
41 44 42 44
0 43 0 45
0 45 5 45
28 41 28 44
28 44 30 44
15 41 15 44
15 41 17 41
28 39 31 39
31 34 31 39
8 38 13 38
13 36 13 38
5 33 9 33
9 33 12 33
10 32 11 32
11 30 11 32
32 30 32 35
32 35 36 35
42 29 42 34
42 34 42 39
20 29 21 29
21 29 21 32
28 27 33 27
33 25 33 27
25 21 27 21
27 21 29 21
45 20 45 26
45 26 45 34
38 15 38 16
38 16 38 31
28 9 28 10
28 9 38 9
45 8 45 9
45 9 45 17
21 8 24 8
24 6 24 8
9 7 15 7
15 7 15 24
38 5 41 5
41 3 41 5
4 5 17 5
17 5 19 5
24 4 25 4
25 4 36 4
8 3 11 3
11 1 11 3
31 2 31 3
31 2 34 2
35 43 35 44
4 42 9 42
21 41 21 43
10 41 12 41
41 40 41 41
8 40 8 41
3 39 7 39
33 37 35 37
0 37 0 39
38 36 39 36
1 36 2 36
5 35 11 35
0 34 0 35
40 33 41 33
26 32 28 32
15 32 15 33
1 31 9 31
8 29 13 29
28 28 34 28
24 28 24 31
30 26 32 26
25 25 28 25
23 25 23 30
16 25 17 25
40 23 41 23
18 22 18 25
41 20 44 20
34 20 34 22
33 20 33 22
4 20 9 20
28 19 35 19
26 18 26 20
36 16 36 21
35 16 35 17
26 16 30 16
1 16 7 16
26 15 30 15
29 13 33 13
12 13 12 14
1 12 1 15
35 11 36 11
17 11 17 18
17 10 19 10
16 9 16 11
26 7 26 9
21 7 22 7
37 6 39 6
27 6 31 6
5 6 7 6
2 6 3 6
42 4 42 6
8 4 13 4
45 1 45 2
36 0 45 0
34 0 35 0
8 0 10 0
18
40 15 40 14
39 14 39 13
25 9 26 9
27 20 26 20
26 19 26 18
26 17 27 17
10 27 11 27
11 2 11 1
39 9 40 9
27 35 28 35
27 19 28 19
39 15 38 15
10 33 9 33
22 8 22 9
41 4 41 5
33 21 33 22
9 26 9 27
9 28 9 29
139
28 8 35 8
35 8 39 8
35 14 38 14
38 10 38 14
38 10 39 10
39 8 39 10
39 10 39 13
37 34 37 42
37 42 38 42
38 42 38 43
38 43 44 43
44 34 44 43
44 43 45 43
2 25 4 25
4 21 4 23
4 21 7 21
4 23 4 24
4 24 4 25
5 26 5 30
5 26 10 26
8 28 10 28
10 26 10 28
14 34 19 34
19 22 19 26
19 26 19 34
19 34 27 34
0 10 0 11
0 10 6 10
0 11 0 32
6 10 11 10
15 37 18 37
18 37 18 41
18 41 18 44
35 20 35 23
35 23 35 25
35 23 37 23
38 44 41 44
41 44 42 44
0 43 0 45
0 45 5 45
28 41 28 44
28 44 30 44
15 41 15 44
15 41 17 41
28 39 31 39
31 34 31 39
8 38 13 38
13 36 13 38
5 33 9 33
9 33 12 33
10 32 11 32
11 30 11 32
32 30 32 35
32 35 36 35
42 29 42 34
42 34 42 39
20 29 21 29
21 29 21 32
28 27 33 27
33 25 33 27
25 21 27 21
27 21 29 21
45 20 45 26
45 26 45 34
38 15 38 16
38 16 38 31
28 9 28 10
28 9 38 9
45 8 45 9
45 9 45 17
21 8 24 8
24 6 24 8
9 7 15 7
15 7 15 24
38 5 41 5
41 3 41 5
4 5 17 5
17 5 19 5
24 4 25 4
25 4 36 4
8 3 11 3
11 1 11 3
31 2 31 3
31 2 34 2
35 43 35 44
4 42 9 42
21 41 21 43
10 41 12 41
41 40 41 41
8 40 8 41
3 39 7 39
33 37 35 37
0 37 0 39
38 36 39 36
1 36 2 36
5 35 11 35
0 34 0 35
40 33 41 33
26 32 28 32
15 32 15 33
1 31 9 31
28 28 34 28
24 28 24 31
30 26 32 26
25 25 28 25
23 25 23 30
16 25 17 25
40 23 41 23
18 22 18 25
41 20 44 20
34 20 34 22
33 20 33 22
4 20 9 20
28 19 35 19
26 18 26 20
36 16 36 21
35 16 35 17
26 16 30 16
1 16 7 16
26 15 30 15
29 13 33 13
12 13 12 14
1 12 1 15
35 11 36 11
17 11 17 18
17 10 19 10
16 9 16 11
26 7 26 9
21 7 22 7
37 6 39 6
27 6 31 6
5 6 7 6
2 6 3 6
42 4 42 6
8 4 13 4
45 1 45 2
36 0 45 0
34 0 35 0
8 0 10 0
19
40 15 40 14
39 14 39 13
25 9 26 9
27 20 26 20
26 19 26 18
26 17 27 17
10 27 11 27
11 2 11 1
39 9 40 9
27 35 28 35
27 19 28 19
39 15 38 15
10 33 9 33
22 8 22 9
41 4 41 5
33 21 33 22
9 26 9 27
9 28 9 29
11 27 11 28
139
28 8 35 8
35 8 39 8
35 14 38 14
38 10 38 14
38 10 39 10
39 8 39 10
39 10 39 13
37 34 37 42
37 42 38 42
38 42 38 43
38 43 44 43
44 34 44 43
44 43 45 43
2 25 4 25
4 21 4 23
4 21 7 21
4 23 4 24
4 24 4 25
5 26 5 30
5 26 10 26
8 28 10 28
10 26 10 28
14 34 19 34
19 22 19 26
19 26 19 34
19 34 27 34
0 10 0 11
0 10 6 10
0 11 0 32
6 10 11 10
15 37 18 37
18 37 18 41
18 41 18 44
35 20 35 23
35 23 35 25
35 23 37 23
38 44 41 44
41 44 42 44
0 43 0 45
0 45 5 45
28 41 28 44
28 44 30 44
15 41 15 44
15 41 17 41
28 39 31 39
31 34 31 39
8 38 13 38
13 36 13 38
5 33 9 33
9 33 12 33
10 32 11 32
11 30 11 32
32 30 32 35
32 35 36 35
42 29 42 34
42 34 42 39
20 29 21 29
21 29 21 32
28 27 33 27
33 25 33 27
25 21 27 21
27 21 29 21
45 20 45 26
45 26 45 34
38 15 38 16
38 16 38 31
28 9 28 10
28 9 38 9
45 8 45 9
45 9 45 17
21 8 24 8
24 6 24 8
9 7 15 7
15 7 15 24
38 5 41 5
41 3 41 5
4 5 17 5
17 5 19 5
24 4 25 4
25 4 36 4
8 3 11 3
11 1 11 3
31 2 31 3
31 2 34 2
35 43 35 44
4 42 9 42
21 41 21 43
10 41 12 41
41 40 41 41
8 40 8 41
3 39 7 39
33 37 35 37
0 37 0 39
38 36 39 36
1 36 2 36
5 35 11 35
0 34 0 35
40 33 41 33
26 32 28 32
15 32 15 33
1 31 9 31
28 28 34 28
24 28 24 31
30 26 32 26
25 25 28 25
23 25 23 30
16 25 17 25
40 23 41 23
18 22 18 25
41 20 44 20
34 20 34 22
33 20 33 22
4 20 9 20
28 19 35 19
26 18 26 20
36 16 36 21
35 16 35 17
26 16 30 16
1 16 7 16
26 15 30 15
29 13 33 13
12 13 12 14
1 12 1 15
35 11 36 11
17 11 17 18
17 10 19 10
16 9 16 11
26 7 26 9
21 7 22 7
37 6 39 6
27 6 31 6
5 6 7 6
2 6 3 6
42 4 42 6
8 4 13 4
45 1 45 2
36 0 45 0
34 0 35 0
8 0 10 0
20
40 15 40 14
39 14 39 13
25 9 26 9
27 20 26 20
26 19 26 18
26 17 27 17
10 27 11 27
11 2 11 1
39 9 40 9
27 35 28 35
27 19 28 19
39 15 38 15
10 33 9 33
22 8 22 9
41 4 41 5
33 21 33 22
9 26 9 27
9 28 9 29
11 27 11 28
9 29 10 29
140
28 8 35 8
35 8 39 8
35 14 38 14
38 10 38 14
38 10 39 10
39 8 39 10
39 10 39 13
37 34 37 42
37 42 38 42
38 42 38 43
38 43 44 43
44 34 44 43
44 43 45 43
2 25 4 25
4 21 4 23
4 21 7 21
4 23 4 24
4 24 4 25
5 26 5 30
5 26 10 26
8 28 10 28
10 26 10 28
14 34 19 34
19 22 19 26
19 26 19 34
19 34 27 34
0 10 0 11
0 10 6 10
0 11 0 32
6 10 11 10
15 37 18 37
18 37 18 41
18 41 18 44
10 29 10 32
10 32 11 32
11 30 11 32
35 20 35 23
35 23 35 25
35 23 37 23
38 44 41 44
41 44 42 44
0 43 0 45
0 45 5 45
28 41 28 44
28 44 30 44
15 41 15 44
15 41 17 41
28 39 31 39
31 34 31 39
8 38 13 38
13 36 13 38
5 33 9 33
9 33 12 33
32 30 32 35
32 35 36 35
42 29 42 34
42 34 42 39
20 29 21 29
21 29 21 32
28 27 33 27
33 25 33 27
25 21 27 21
27 21 29 21
45 20 45 26
45 26 45 34
38 15 38 16
38 16 38 31
28 9 28 10
28 9 38 9
45 8 45 9
45 9 45 17
21 8 24 8
24 6 24 8
9 7 15 7
15 7 15 24
38 5 41 5
41 3 41 5
4 5 17 5
17 5 19 5
24 4 25 4
25 4 36 4
8 3 11 3
11 1 11 3
31 2 31 3
31 2 34 2
35 43 35 44
4 42 9 42
21 41 21 43
10 41 12 41
41 40 41 41
8 40 8 41
3 39 7 39
33 37 35 37
0 37 0 39
38 36 39 36
1 36 2 36
5 35 11 35
0 34 0 35
40 33 41 33
26 32 28 32
15 32 15 33
1 31 9 31
28 28 34 28
24 28 24 31
30 26 32 26
25 25 28 25
23 25 23 30
16 25 17 25
40 23 41 23
18 22 18 25
41 20 44 20
34 20 34 22
33 20 33 22
4 20 9 20
28 19 35 19
26 18 26 20
36 16 36 21
35 16 35 17
26 16 30 16
1 16 7 16
26 15 30 15
29 13 33 13
12 13 12 14
1 12 1 15
35 11 36 11
17 11 17 18
17 10 19 10
16 9 16 11
26 7 26 9
21 7 22 7
37 6 39 6
27 6 31 6
5 6 7 6
2 6 3 6
42 4 42 6
8 4 13 4
45 1 45 2
36 0 45 0
34 0 35 0
8 0 10 0
21
40 15 40 14
39 14 39 13
25 9 26 9
27 20 26 20
26 19 26 18
26 17 27 17
10 27 11 27
11 2 11 1
39 9 40 9
27 35 28 35
27 19 28 19
39 15 38 15
10 33 9 33
22 8 22 9
41 4 41 5
33 21 33 22
9 26 9 27
9 28 9 29
11 27 11 28
9 29 10 29
11 28 11 27
140
28 8 35 8
35 8 39 8
35 14 38 14
38 10 38 14
38 10 39 10
39 8 39 10
39 10 39 13
37 34 37 42
37 42 38 42
38 42 38 43
38 43 44 43
44 34 44 43
44 43 45 43
2 25 4 25
4 21 4 23
4 21 7 21
4 23 4 24
4 24 4 25
5 26 5 30
5 26 10 26
8 28 10 28
10 26 10 28
14 34 19 34
19 22 19 26
19 26 19 34
19 34 27 34
0 10 0 11
0 10 6 10
0 11 0 32
6 10 11 10
15 37 18 37
18 37 18 41
18 41 18 44
10 29 10 32
10 32 11 32
11 30 11 32
35 20 35 23
35 23 35 25
35 23 37 23
38 44 41 44
41 44 42 44
0 43 0 45
0 45 5 45
28 41 28 44
28 44 30 44
15 41 15 44
15 41 17 41
28 39 31 39
31 34 31 39
8 38 13 38
13 36 13 38
5 33 9 33
9 33 12 33
32 30 32 35
32 35 36 35
42 29 42 34
42 34 42 39
20 29 21 29
21 29 21 32
28 27 33 27
33 25 33 27
25 21 27 21
27 21 29 21
45 20 45 26
45 26 45 34
38 15 38 16
38 16 38 31
28 9 28 10
28 9 38 9
45 8 45 9
45 9 45 17
21 8 24 8
24 6 24 8
9 7 15 7
15 7 15 24
38 5 41 5
41 3 41 5
4 5 17 5
17 5 19 5
24 4 25 4
25 4 36 4
8 3 11 3
11 1 11 3
31 2 31 3
31 2 34 2
35 43 35 44
4 42 9 42
21 41 21 43
10 41 12 41
41 40 41 41
8 40 8 41
3 39 7 39
33 37 35 37
0 37 0 39
38 36 39 36
1 36 2 36
5 35 11 35
0 34 0 35
40 33 41 33
26 32 28 32
15 32 15 33
1 31 9 31
28 28 34 28
24 28 24 31
30 26 32 26
25 25 28 25
23 25 23 30
16 25 17 25
40 23 41 23
18 22 18 25
41 20 44 20
34 20 34 22
33 20 33 22
4 20 9 20
28 19 35 19
26 18 26 20
36 16 36 21
35 16 35 17
26 16 30 16
1 16 7 16
26 15 30 15
29 13 33 13
12 13 12 14
1 12 1 15
35 11 36 11
17 11 17 18
17 10 19 10
16 9 16 11
26 7 26 9
21 7 22 7
37 6 39 6
27 6 31 6
5 6 7 6
2 6 3 6
42 4 42 6
8 4 13 4
45 1 45 2
36 0 45 0
34 0 35 0
8 0 10 0
22
40 15 40 14
39 14 39 13
25 9 26 9
27 20 26 20
26 19 26 18
26 17 27 17
10 27 11 27
11 2 11 1
39 9 40 9
27 35 28 35
27 19 28 19
39 15 38 15
10 33 9 33
22 8 22 9
41 4 41 5
33 21 33 22
9 26 9 27
9 28 9 29
11 27 11 28
9 29 10 29
11 28 11 27
11 27 11 28
140
28 8 35 8
35 8 39 8
35 14 38 14
38 10 38 14
38 10 39 10
39 8 39 10
39 10 39 13
37 34 37 42
37 42 38 42
38 42 38 43
38 43 44 43
44 34 44 43
44 43 45 43
2 25 4 25
4 21 4 23
4 21 7 21
4 23 4 24
4 24 4 25
5 26 5 30
5 26 10 26
8 28 10 28
10 26 10 28
14 34 19 34
19 22 19 26
19 26 19 34
19 34 27 34
0 10 0 11
0 10 6 10
0 11 0 32
6 10 11 10
15 37 18 37
18 37 18 41
18 41 18 44
10 29 10 32
10 32 11 32
11 30 11 32
35 20 35 23
35 23 35 25
35 23 37 23
38 44 41 44
41 44 42 44
0 43 0 45
0 45 5 45
28 41 28 44
28 44 30 44
15 41 15 44
15 41 17 41
28 39 31 39
31 34 31 39
8 38 13 38
13 36 13 38
5 33 9 33
9 33 12 33
32 30 32 35
32 35 36 35
42 29 42 34
42 34 42 39
20 29 21 29
21 29 21 32
28 27 33 27
33 25 33 27
25 21 27 21
27 21 29 21
45 20 45 26
45 26 45 34
38 15 38 16
38 16 38 31
28 9 28 10
28 9 38 9
45 8 45 9
45 9 45 17
21 8 24 8
24 6 24 8
9 7 15 7
15 7 15 24
38 5 41 5
41 3 41 5
4 5 17 5
17 5 19 5
24 4 25 4
25 4 36 4
8 3 11 3
11 1 11 3
31 2 31 3
31 2 34 2
35 43 35 44
4 42 9 42
21 41 21 43
10 41 12 41
41 40 41 41
8 40 8 41
3 39 7 39
33 37 35 37
0 37 0 39
38 36 39 36
1 36 2 36
5 35 11 35
0 34 0 35
40 33 41 33
26 32 28 32
15 32 15 33
1 31 9 31
28 28 34 28
24 28 24 31
30 26 32 26
25 25 28 25
23 25 23 30
16 25 17 25
40 23 41 23
18 22 18 25
41 20 44 20
34 20 34 22
33 20 33 22
4 20 9 20
28 19 35 19
26 18 26 20
36 16 36 21
35 16 35 17
26 16 30 16
1 16 7 16
26 15 30 15
29 13 33 13
12 13 12 14
1 12 1 15
35 11 36 11
17 11 17 18
17 10 19 10
16 9 16 11
26 7 26 9
21 7 22 7
37 6 39 6
27 6 31 6
5 6 7 6
2 6 3 6
42 4 42 6
8 4 13 4
45 1 45 2
36 0 45 0
34 0 35 0
8 0 10 0
23
40 15 40 14
39 14 39 13
25 9 26 9
27 20 26 20
26 19 26 18
26 17 27 17
10 27 11 27
11 2 11 1
39 9 40 9
27 35 28 35
27 19 28 19
39 15 38 15
10 33 9 33
22 8 22 9
41 4 41 5
33 21 33 22
9 26 9 27
9 28 9 29
11 27 11 28
9 29 10 29
11 28 11 27
11 27 11 28
11 28 11 27
140
28 8 35 8
35 8 39 8
35 14 38 14
38 10 38 14
38 10 39 10
39 8 39 10
39 10 39 13
37 34 37 42
37 42 38 42
38 42 38 43
38 43 44 43
44 34 44 43
44 43 45 43
2 25 4 25
4 21 4 23
4 21 7 21
4 23 4 24
4 24 4 25
5 26 5 30
5 26 10 26
8 28 10 28
10 26 10 28
14 34 19 34
19 22 19 26
19 26 19 34
19 34 27 34
0 10 0 11
0 10 6 10
0 11 0 32
6 10 11 10
15 37 18 37
18 37 18 41
18 41 18 44
10 29 10 32
10 32 11 32
11 30 11 32
35 20 35 23
35 23 35 25
35 23 37 23
38 44 41 44
41 44 42 44
0 43 0 45
0 45 5 45
28 41 28 44
28 44 30 44
15 41 15 44
15 41 17 41
28 39 31 39
31 34 31 39
8 38 13 38
13 36 13 38
5 33 9 33
9 33 12 33
32 30 32 35
32 35 36 35
42 29 42 34
42 34 42 39
20 29 21 29
21 29 21 32
28 27 33 27
33 25 33 27
25 21 27 21
27 21 29 21
45 20 45 26
45 26 45 34
38 15 38 16
38 16 38 31
28 9 28 10
28 9 38 9
45 8 45 9
45 9 45 17
21 8 24 8
24 6 24 8
9 7 15 7
15 7 15 24
38 5 41 5
41 3 41 5
4 5 17 5
17 5 19 5
24 4 25 4
25 4 36 4
8 3 11 3
11 1 11 3
31 2 31 3
31 2 34 2
35 43 35 44
4 42 9 42
21 41 21 43
10 41 12 41
41 40 41 41
8 40 8 41
3 39 7 39
33 37 35 37
0 37 0 39
38 36 39 36
1 36 2 36
5 35 11 35
0 34 0 35
40 33 41 33
26 32 28 32
15 32 15 33
1 31 9 31
28 28 34 28
24 28 24 31
30 26 32 26
25 25 28 25
23 25 23 30
16 25 17 25
40 23 41 23
18 22 18 25
41 20 44 20
34 20 34 22
33 20 33 22
4 20 9 20
28 19 35 19
26 18 26 20
36 16 36 21
35 16 35 17
26 16 30 16
1 16 7 16
26 15 30 15
29 13 33 13
12 13 12 14
1 12 1 15
35 11 36 11
17 11 17 18
17 10 19 10
16 9 16 11
26 7 26 9
21 7 22 7
37 6 39 6
27 6 31 6
5 6 7 6
2 6 3 6
42 4 42 6
8 4 13 4
45 1 45 2
36 0 45 0
34 0 35 0
8 0 10 0
24
40 15 40 14
39 14 39 13
25 9 26 9
27 20 26 20
26 19 26 18
26 17 27 17
10 27 11 27
11 2 11 1
39 9 40 9
27 35 28 35
27 19 28 19
39 15 38 15
10 33 9 33
22 8 22 9
41 4 41 5
33 21 33 22
9 26 9 27
9 28 9 29
11 27 11 28
9 29 10 29
11 28 11 27
11 27 11 28
11 28 11 27
11 27 11 28
140
28 8 35 8
35 8 39 8
35 14 38 14
38 10 38 14
38 10 39 10
39 8 39 10
39 10 39 13
37 34 37 42
37 42 38 42
38 42 38 43
38 43 44 43
44 34 44 43
44 43 45 43
2 25 4 25
4 21 4 23
4 21 7 21
4 23 4 24
4 24 4 25
5 26 5 30
5 26 10 26
8 28 10 28
10 26 10 28
14 34 19 34
19 22 19 26
19 26 19 34
19 34 27 34
0 10 0 11
0 10 6 10
0 11 0 32
6 10 11 10
15 37 18 37
18 37 18 41
18 41 18 44
10 29 10 32
10 32 11 32
11 30 11 32
35 20 35 23
35 23 35 25
35 23 37 23
38 44 41 44
41 44 42 44
0 43 0 45
0 45 5 45
28 41 28 44
28 44 30 44
15 41 15 44
15 41 17 41
28 39 31 39
31 34 31 39
8 38 13 38
13 36 13 38
5 33 9 33
9 33 12 33
32 30 32 35
32 35 36 35
42 29 42 34
42 34 42 39
20 29 21 29
21 29 21 32
28 27 33 27
33 25 33 27
25 21 27 21
27 21 29 21
45 20 45 26
45 26 45 34
38 15 38 16
38 16 38 31
28 9 28 10
28 9 38 9
45 8 45 9
45 9 45 17
21 8 24 8
24 6 24 8
9 7 15 7
15 7 15 24
38 5 41 5
41 3 41 5
4 5 17 5
17 5 19 5
24 4 25 4
25 4 36 4
8 3 11 3
11 1 11 3
31 2 31 3
31 2 34 2
35 43 35 44
4 42 9 42
21 41 21 43
10 41 12 41
41 40 41 41
8 40 8 41
3 39 7 39
33 37 35 37
0 37 0 39
38 36 39 36
1 36 2 36
5 35 11 35
0 34 0 35
40 33 41 33
26 32 28 32
15 32 15 33
1 31 9 31
28 28 34 28
24 28 24 31
30 26 32 26
25 25 28 25
23 25 23 30
16 25 17 25
40 23 41 23
18 22 18 25
41 20 44 20
34 20 34 22
33 20 33 22
4 20 9 20
28 19 35 19
26 18 26 20
36 16 36 21
35 16 35 17
26 16 30 16
1 16 7 16
26 15 30 15
29 13 33 13
12 13 12 14
1 12 1 15
35 11 36 11
17 11 17 18
17 10 19 10
16 9 16 11
26 7 26 9
21 7 22 7
37 6 39 6
27 6 31 6
5 6 7 6
2 6 3 6
42 4 42 6
8 4 13 4
45 1 45 2
36 0 45 0
34 0 35 0
8 0 10 0
25
40 15 40 14
39 14 39 13
25 9 26 9
27 20 26 20
26 19 26 18
26 17 27 17
10 27 11 27
11 2 11 1
39 9 40 9
27 35 28 35
27 19 28 19
39 15 38 15
10 33 9 33
22 8 22 9
41 4 41 5
33 21 33 22
9 26 9 27
9 28 9 29
11 27 11 28
9 29 10 29
11 28 11 27
11 27 11 28
11 28 11 27
11 27 11 28
11 28 11 27
140
28 8 35 8
35 8 39 8
35 14 38 14
38 10 38 14
38 10 39 10
39 8 39 10
39 10 39 13
37 34 37 42
37 42 38 42
38 42 38 43
38 43 44 43
44 34 44 43
44 43 45 43
2 25 4 25
4 21 4 23
4 21 7 21
4 23 4 24
4 24 4 25
5 26 5 30
5 26 10 26
8 28 10 28
10 26 10 28
14 34 19 34
19 22 19 26
19 26 19 34
19 34 27 34
0 10 0 11
0 10 6 10
0 11 0 32
6 10 11 10
15 37 18 37
18 37 18 41
18 41 18 44
10 29 10 32
10 32 11 32
11 30 11 32
35 20 35 23
35 23 35 25
35 23 37 23
38 44 41 44
41 44 42 44
0 43 0 45
0 45 5 45
28 41 28 44
28 44 30 44
15 41 15 44
15 41 17 41
28 39 31 39
31 34 31 39
8 38 13 38
13 36 13 38
5 33 9 33
9 33 12 33
32 30 32 35
32 35 36 35
42 29 42 34
42 34 42 39
20 29 21 29
21 29 21 32
28 27 33 27
33 25 33 27
25 21 27 21
27 21 29 21
45 20 45 26
45 26 45 34
38 15 38 16
38 16 38 31
28 9 28 10
28 9 38 9
45 8 45 9
45 9 45 17
21 8 24 8
24 6 24 8
9 7 15 7
15 7 15 24
38 5 41 5
41 3 41 5
4 5 17 5
17 5 19 5
24 4 25 4
25 4 36 4
8 3 11 3
11 1 11 3
31 2 31 3
31 2 34 2
35 43 35 44
4 42 9 42
21 41 21 43
10 41 12 41
41 40 41 41
8 40 8 41
3 39 7 39
33 37 35 37
0 37 0 39
38 36 39 36
1 36 2 36
5 35 11 35
0 34 0 35
40 33 41 33
26 32 28 32
15 32 15 33
1 31 9 31
28 28 34 28
24 28 24 31
30 26 32 26
25 25 28 25
23 25 23 30
16 25 17 25
40 23 41 23
18 22 18 25
41 20 44 20
34 20 34 22
33 20 33 22
4 20 9 20
28 19 35 19
26 18 26 20
36 16 36 21
35 16 35 17
26 16 30 16
1 16 7 16
26 15 30 15
29 13 33 13
12 13 12 14
1 12 1 15
35 11 36 11
17 11 17 18
17 10 19 10
16 9 16 11
26 7 26 9
21 7 22 7
37 6 39 6
27 6 31 6
5 6 7 6
2 6 3 6
42 4 42 6
8 4 13 4
45 1 45 2
36 0 45 0
34 0 35 0
8 0 10 0
26
40 15 40 14
39 14 39 13
25 9 26 9
27 20 26 20
26 19 26 18
26 17 27 17
10 27 11 27
11 2 11 1
39 9 40 9
27 35 28 35
27 19 28 19
39 15 38 15
10 33 9 33
22 8 22 9
41 4 41 5
33 21 33 22
9 26 9 27
9 28 9 29
11 27 11 28
9 29 10 29
11 28 11 27
11 27 11 28
11 28 11 27
11 27 11 28
11 28 11 27
11 27 11 28
140
28 8 35 8
35 8 39 8
35 14 38 14
38 10 38 14
38 10 39 10
39 8 39 10
39 10 39 13
37 34 37 42
37 42 38 42
38 42 38 43
38 43 44 43
44 34 44 43
44 43 45 43
2 25 4 25
4 21 4 23
4 21 7 21
4 23 4 24
4 24 4 25
5 26 5 30
5 26 10 26
8 28 10 28
10 26 10 28
14 34 19 34
19 22 19 26
19 26 19 34
19 34 27 34
0 10 0 11
0 10 6 10
0 11 0 32
6 10 11 10
15 37 18 37
18 37 18 41
18 41 18 44
10 29 10 32
10 32 11 32
11 30 11 32
35 20 35 23
35 23 35 25
35 23 37 23
38 44 41 44
41 44 42 44
0 43 0 45
0 45 5 45
28 41 28 44
28 44 30 44
15 41 15 44
15 41 17 41
28 39 31 39
31 34 31 39
8 38 13 38
13 36 13 38
5 33 9 33
9 33 12 33
32 30 32 35
32 35 36 35
42 29 42 34
42 34 42 39
20 29 21 29
21 29 21 32
28 27 33 27
33 25 33 27
25 21 27 21
27 21 29 21
45 20 45 26
45 26 45 34
38 15 38 16
38 16 38 31
28 9 28 10
28 9 38 9
45 8 45 9
45 9 45 17
21 8 24 8
24 6 24 8
9 7 15 7
15 7 15 24
38 5 41 5
41 3 41 5
4 5 17 5
17 5 19 5
24 4 25 4
25 4 36 4
8 3 11 3
11 1 11 3
31 2 31 3
31 2 34 2
35 43 35 44
4 42 9 42
21 41 21 43
10 41 12 41
41 40 41 41
8 40 8 41
3 39 7 39
33 37 35 37
0 37 0 39
38 36 39 36
1 36 2 36
5 35 11 35
0 34 0 35
40 33 41 33
26 32 28 32
15 32 15 33
1 31 9 31
28 28 34 28
24 28 24 31
30 26 32 26
25 25 28 25
23 25 23 30
16 25 17 25
40 23 41 23
18 22 18 25
41 20 44 20
34 20 34 22
33 20 33 22
4 20 9 20
28 19 35 19
26 18 26 20
36 16 36 21
35 16 35 17
26 16 30 16
1 16 7 16
26 15 30 15
29 13 33 13
12 13 12 14
1 12 1 15
35 11 36 11
17 11 17 18
17 10 19 10
16 9 16 11
26 7 26 9
21 7 22 7
37 6 39 6
27 6 31 6
5 6 7 6
2 6 3 6
42 4 42 6
8 4 13 4
45 1 45 2
36 0 45 0
34 0 35 0
8 0 10 0
27
40 15 40 14
39 14 39 13
25 9 26 9
27 20 26 20
26 19 26 18
26 17 27 17
10 27 11 27
11 2 11 1
39 9 40 9
27 35 28 35
27 19 28 19
39 15 38 15
10 33 9 33
22 8 22 9
41 4 41 5
33 21 33 22
9 26 9 27
9 28 9 29
11 27 11 28
9 29 10 29
11 28 11 27
11 27 11 28
11 28 11 27
11 27 11 28
11 28 11 27
11 27 11 28
11 28 11 27
140
28 8 35 8
35 8 39 8
35 14 38 14
38 10 38 14
38 10 39 10
39 8 39 10
39 10 39 13
37 34 37 42
37 42 38 42
38 42 38 43
38 43 44 43
44 34 44 43
44 43 45 43
2 25 4 25
4 21 4 23
4 21 7 21
4 23 4 24
4 24 4 25
5 26 5 30
5 26 10 26
8 28 10 28
10 26 10 28
14 34 19 34
19 22 19 26
19 26 19 34
19 34 27 34
0 10 0 11
0 10 6 10
0 11 0 32
6 10 11 10
15 37 18 37
18 37 18 41
18 41 18 44
10 29 10 32
10 32 11 32
11 30 11 32
35 20 35 23
35 23 35 25
35 23 37 23
38 44 41 44
41 44 42 44
0 43 0 45
0 45 5 45
28 41 28 44
28 44 30 44
15 41 15 44
15 41 17 41
28 39 31 39
31 34 31 39
8 38 13 38
13 36 13 38
5 33 9 33
9 33 12 33
32 30 32 35
32 35 36 35
42 29 42 34
42 34 42 39
20 29 21 29
21 29 21 32
28 27 33 27
33 25 33 27
25 21 27 21
27 21 29 21
45 20 45 26
45 26 45 34
38 15 38 16
38 16 38 31
28 9 28 10
28 9 38 9
45 8 45 9
45 9 45 17
21 8 24 8
24 6 24 8
9 7 15 7
15 7 15 24
38 5 41 5
41 3 41 5
4 5 17 5
17 5 19 5
24 4 25 4
25 4 36 4
8 3 11 3
11 1 11 3
31 2 31 3
31 2 34 2
35 43 35 44
4 42 9 42
21 41 21 43
10 41 12 41
41 40 41 41
8 40 8 41
3 39 7 39
33 37 35 37
0 37 0 39
38 36 39 36
1 36 2 36
5 35 11 35
0 34 0 35
40 33 41 33
26 32 28 32
15 32 15 33
1 31 9 31
28 28 34 28
24 28 24 31
30 26 32 26
25 25 28 25
23 25 23 30
16 25 17 25
40 23 41 23
18 22 18 25
41 20 44 20
34 20 34 22
33 20 33 22
4 20 9 20
28 19 35 19
26 18 26 20
36 16 36 21
35 16 35 17
26 16 30 16
1 16 7 16
26 15 30 15
29 13 33 13
12 13 12 14
1 12 1 15
35 11 36 11
17 11 17 18
17 10 19 10
16 9 16 11
26 7 26 9
21 7 22 7
37 6 39 6
27 6 31 6
5 6 7 6
2 6 3 6
42 4 42 6
8 4 13 4
45 1 45 2
36 0 45 0
34 0 35 0
8 0 10 0
28
40 15 40 14
39 14 39 13
25 9 26 9
27 20 26 20
26 19 26 18
26 17 27 17
10 27 11 27
11 2 11 1
39 9 40 9
27 35 28 35
27 19 28 19
39 15 38 15
10 33 9 33
22 8 22 9
41 4 41 5
33 21 33 22
9 26 9 27
9 28 9 29
11 27 11 28
9 29 10 29
11 28 11 27
11 27 11 28
11 28 11 27
11 27 11 28
11 28 11 27
11 27 11 28
11 28 11 27
11 27 11 28
140
28 8 35 8
35 8 39 8
35 14 38 14
38 10 38 14
38 10 39 10
39 8 39 10
39 10 39 13
37 34 37 42
37 42 38 42
38 42 38 43
38 43 44 43
44 34 44 43
44 43 45 43
2 25 4 25
4 21 4 23
4 21 7 21
4 23 4 24
4 24 4 25
5 26 5 30
5 26 10 26
8 28 10 28
10 26 10 28
14 34 19 34
19 22 19 26
19 26 19 34
19 34 27 34
0 10 0 11
0 10 6 10
0 11 0 32
6 10 11 10
15 37 18 37
18 37 18 41
18 41 18 44
10 29 10 32
10 32 11 32
11 30 11 32
35 20 35 23
35 23 35 25
35 23 37 23
38 44 41 44
41 44 42 44
0 43 0 45
0 45 5 45
28 41 28 44
28 44 30 44
15 41 15 44
15 41 17 41
28 39 31 39
31 34 31 39
8 38 13 38
13 36 13 38
5 33 9 33
9 33 12 33
32 30 32 35
32 35 36 35
42 29 42 34
42 34 42 39
20 29 21 29
21 29 21 32
28 27 33 27
33 25 33 27
25 21 27 21
27 21 29 21
45 20 45 26
45 26 45 34
38 15 38 16
38 16 38 31
28 9 28 10
28 9 38 9
45 8 45 9
45 9 45 17
21 8 24 8
24 6 24 8
9 7 15 7
15 7 15 24
38 5 41 5
41 3 41 5
4 5 17 5
17 5 19 5
24 4 25 4
25 4 36 4
8 3 11 3
11 1 11 3
31 2 31 3
31 2 34 2
35 43 35 44
4 42 9 42
21 41 21 43
10 41 12 41
41 40 41 41
8 40 8 41
3 39 7 39
33 37 35 37
0 37 0 39
38 36 39 36
1 36 2 36
5 35 11 35
0 34 0 35
40 33 41 33
26 32 28 32
15 32 15 33
1 31 9 31
28 28 34 28
24 28 24 31
30 26 32 26
25 25 28 25
23 25 23 30
16 25 17 25
40 23 41 23
18 22 18 25
41 20 44 20
34 20 34 22
33 20 33 22
4 20 9 20
28 19 35 19
26 18 26 20
36 16 36 21
35 16 35 17
26 16 30 16
1 16 7 16
26 15 30 15
29 13 33 13
12 13 12 14
1 12 1 15
35 11 36 11
17 11 17 18
17 10 19 10
16 9 16 11
26 7 26 9
21 7 22 7
37 6 39 6
27 6 31 6
5 6 7 6
2 6 3 6
42 4 42 6
8 4 13 4
45 1 45 2
36 0 45 0
34 0 35 0
8 0 10 0
29
40 15 40 14
39 14 39 13
25 9 26 9
27 20 26 20
26 19 26 18
26 17 27 17
10 27 11 27
11 2 11 1
39 9 40 9
27 35 28 35
27 19 28 19
39 15 38 15
10 33 9 33
22 8 22 9
41 4 41 5
33 21 33 22
9 26 9 27
9 28 9 29
11 27 11 28
9 29 10 29
11 28 11 27
11 27 11 28
11 28 11 27
11 27 11 28
11 28 11 27
11 27 11 28
11 28 11 27
11 27 11 28
11 28 11 27
140
28 8 35 8
35 8 39 8
35 14 38 14
38 10 38 14
38 10 39 10
39 8 39 10
39 10 39 13
37 34 37 42
37 42 38 42
38 42 38 43
38 43 44 43
44 34 44 43
44 43 45 43
2 25 4 25
4 21 4 23
4 21 7 21
4 23 4 24
4 24 4 25
5 26 5 30
5 26 10 26
8 28 10 28
10 26 10 28
14 34 19 34
19 22 19 26
19 26 19 34
19 34 27 34
0 10 0 11
0 10 6 10
0 11 0 32
6 10 11 10
15 37 18 37
18 37 18 41
18 41 18 44
10 29 10 32
10 32 11 32
11 30 11 32
35 20 35 23
35 23 35 25
35 23 37 23
38 44 41 44
41 44 42 44
0 43 0 45
0 45 5 45
28 41 28 44
28 44 30 44
15 41 15 44
15 41 17 41
28 39 31 39
31 34 31 39
8 38 13 38
13 36 13 38
5 33 9 33
9 33 12 33
32 30 32 35
32 35 36 35
42 29 42 34
42 34 42 39
20 29 21 29
21 29 21 32
28 27 33 27
33 25 33 27
25 21 27 21
27 21 29 21
45 20 45 26
45 26 45 34
38 15 38 16
38 16 38 31
28 9 28 10
28 9 38 9
45 8 45 9
45 9 45 17
21 8 24 8
24 6 24 8
9 7 15 7
15 7 15 24
38 5 41 5
41 3 41 5
4 5 17 5
17 5 19 5
24 4 25 4
25 4 36 4
8 3 11 3
11 1 11 3
31 2 31 3
31 2 34 2
35 43 35 44
4 42 9 42
21 41 21 43
10 41 12 41
41 40 41 41
8 40 8 41
3 39 7 39
33 37 35 37
0 37 0 39
38 36 39 36
1 36 2 36
5 35 11 35
0 34 0 35
40 33 41 33
26 32 28 32
15 32 15 33
1 31 9 31
28 28 34 28
24 28 24 31
30 26 32 26
25 25 28 25
23 25 23 30
16 25 17 25
40 23 41 23
18 22 18 25
41 20 44 20
34 20 34 22
33 20 33 22
4 20 9 20
28 19 35 19
26 18 26 20
36 16 36 21
35 16 35 17
26 16 30 16
1 16 7 16
26 15 30 15
29 13 33 13
12 13 12 14
1 12 1 15
35 11 36 11
17 11 17 18
17 10 19 10
16 9 16 11
26 7 26 9
21 7 22 7
37 6 39 6
27 6 31 6
5 6 7 6
2 6 3 6
42 4 42 6
8 4 13 4
45 1 45 2
36 0 45 0
34 0 35 0
8 0 10 0
30
40 15 40 14
39 14 39 13
25 9 26 9
27 20 26 20
26 19 26 18
26 17 27 17
10 27 11 27
11 2 11 1
39 9 40 9
27 35 28 35
27 19 28 19
39 15 38 15
10 33 9 33
22 8 22 9
41 4 41 5
33 21 33 22
9 26 9 27
9 28 9 29
11 27 11 28
9 29 10 29
11 28 11 27
11 27 11 28
11 28 11 27
11 27 11 28
11 28 11 27
11 27 11 28
11 28 11 27
11 27 11 28
11 28 11 27
11 27 11 28
140
28 8 35 8
35 8 39 8
35 14 38 14
38 10 38 14
38 10 39 10
39 8 39 10
39 10 39 13
37 34 37 42
37 42 38 42
38 42 38 43
38 43 44 43
44 34 44 43
44 43 45 43
2 25 4 25
4 21 4 23
4 21 7 21
4 23 4 24
4 24 4 25
5 26 5 30
5 26 10 26
8 28 10 28
10 26 10 28
14 34 19 34
19 22 19 26
19 26 19 34
19 34 27 34
0 10 0 11
0 10 6 10
0 11 0 32
6 10 11 10
15 37 18 37
18 37 18 41
18 41 18 44
10 29 10 32
10 32 11 32
11 30 11 32
35 20 35 23
35 23 35 25
35 23 37 23
38 44 41 44
41 44 42 44
0 43 0 45
0 45 5 45
28 41 28 44
28 44 30 44
15 41 15 44
15 41 17 41
28 39 31 39
31 34 31 39
8 38 13 38
13 36 13 38
5 33 9 33
9 33 12 33
32 30 32 35
32 35 36 35
42 29 42 34
42 34 42 39
20 29 21 29
21 29 21 32
28 27 33 27
33 25 33 27
25 21 27 21
27 21 29 21
45 20 45 26
45 26 45 34
38 15 38 16
38 16 38 31
28 9 28 10
28 9 38 9
45 8 45 9
45 9 45 17
21 8 24 8
24 6 24 8
9 7 15 7
15 7 15 24
38 5 41 5
41 3 41 5
4 5 17 5
17 5 19 5
24 4 25 4
25 4 36 4
8 3 11 3
11 1 11 3
31 2 31 3
31 2 34 2
35 43 35 44
4 42 9 42
21 41 21 43
10 41 12 41
41 40 41 41
8 40 8 41
3 39 7 39
33 37 35 37
0 37 0 39
38 36 39 36
1 36 2 36
5 35 11 35
0 34 0 35
40 33 41 33
26 32 28 32
15 32 15 33
1 31 9 31
28 28 34 28
24 28 24 31
30 26 32 26
25 25 28 25
23 25 23 30
16 25 17 25
40 23 41 23
18 22 18 25
41 20 44 20
34 20 34 22
33 20 33 22
4 20 9 20
28 19 35 19
26 18 26 20
36 16 36 21
35 16 35 17
26 16 30 16
1 16 7 16
26 15 30 15
29 13 33 13
12 13 12 14
1 12 1 15
35 11 36 11
17 11 17 18
17 10 19 10
16 9 16 11
26 7 26 9
21 7 22 7
37 6 39 6
27 6 31 6
5 6 7 6
2 6 3 6
42 4 42 6
8 4 13 4
45 1 45 2
36 0 45 0
34 0 35 0
8 0 10 0
31
40 15 40 14
39 14 39 13
25 9 26 9
27 20 26 20
26 19 26 18
26 17 27 17
10 27 11 27
11 2 11 1
39 9 40 9
27 35 28 35
27 19 28 19
39 15 38 15
10 33 9 33
22 8 22 9
41 4 41 5
33 21 33 22
9 26 9 27
9 28 9 29
11 27 11 28
9 29 10 29
11 28 11 27
11 27 11 28
11 28 11 27
11 27 11 28
11 28 11 27
11 27 11 28
11 28 11 27
11 27 11 28
11 28 11 27
11 27 11 28
11 28 11 27
140
28 8 35 8
35 8 39 8
35 14 38 14
38 10 38 14
38 10 39 10
39 8 39 10
39 10 39 13
37 34 37 42
37 42 38 42
38 42 38 43
38 43 44 43
44 34 44 43
44 43 45 43
2 25 4 25
4 21 4 23
4 21 7 21
4 23 4 24
4 24 4 25
5 26 5 30
5 26 10 26
8 28 10 28
10 26 10 28
14 34 19 34
19 22 19 26
19 26 19 34
19 34 27 34
0 10 0 11
0 10 6 10
0 11 0 32
6 10 11 10
15 37 18 37
18 37 18 41
18 41 18 44
10 29 10 32
10 32 11 32
11 30 11 32
35 20 35 23
35 23 35 25
35 23 37 23
38 44 41 44
41 44 42 44
0 43 0 45
0 45 5 45
28 41 28 44
28 44 30 44
15 41 15 44
15 41 17 41
28 39 31 39
31 34 31 39
8 38 13 38
13 36 13 38
5 33 9 33
9 33 12 33
32 30 32 35
32 35 36 35
42 29 42 34
42 34 42 39
20 29 21 29
21 29 21 32
28 27 33 27
33 25 33 27
25 21 27 21
27 21 29 21
45 20 45 26
45 26 45 34
38 15 38 16
38 16 38 31
28 9 28 10
28 9 38 9
45 8 45 9
45 9 45 17
21 8 24 8
24 6 24 8
9 7 15 7
15 7 15 24
38 5 41 5
41 3 41 5
4 5 17 5
17 5 19 5
24 4 25 4
25 4 36 4
8 3 11 3
11 1 11 3
31 2 31 3
31 2 34 2
35 43 35 44
4 42 9 42
21 41 21 43
10 41 12 41
41 40 41 41
8 40 8 41
3 39 7 39
33 37 35 37
0 37 0 39
38 36 39 36
1 36 2 36
5 35 11 35
0 34 0 35
40 33 41 33
26 32 28 32
15 32 15 33
1 31 9 31
28 28 34 28
24 28 24 31
30 26 32 26
25 25 28 25
23 25 23 30
16 25 17 25
40 23 41 23
18 22 18 25
41 20 44 20
34 20 34 22
33 20 33 22
4 20 9 20
28 19 35 19
26 18 26 20
36 16 36 21
35 16 35 17
26 16 30 16
1 16 7 16
26 15 30 15
29 13 33 13
12 13 12 14
1 12 1 15
35 11 36 11
17 11 17 18
17 10 19 10
16 9 16 11
26 7 26 9
21 7 22 7
37 6 39 6
27 6 31 6
5 6 7 6
2 6 3 6
42 4 42 6
8 4 13 4
45 1 45 2
36 0 45 0
34 0 35 0
8 0 10 0
32
40 15 40 14
39 14 39 13
25 9 26 9
27 20 26 20
26 19 26 18
26 17 27 17
10 27 11 27
11 2 11 1
39 9 40 9
27 35 28 35
27 19 28 19
39 15 38 15
10 33 9 33
22 8 22 9
41 4 41 5
33 21 33 22
9 26 9 27
9 28 9 29
11 27 11 28
9 29 10 29
11 28 11 27
11 27 11 28
11 28 11 27
11 27 11 28
11 28 11 27
11 27 11 28
11 28 11 27
11 27 11 28
11 28 11 27
11 27 11 28
11 28 11 27
11 27 11 28
140
28 8 35 8
35 8 39 8
35 14 38 14
38 10 38 14
38 10 39 10
39 8 39 10
39 10 39 13
37 34 37 42
37 42 38 42
38 42 38 43
38 43 44 43
44 34 44 43
44 43 45 43
2 25 4 25
4 21 4 23
4 21 7 21
4 23 4 24
4 24 4 25
5 26 5 30
5 26 10 26
8 28 10 28
10 26 10 28
14 34 19 34
19 22 19 26
19 26 19 34
19 34 27 34
0 10 0 11
0 10 6 10
0 11 0 32
6 10 11 10
15 37 18 37
18 37 18 41
18 41 18 44
10 29 10 32
10 32 11 32
11 30 11 32
35 20 35 23
35 23 35 25
35 23 37 23
38 44 41 44
41 44 42 44
0 43 0 45
0 45 5 45
28 41 28 44
28 44 30 44
15 41 15 44
15 41 17 41
28 39 31 39
31 34 31 39
8 38 13 38
13 36 13 38
5 33 9 33
9 33 12 33
32 30 32 35
32 35 36 35
42 29 42 34
42 34 42 39
20 29 21 29
21 29 21 32
28 27 33 27
33 25 33 27
25 21 27 21
27 21 29 21
45 20 45 26
45 26 45 34
38 15 38 16
38 16 38 31
28 9 28 10
28 9 38 9
45 8 45 9
45 9 45 17
21 8 24 8
24 6 24 8
9 7 15 7
15 7 15 24
38 5 41 5
41 3 41 5
4 5 17 5
17 5 19 5
24 4 25 4
25 4 36 4
8 3 11 3
11 1 11 3
31 2 31 3
31 2 34 2
35 43 35 44
4 42 9 42
21 41 21 43
10 41 12 41
41 40 41 41
8 40 8 41
3 39 7 39
33 37 35 37
0 37 0 39
38 36 39 36
1 36 2 36
5 35 11 35
0 34 0 35
40 33 41 33
26 32 28 32
15 32 15 33
1 31 9 31
28 28 34 28
24 28 24 31
30 26 32 26
25 25 28 25
23 25 23 30
16 25 17 25
40 23 41 23
18 22 18 25
41 20 44 20
34 20 34 22
33 20 33 22
4 20 9 20
28 19 35 19
26 18 26 20
36 16 36 21
35 16 35 17
26 16 30 16
1 16 7 16
26 15 30 15
29 13 33 13
12 13 12 14
1 12 1 15
35 11 36 11
17 11 17 18
17 10 19 10
16 9 16 11
26 7 26 9
21 7 22 7
37 6 39 6
27 6 31 6
5 6 7 6
2 6 3 6
42 4 42 6
8 4 13 4
45 1 45 2
36 0 45 0
34 0 35 0
8 0 10 0
33
40 15 40 14
39 14 39 13
25 9 26 9
27 20 26 20
26 19 26 18
26 17 27 17
10 27 11 27
11 2 11 1
39 9 40 9
27 35 28 35
27 19 28 19
39 15 38 15
10 33 9 33
22 8 22 9
41 4 41 5
33 21 33 22
9 26 9 27
9 28 9 29
11 27 11 28
9 29 10 29
11 28 11 27
11 27 11 28
11 28 11 27
11 27 11 28
11 28 11 27
11 27 11 28
11 28 11 27
11 27 11 28
11 28 11 27
11 27 11 28
11 28 11 27
11 27 11 28
11 28 11 27
140
28 8 35 8
35 8 39 8
35 14 38 14
38 10 38 14
38 10 39 10
39 8 39 10
39 10 39 13
37 34 37 42
37 42 38 42
38 42 38 43
38 43 44 43
44 34 44 43
44 43 45 43
2 25 4 25
4 21 4 23
4 21 7 21
4 23 4 24
4 24 4 25
5 26 5 30
5 26 10 26
8 28 10 28
10 26 10 28
14 34 19 34
19 22 19 26
19 26 19 34
19 34 27 34
0 10 0 11
0 10 6 10
0 11 0 32
6 10 11 10
15 37 18 37
18 37 18 41
18 41 18 44
10 29 10 32
10 32 11 32
11 30 11 32
35 20 35 23
35 23 35 25
35 23 37 23
38 44 41 44
41 44 42 44
0 43 0 45
0 45 5 45
28 41 28 44
28 44 30 44
15 41 15 44
15 41 17 41
28 39 31 39
31 34 31 39
8 38 13 38
13 36 13 38
5 33 9 33
9 33 12 33
32 30 32 35
32 35 36 35
42 29 42 34
42 34 42 39
20 29 21 29
21 29 21 32
28 27 33 27
33 25 33 27
25 21 27 21
27 21 29 21
45 20 45 26
45 26 45 34
38 15 38 16
38 16 38 31
28 9 28 10
28 9 38 9
45 8 45 9
45 9 45 17
21 8 24 8
24 6 24 8
9 7 15 7
15 7 15 24
38 5 41 5
41 3 41 5
4 5 17 5
17 5 19 5
24 4 25 4
25 4 36 4
8 3 11 3
11 1 11 3
31 2 31 3
31 2 34 2
35 43 35 44
4 42 9 42
21 41 21 43
10 41 12 41
41 40 41 41
8 40 8 41
3 39 7 39
33 37 35 37
0 37 0 39
38 36 39 36
1 36 2 36
5 35 11 35
0 34 0 35
40 33 41 33
26 32 28 32
15 32 15 33
1 31 9 31
28 28 34 28
24 28 24 31
30 26 32 26
25 25 28 25
23 25 23 30
16 25 17 25
40 23 41 23
18 22 18 25
41 20 44 20
34 20 34 22
33 20 33 22
4 20 9 20
28 19 35 19
26 18 26 20
36 16 36 21
35 16 35 17
26 16 30 16
1 16 7 16
26 15 30 15
29 13 33 13
12 13 12 14
1 12 1 15
35 11 36 11
17 11 17 18
17 10 19 10
16 9 16 11
26 7 26 9
21 7 22 7
37 6 39 6
27 6 31 6
5 6 7 6
2 6 3 6
42 4 42 6
8 4 13 4
45 1 45 2
36 0 45 0
34 0 35 0
8 0 10 0
34
40 15 40 14
39 14 39 13
25 9 26 9
27 20 26 20
26 19 26 18
26 17 27 17
10 27 11 27
11 2 11 1
39 9 40 9
27 35 28 35
27 19 28 19
39 15 38 15
10 33 9 33
22 8 22 9
41 4 41 5
33 21 33 22
9 26 9 27
9 28 9 29
11 27 11 28
9 29 10 29
11 28 11 27
11 27 11 28
11 28 11 27
11 27 11 28
11 28 11 27
11 27 11 28
11 28 11 27
11 27 11 28
11 28 11 27
11 27 11 28
11 28 11 27
11 27 11 28
11 28 11 27
11 27 11 28
140
28 8 35 8
35 8 39 8
35 14 38 14
38 10 38 14
38 10 39 10
39 8 39 10
39 10 39 13
37 34 37 42
37 42 38 42
38 42 38 43
38 43 44 43
44 34 44 43
44 43 45 43
2 25 4 25
4 21 4 23
4 21 7 21
4 23 4 24
4 24 4 25
5 26 5 30
5 26 10 26
8 28 10 28
10 26 10 28
14 34 19 34
19 22 19 26
19 26 19 34
19 34 27 34
0 10 0 11
0 10 6 10
0 11 0 32
6 10 11 10
15 37 18 37
18 37 18 41
18 41 18 44
10 29 10 32
10 32 11 32
11 30 11 32
35 20 35 23
35 23 35 25
35 23 37 23
38 44 41 44
41 44 42 44
0 43 0 45
0 45 5 45
28 41 28 44
28 44 30 44
15 41 15 44
15 41 17 41
28 39 31 39
31 34 31 39
8 38 13 38
13 36 13 38
5 33 9 33
9 33 12 33
32 30 32 35
32 35 36 35
42 29 42 34
42 34 42 39
20 29 21 29
21 29 21 32
28 27 33 27
33 25 33 27
25 21 27 21
27 21 29 21
45 20 45 26
45 26 45 34
38 15 38 16
38 16 38 31
28 9 28 10
28 9 38 9
45 8 45 9
45 9 45 17
21 8 24 8
24 6 24 8
9 7 15 7
15 7 15 24
38 5 41 5
41 3 41 5
4 5 17 5
17 5 19 5
24 4 25 4
25 4 36 4
8 3 11 3
11 1 11 3
31 2 31 3
31 2 34 2
35 43 35 44
4 42 9 42
21 41 21 43
10 41 12 41
41 40 41 41
8 40 8 41
3 39 7 39
33 37 35 37
0 37 0 39
38 36 39 36
1 36 2 36
5 35 11 35
0 34 0 35
40 33 41 33
26 32 28 32
15 32 15 33
1 31 9 31
28 28 34 28
24 28 24 31
30 26 32 26
25 25 28 25
23 25 23 30
16 25 17 25
40 23 41 23
18 22 18 25
41 20 44 20
34 20 34 22
33 20 33 22
4 20 9 20
28 19 35 19
26 18 26 20
36 16 36 21
35 16 35 17
26 16 30 16
1 16 7 16
26 15 30 15
29 13 33 13
12 13 12 14
1 12 1 15
35 11 36 11
17 11 17 18
17 10 19 10
16 9 16 11
26 7 26 9
21 7 22 7
37 6 39 6
27 6 31 6
5 6 7 6
2 6 3 6
42 4 42 6
8 4 13 4
45 1 45 2
36 0 45 0
34 0 35 0
8 0 10 0
35
40 15 40 14
39 14 39 13
25 9 26 9
27 20 26 20
26 19 26 18
26 17 27 17
10 27 11 27
11 2 11 1
39 9 40 9
27 35 28 35
27 19 28 19
39 15 38 15
10 33 9 33
22 8 22 9
41 4 41 5
33 21 33 22
9 26 9 27
9 28 9 29
11 27 11 28
9 29 10 29
11 28 11 27
11 27 11 28
11 28 11 27
11 27 11 28
11 28 11 27
11 27 11 28
11 28 11 27
11 27 11 28
11 28 11 27
11 27 11 28
11 28 11 27
11 27 11 28
11 28 11 27
11 27 11 28
11 28 11 27
140
28 8 35 8
35 8 39 8
35 14 38 14
38 10 38 14
38 10 39 10
39 8 39 10
39 10 39 13
37 34 37 42
37 42 38 42
38 42 38 43
38 43 44 43
44 34 44 43
44 43 45 43
2 25 4 25
4 21 4 23
4 21 7 21
4 23 4 24
4 24 4 25
5 26 5 30
5 26 10 26
8 28 10 28
10 26 10 28
14 34 19 34
19 22 19 26
19 26 19 34
19 34 27 34
0 10 0 11
0 10 6 10
0 11 0 32
6 10 11 10
15 37 18 37
18 37 18 41
18 41 18 44
10 29 10 32
10 32 11 32
11 30 11 32
35 20 35 23
35 23 35 25
35 23 37 23
38 44 41 44
41 44 42 44
0 43 0 45
0 45 5 45
28 41 28 44
28 44 30 44
15 41 15 44
15 41 17 41
28 39 31 39
31 34 31 39
8 38 13 38
13 36 13 38
5 33 9 33
9 33 12 33
32 30 32 35
32 35 36 35
42 29 42 34
42 34 42 39
20 29 21 29
21 29 21 32
28 27 33 27
33 25 33 27
25 21 27 21
27 21 29 21
45 20 45 26
45 26 45 34
38 15 38 16
38 16 38 31
28 9 28 10
28 9 38 9
45 8 45 9
45 9 45 17
21 8 24 8
24 6 24 8
9 7 15 7
15 7 15 24
38 5 41 5
41 3 41 5
4 5 17 5
17 5 19 5
24 4 25 4
25 4 36 4
8 3 11 3
11 1 11 3
31 2 31 3
31 2 34 2
35 43 35 44
4 42 9 42
21 41 21 43
10 41 12 41
41 40 41 41
8 40 8 41
3 39 7 39
33 37 35 37
0 37 0 39
38 36 39 36
1 36 2 36
5 35 11 35
0 34 0 35
40 33 41 33
26 32 28 32
15 32 15 33
1 31 9 31
28 28 34 28
24 28 24 31
30 26 32 26
25 25 28 25
23 25 23 30
16 25 17 25
40 23 41 23
18 22 18 25
41 20 44 20
34 20 34 22
33 20 33 22
4 20 9 20
28 19 35 19
26 18 26 20
36 16 36 21
35 16 35 17
26 16 30 16
1 16 7 16
26 15 30 15
29 13 33 13
12 13 12 14
1 12 1 15
35 11 36 11
17 11 17 18
17 10 19 10
16 9 16 11
26 7 26 9
21 7 22 7
37 6 39 6
27 6 31 6
5 6 7 6
2 6 3 6
42 4 42 6
8 4 13 4
45 1 45 2
36 0 45 0
34 0 35 0
8 0 10 0
36
40 15 40 14
39 14 39 13
25 9 26 9
27 20 26 20
26 19 26 18
26 17 27 17
10 27 11 27
11 2 11 1
39 9 40 9
27 35 28 35
27 19 28 19
39 15 38 15
10 33 9 33
22 8 22 9
41 4 41 5
33 21 33 22
9 26 9 27
9 28 9 29
11 27 11 28
9 29 10 29
11 28 11 27
11 27 11 28
11 28 11 27
11 27 11 28
11 28 11 27
11 27 11 28
11 28 11 27
11 27 11 28
11 28 11 27
11 27 11 28
11 28 11 27
11 27 11 28
11 28 11 27
11 27 11 28
11 28 11 27
11 27 11 28
140
28 8 35 8
35 8 39 8
35 14 38 14
38 10 38 14
38 10 39 10
39 8 39 10
39 10 39 13
37 34 37 42
37 42 38 42
38 42 38 43
38 43 44 43
44 34 44 43
44 43 45 43
2 25 4 25
4 21 4 23
4 21 7 21
4 23 4 24
4 24 4 25
5 26 5 30
5 26 10 26
8 28 10 28
10 26 10 28
14 34 19 34
19 22 19 26
19 26 19 34
19 34 27 34
0 10 0 11
0 10 6 10
0 11 0 32
6 10 11 10
15 37 18 37
18 37 18 41
18 41 18 44
10 29 10 32
10 32 11 32
11 30 11 32
35 20 35 23
35 23 35 25
35 23 37 23
38 44 41 44
41 44 42 44
0 43 0 45
0 45 5 45
28 41 28 44
28 44 30 44
15 41 15 44
15 41 17 41
28 39 31 39
31 34 31 39
8 38 13 38
13 36 13 38
5 33 9 33
9 33 12 33
32 30 32 35
32 35 36 35
42 29 42 34
42 34 42 39
20 29 21 29
21 29 21 32
28 27 33 27
33 25 33 27
25 21 27 21
27 21 29 21
45 20 45 26
45 26 45 34
38 15 38 16
38 16 38 31
28 9 28 10
28 9 38 9
45 8 45 9
45 9 45 17
21 8 24 8
24 6 24 8
9 7 15 7
15 7 15 24
38 5 41 5
41 3 41 5
4 5 17 5
17 5 19 5
24 4 25 4
25 4 36 4
8 3 11 3
11 1 11 3
31 2 31 3
31 2 34 2
35 43 35 44
4 42 9 42
21 41 21 43
10 41 12 41
41 40 41 41
8 40 8 41
3 39 7 39
33 37 35 37
0 37 0 39
38 36 39 36
1 36 2 36
5 35 11 35
0 34 0 35
40 33 41 33
26 32 28 32
15 32 15 33
1 31 9 31
28 28 34 28
24 28 24 31
30 26 32 26
25 25 28 25
23 25 23 30
16 25 17 25
40 23 41 23
18 22 18 25
41 20 44 20
34 20 34 22
33 20 33 22
4 20 9 20
28 19 35 19
26 18 26 20
36 16 36 21
35 16 35 17
26 16 30 16
1 16 7 16
26 15 30 15
29 13 33 13
12 13 12 14
1 12 1 15
35 11 36 11
17 11 17 18
17 10 19 10
16 9 16 11
26 7 26 9
21 7 22 7
37 6 39 6
27 6 31 6
5 6 7 6
2 6 3 6
42 4 42 6
8 4 13 4
45 1 45 2
36 0 45 0
34 0 35 0
8 0 10 0
37
40 15 40 14
39 14 39 13
25 9 26 9
27 20 26 20
26 19 26 18
26 17 27 17
10 27 11 27
11 2 11 1
39 9 40 9
27 35 28 35
27 19 28 19
39 15 38 15
10 33 9 33
22 8 22 9
41 4 41 5
33 21 33 22
9 26 9 27
9 28 9 29
11 27 11 28
9 29 10 29
11 28 11 27
11 27 11 28
11 28 11 27
11 27 11 28
11 28 11 27
11 27 11 28
11 28 11 27
11 27 11 28
11 28 11 27
11 27 11 28
11 28 11 27
11 27 11 28
11 28 11 27
11 27 11 28
11 28 11 27
11 27 11 28
11 28 11 27
140
28 8 35 8
35 8 39 8
35 14 38 14
38 10 38 14
38 10 39 10
39 8 39 10
39 10 39 13
37 34 37 42
37 42 38 42
38 42 38 43
38 43 44 43
44 34 44 43
44 43 45 43
2 25 4 25
4 21 4 23
4 21 7 21
4 23 4 24
4 24 4 25
5 26 5 30
5 26 10 26
8 28 10 28
10 26 10 28
14 34 19 34
19 22 19 26
19 26 19 34
19 34 27 34
0 10 0 11
0 10 6 10
0 11 0 32
6 10 11 10
15 37 18 37
18 37 18 41
18 41 18 44
10 29 10 32
10 32 11 32
11 30 11 32
35 20 35 23
35 23 35 25
35 23 37 23
38 44 41 44
41 44 42 44
0 43 0 45
0 45 5 45
28 41 28 44
28 44 30 44
15 41 15 44
15 41 17 41
28 39 31 39
31 34 31 39
8 38 13 38
13 36 13 38
5 33 9 33
9 33 12 33
32 30 32 35
32 35 36 35
42 29 42 34
42 34 42 39
20 29 21 29
21 29 21 32
28 27 33 27
33 25 33 27
25 21 27 21
27 21 29 21
45 20 45 26
45 26 45 34
38 15 38 16
38 16 38 31
28 9 28 10
28 9 38 9
45 8 45 9
45 9 45 17
21 8 24 8
24 6 24 8
9 7 15 7
15 7 15 24
38 5 41 5
41 3 41 5
4 5 17 5
17 5 19 5
24 4 25 4
25 4 36 4
8 3 11 3
11 1 11 3
31 2 31 3
31 2 34 2
35 43 35 44
4 42 9 42
21 41 21 43
10 41 12 41
41 40 41 41
8 40 8 41
3 39 7 39
33 37 35 37
0 37 0 39
38 36 39 36
1 36 2 36
5 35 11 35
0 34 0 35
40 33 41 33
26 32 28 32
15 32 15 33
1 31 9 31
28 28 34 28
24 28 24 31
30 26 32 26
25 25 28 25
23 25 23 30
16 25 17 25
40 23 41 23
18 22 18 25
41 20 44 20
34 20 34 22
33 20 33 22
4 20 9 20
28 19 35 19
26 18 26 20
36 16 36 21
35 16 35 17
26 16 30 16
1 16 7 16
26 15 30 15
29 13 33 13
12 13 12 14
1 12 1 15
35 11 36 11
17 11 17 18
17 10 19 10
16 9 16 11
26 7 26 9
21 7 22 7
37 6 39 6
27 6 31 6
5 6 7 6
2 6 3 6
42 4 42 6
8 4 13 4
45 1 45 2
36 0 45 0
34 0 35 0
8 0 10 0
38
40 15 40 14
39 14 39 13
25 9 26 9
27 20 26 20
26 19 26 18
26 17 27 17
10 27 11 27
11 2 11 1
39 9 40 9
27 35 28 35
27 19 28 19
39 15 38 15
10 33 9 33
22 8 22 9
41 4 41 5
33 21 33 22
9 26 9 27
9 28 9 29
11 27 11 28
9 29 10 29
11 28 11 27
11 27 11 28
11 28 11 27
11 27 11 28
11 28 11 27
11 27 11 28
11 28 11 27
11 27 11 28
11 28 11 27
11 27 11 28
11 28 11 27
11 27 11 28
11 28 11 27
11 27 11 28
11 28 11 27
11 27 11 28
11 28 11 27
11 27 11 28
140
28 8 35 8
35 8 39 8
35 14 38 14
38 10 38 14
38 10 39 10
39 8 39 10
39 10 39 13
37 34 37 42
37 42 38 42
38 42 38 43
38 43 44 43
44 34 44 43
44 43 45 43
2 25 4 25
4 21 4 23
4 21 7 21
4 23 4 24
4 24 4 25
5 26 5 30
5 26 10 26
8 28 10 28
10 26 10 28
14 34 19 34
19 22 19 26
19 26 19 34
19 34 27 34
0 10 0 11
0 10 6 10
0 11 0 32
6 10 11 10
15 37 18 37
18 37 18 41
18 41 18 44
10 29 10 32
10 32 11 32
11 30 11 32
35 20 35 23
35 23 35 25
35 23 37 23
38 44 41 44
41 44 42 44
0 43 0 45
0 45 5 45
28 41 28 44
28 44 30 44
15 41 15 44
15 41 17 41
28 39 31 39
31 34 31 39
8 38 13 38
13 36 13 38
5 33 9 33
9 33 12 33
32 30 32 35
32 35 36 35
42 29 42 34
42 34 42 39
20 29 21 29
21 29 21 32
28 27 33 27
33 25 33 27
25 21 27 21
27 21 29 21
45 20 45 26
45 26 45 34
38 15 38 16
38 16 38 31
28 9 28 10
28 9 38 9
45 8 45 9
45 9 45 17
21 8 24 8
24 6 24 8
9 7 15 7
15 7 15 24
38 5 41 5
41 3 41 5
4 5 17 5
17 5 19 5
24 4 25 4
25 4 36 4
8 3 11 3
11 1 11 3
31 2 31 3
31 2 34 2
35 43 35 44
4 42 9 42
21 41 21 43
10 41 12 41
41 40 41 41
8 40 8 41
3 39 7 39
33 37 35 37
0 37 0 39
38 36 39 36
1 36 2 36
5 35 11 35
0 34 0 35
40 33 41 33
26 32 28 32
15 32 15 33
1 31 9 31
28 28 34 28
24 28 24 31
30 26 32 26
25 25 28 25
23 25 23 30
16 25 17 25
40 23 41 23
18 22 18 25
41 20 44 20
34 20 34 22
33 20 33 22
4 20 9 20
28 19 35 19
26 18 26 20
36 16 36 21
35 16 35 17
26 16 30 16
1 16 7 16
26 15 30 15
29 13 33 13
12 13 12 14
1 12 1 15
35 11 36 11
17 11 17 18
17 10 19 10
16 9 16 11
26 7 26 9
21 7 22 7
37 6 39 6
27 6 31 6
5 6 7 6
2 6 3 6
42 4 42 6
8 4 13 4
45 1 45 2
36 0 45 0
34 0 35 0
8 0 10 0
39
40 15 40 14
39 14 39 13
25 9 26 9
27 20 26 20
26 19 26 18
26 17 27 17
10 27 11 27
11 2 11 1
39 9 40 9
27 35 28 35
27 19 28 19
39 15 38 15
10 33 9 33
22 8 22 9
41 4 41 5
33 21 33 22
9 26 9 27
9 28 9 29
11 27 11 28
9 29 10 29
11 28 11 27
11 27 11 28
11 28 11 27
11 27 11 28
11 28 11 27
11 27 11 28
11 28 11 27
11 27 11 28
11 28 11 27
11 27 11 28
11 28 11 27
11 27 11 28
11 28 11 27
11 27 11 28
11 28 11 27
11 27 11 28
11 28 11 27
11 27 11 28
11 28 11 27
140
28 8 35 8
35 8 39 8
35 14 38 14
38 10 38 14
38 10 39 10
39 8 39 10
39 10 39 13
37 34 37 42
37 42 38 42
38 42 38 43
38 43 44 43
44 34 44 43
44 43 45 43
2 25 4 25
4 21 4 23
4 21 7 21
4 23 4 24
4 24 4 25
5 26 5 30
5 26 10 26
8 28 10 28
10 26 10 28
14 34 19 34
19 22 19 26
19 26 19 34
19 34 27 34
0 10 0 11
0 10 6 10
0 11 0 32
6 10 11 10
15 37 18 37
18 37 18 41
18 41 18 44
10 29 10 32
10 32 11 32
11 30 11 32
35 20 35 23
35 23 35 25
35 23 37 23
38 44 41 44
41 44 42 44
0 43 0 45
0 45 5 45
28 41 28 44
28 44 30 44
15 41 15 44
15 41 17 41
28 39 31 39
31 34 31 39
8 38 13 38
13 36 13 38
5 33 9 33
9 33 12 33
32 30 32 35
32 35 36 35
42 29 42 34
42 34 42 39
20 29 21 29
21 29 21 32
28 27 33 27
33 25 33 27
25 21 27 21
27 21 29 21
45 20 45 26
45 26 45 34
38 15 38 16
38 16 38 31
28 9 28 10
28 9 38 9
45 8 45 9
45 9 45 17
21 8 24 8
24 6 24 8
9 7 15 7
15 7 15 24
38 5 41 5
41 3 41 5
4 5 17 5
17 5 19 5
24 4 25 4
25 4 36 4
8 3 11 3
11 1 11 3
31 2 31 3
31 2 34 2
35 43 35 44
4 42 9 42
21 41 21 43
10 41 12 41
41 40 41 41
8 40 8 41
3 39 7 39
33 37 35 37
0 37 0 39
38 36 39 36
1 36 2 36
5 35 11 35
0 34 0 35
40 33 41 33
26 32 28 32
15 32 15 33
1 31 9 31
28 28 34 28
24 28 24 31
30 26 32 26
25 25 28 25
23 25 23 30
16 25 17 25
40 23 41 23
18 22 18 25
41 20 44 20
34 20 34 22
33 20 33 22
4 20 9 20
28 19 35 19
26 18 26 20
36 16 36 21
35 16 35 17
26 16 30 16
1 16 7 16
26 15 30 15
29 13 33 13
12 13 12 14
1 12 1 15
35 11 36 11
17 11 17 18
17 10 19 10
16 9 16 11
26 7 26 9
21 7 22 7
37 6 39 6
27 6 31 6
5 6 7 6
2 6 3 6
42 4 42 6
8 4 13 4
45 1 45 2
36 0 45 0
34 0 35 0
8 0 10 0
40
40 15 40 14
39 14 39 13
25 9 26 9
27 20 26 20
26 19 26 18
26 17 27 17
10 27 11 27
11 2 11 1
39 9 40 9
27 35 28 35
27 19 28 19
39 15 38 15
10 33 9 33
22 8 22 9
41 4 41 5
33 21 33 22
9 26 9 27
9 28 9 29
11 27 11 28
9 29 10 29
11 28 11 27
11 27 11 28
11 28 11 27
11 27 11 28
11 28 11 27
11 27 11 28
11 28 11 27
11 27 11 28
11 28 11 27
11 27 11 28
11 28 11 27
11 27 11 28
11 28 11 27
11 27 11 28
11 28 11 27
11 27 11 28
11 28 11 27
11 27 11 28
11 28 11 27
11 27 11 28
140
28 8 35 8
35 8 39 8
35 14 38 14
38 10 38 14
38 10 39 10
39 8 39 10
39 10 39 13
37 34 37 42
37 42 38 42
38 42 38 43
38 43 44 43
44 34 44 43
44 43 45 43
2 25 4 25
4 21 4 23
4 21 7 21
4 23 4 24
4 24 4 25
5 26 5 30
5 26 10 26
8 28 10 28
10 26 10 28
14 34 19 34
19 22 19 26
19 26 19 34
19 34 27 34
0 10 0 11
0 10 6 10
0 11 0 32
6 10 11 10
15 37 18 37
18 37 18 41
18 41 18 44
10 29 10 32
10 32 11 32
11 30 11 32
35 20 35 23
35 23 35 25
35 23 37 23
38 44 41 44
41 44 42 44
0 43 0 45
0 45 5 45
28 41 28 44
28 44 30 44
15 41 15 44
15 41 17 41
28 39 31 39
31 34 31 39
8 38 13 38
13 36 13 38
5 33 9 33
9 33 12 33
32 30 32 35
32 35 36 35
42 29 42 34
42 34 42 39
20 29 21 29
21 29 21 32
28 27 33 27
33 25 33 27
25 21 27 21
27 21 29 21
45 20 45 26
45 26 45 34
38 15 38 16
38 16 38 31
28 9 28 10
28 9 38 9
45 8 45 9
45 9 45 17
21 8 24 8
24 6 24 8
9 7 15 7
15 7 15 24
38 5 41 5
41 3 41 5
4 5 17 5
17 5 19 5
24 4 25 4
25 4 36 4
8 3 11 3
11 1 11 3
31 2 31 3
31 2 34 2
35 43 35 44
4 42 9 42
21 41 21 43
10 41 12 41
41 40 41 41
8 40 8 41
3 39 7 39
33 37 35 37
0 37 0 39
38 36 39 36
1 36 2 36
5 35 11 35
0 34 0 35
40 33 41 33
26 32 28 32
15 32 15 33
1 31 9 31
28 28 34 28
24 28 24 31
30 26 32 26
25 25 28 25
23 25 23 30
16 25 17 25
40 23 41 23
18 22 18 25
41 20 44 20
34 20 34 22
33 20 33 22
4 20 9 20
28 19 35 19
26 18 26 20
36 16 36 21
35 16 35 17
26 16 30 16
1 16 7 16
26 15 30 15
29 13 33 13
12 13 12 14
1 12 1 15
35 11 36 11
17 11 17 18
17 10 19 10
16 9 16 11
26 7 26 9
21 7 22 7
37 6 39 6
27 6 31 6
5 6 7 6
2 6 3 6
42 4 42 6
8 4 13 4
45 1 45 2
36 0 45 0
34 0 35 0
8 0 10 0
41
40 15 40 14
39 14 39 13
25 9 26 9
27 20 26 20
26 19 26 18
26 17 27 17
10 27 11 27
11 2 11 1
39 9 40 9
27 35 28 35
27 19 28 19
39 15 38 15
10 33 9 33
22 8 22 9
41 4 41 5
33 21 33 22
9 26 9 27
9 28 9 29
11 27 11 28
9 29 10 29
11 28 11 27
11 27 11 28
11 28 11 27
11 27 11 28
11 28 11 27
11 27 11 28
11 28 11 27
11 27 11 28
11 28 11 27
11 27 11 28
11 28 11 27
11 27 11 28
11 28 11 27
11 27 11 28
11 28 11 27
11 27 11 28
11 28 11 27
11 27 11 28
11 28 11 27
11 27 11 28
11 28 11 27
140
28 8 35 8
35 8 39 8
35 14 38 14
38 10 38 14
38 10 39 10
39 8 39 10
39 10 39 13
37 34 37 42
37 42 38 42
38 42 38 43
38 43 44 43
44 34 44 43
44 43 45 43
2 25 4 25
4 21 4 23
4 21 7 21
4 23 4 24
4 24 4 25
5 26 5 30
5 26 10 26
8 28 10 28
10 26 10 28
14 34 19 34
19 22 19 26
19 26 19 34
19 34 27 34
0 10 0 11
0 10 6 10
0 11 0 32
6 10 11 10
15 37 18 37
18 37 18 41
18 41 18 44
10 29 10 32
10 32 11 32
11 30 11 32
35 20 35 23
35 23 35 25
35 23 37 23
38 44 41 44
41 44 42 44
0 43 0 45
0 45 5 45
28 41 28 44
28 44 30 44
15 41 15 44
15 41 17 41
28 39 31 39
31 34 31 39
8 38 13 38
13 36 13 38
5 33 9 33
9 33 12 33
32 30 32 35
32 35 36 35
42 29 42 34
42 34 42 39
20 29 21 29
21 29 21 32
28 27 33 27
33 25 33 27
25 21 27 21
27 21 29 21
45 20 45 26
45 26 45 34
38 15 38 16
38 16 38 31
28 9 28 10
28 9 38 9
45 8 45 9
45 9 45 17
21 8 24 8
24 6 24 8
9 7 15 7
15 7 15 24
38 5 41 5
41 3 41 5
4 5 17 5
17 5 19 5
24 4 25 4
25 4 36 4
8 3 11 3
11 1 11 3
31 2 31 3
31 2 34 2
35 43 35 44
4 42 9 42
21 41 21 43
10 41 12 41
41 40 41 41
8 40 8 41
3 39 7 39
33 37 35 37
0 37 0 39
38 36 39 36
1 36 2 36
5 35 11 35
0 34 0 35
40 33 41 33
26 32 28 32
15 32 15 33
1 31 9 31
28 28 34 28
24 28 24 31
30 26 32 26
25 25 28 25
23 25 23 30
16 25 17 25
40 23 41 23
18 22 18 25
41 20 44 20
34 20 34 22
33 20 33 22
4 20 9 20
28 19 35 19
26 18 26 20
36 16 36 21
35 16 35 17
26 16 30 16
1 16 7 16
26 15 30 15
29 13 33 13
12 13 12 14
1 12 1 15
35 11 36 11
17 11 17 18
17 10 19 10
16 9 16 11
26 7 26 9
21 7 22 7
37 6 39 6
27 6 31 6
5 6 7 6
2 6 3 6
42 4 42 6
8 4 13 4
45 1 45 2
36 0 45 0
34 0 35 0
8 0 10 0
42
40 15 40 14
39 14 39 13
25 9 26 9
27 20 26 20
26 19 26 18
26 17 27 17
10 27 11 27
11 2 11 1
39 9 40 9
27 35 28 35
27 19 28 19
39 15 38 15
10 33 9 33
22 8 22 9
41 4 41 5
33 21 33 22
9 26 9 27
9 28 9 29
11 27 11 28
9 29 10 29
11 28 11 27
11 27 11 28
11 28 11 27
11 27 11 28
11 28 11 27
11 27 11 28
11 28 11 27
11 27 11 28
11 28 11 27
11 27 11 28
11 28 11 27
11 27 11 28
11 28 11 27
11 27 11 28
11 28 11 27
11 27 11 28
11 28 11 27
11 27 11 28
11 28 11 27
11 27 11 28
11 28 11 27
11 27 11 28
140
28 8 35 8
35 8 39 8
35 14 38 14
38 10 38 14
38 10 39 10
39 8 39 10
39 10 39 13
37 34 37 42
37 42 38 42
38 42 38 43
38 43 44 43
44 34 44 43
44 43 45 43
2 25 4 25
4 21 4 23
4 21 7 21
4 23 4 24
4 24 4 25
5 26 5 30
5 26 10 26
8 28 10 28
10 26 10 28
14 34 19 34
19 22 19 26
19 26 19 34
19 34 27 34
0 10 0 11
0 10 6 10
0 11 0 32
6 10 11 10
15 37 18 37
18 37 18 41
18 41 18 44
10 29 10 32
10 32 11 32
11 30 11 32
35 20 35 23
35 23 35 25
35 23 37 23
38 44 41 44
41 44 42 44
0 43 0 45
0 45 5 45
28 41 28 44
28 44 30 44
15 41 15 44
15 41 17 41
28 39 31 39
31 34 31 39
8 38 13 38
13 36 13 38
5 33 9 33
9 33 12 33
32 30 32 35
32 35 36 35
42 29 42 34
42 34 42 39
20 29 21 29
21 29 21 32
28 27 33 27
33 25 33 27
25 21 27 21
27 21 29 21
45 20 45 26
45 26 45 34
38 15 38 16
38 16 38 31
28 9 28 10
28 9 38 9
45 8 45 9
45 9 45 17
21 8 24 8
24 6 24 8
9 7 15 7
15 7 15 24
38 5 41 5
41 3 41 5
4 5 17 5
17 5 19 5
24 4 25 4
25 4 36 4
8 3 11 3
11 1 11 3
31 2 31 3
31 2 34 2
35 43 35 44
4 42 9 42
21 41 21 43
10 41 12 41
41 40 41 41
8 40 8 41
3 39 7 39
33 37 35 37
0 37 0 39
38 36 39 36
1 36 2 36
5 35 11 35
0 34 0 35
40 33 41 33
26 32 28 32
15 32 15 33
1 31 9 31
28 28 34 28
24 28 24 31
30 26 32 26
25 25 28 25
23 25 23 30
16 25 17 25
40 23 41 23
18 22 18 25
41 20 44 20
34 20 34 22
33 20 33 22
4 20 9 20
28 19 35 19
26 18 26 20
36 16 36 21
35 16 35 17
26 16 30 16
1 16 7 16
26 15 30 15
29 13 33 13
12 13 12 14
1 12 1 15
35 11 36 11
17 11 17 18
17 10 19 10
16 9 16 11
26 7 26 9
21 7 22 7
37 6 39 6
27 6 31 6
5 6 7 6
2 6 3 6
42 4 42 6
8 4 13 4
45 1 45 2
36 0 45 0
34 0 35 0
8 0 10 0
43
40 15 40 14
39 14 39 13
25 9 26 9
27 20 26 20
26 19 26 18
26 17 27 17
10 27 11 27
11 2 11 1
39 9 40 9
27 35 28 35
27 19 28 19
39 15 38 15
10 33 9 33
22 8 22 9
41 4 41 5
33 21 33 22
9 26 9 27
9 28 9 29
11 27 11 28
9 29 10 29
11 28 11 27
11 27 11 28
11 28 11 27
11 27 11 28
11 28 11 27
11 27 11 28
11 28 11 27
11 27 11 28
11 28 11 27
11 27 11 28
11 28 11 27
11 27 11 28
11 28 11 27
11 27 11 28
11 28 11 27
11 27 11 28
11 28 11 27
11 27 11 28
11 28 11 27
11 27 11 28
11 28 11 27
11 27 11 28
11 28 11 27
140
28 8 35 8
35 8 39 8
35 14 38 14
38 10 38 14
38 10 39 10
39 8 39 10
39 10 39 13
37 34 37 42
37 42 38 42
38 42 38 43
38 43 44 43
44 34 44 43
44 43 45 43
2 25 4 25
4 21 4 23
4 21 7 21
4 23 4 24
4 24 4 25
5 26 5 30
5 26 10 26
8 28 10 28
10 26 10 28
14 34 19 34
19 22 19 26
19 26 19 34
19 34 27 34
0 10 0 11
0 10 6 10
0 11 0 32
6 10 11 10
15 37 18 37
18 37 18 41
18 41 18 44
10 29 10 32
10 32 11 32
11 30 11 32
35 20 35 23
35 23 35 25
35 23 37 23
38 44 41 44
41 44 42 44
0 43 0 45
0 45 5 45
28 41 28 44
28 44 30 44
15 41 15 44
15 41 17 41
28 39 31 39
31 34 31 39
8 38 13 38
13 36 13 38
5 33 9 33
9 33 12 33
32 30 32 35
32 35 36 35
42 29 42 34
42 34 42 39
20 29 21 29
21 29 21 32
28 27 33 27
33 25 33 27
25 21 27 21
27 21 29 21
45 20 45 26
45 26 45 34
38 15 38 16
38 16 38 31
28 9 28 10
28 9 38 9
45 8 45 9
45 9 45 17
21 8 24 8
24 6 24 8
9 7 15 7
15 7 15 24
38 5 41 5
41 3 41 5
4 5 17 5
17 5 19 5
24 4 25 4
25 4 36 4
8 3 11 3
11 1 11 3
31 2 31 3
31 2 34 2
35 43 35 44
4 42 9 42
21 41 21 43
10 41 12 41
41 40 41 41
8 40 8 41
3 39 7 39
33 37 35 37
0 37 0 39
38 36 39 36
1 36 2 36
5 35 11 35
0 34 0 35
40 33 41 33
26 32 28 32
15 32 15 33
1 31 9 31
28 28 34 28
24 28 24 31
30 26 32 26
25 25 28 25
23 25 23 30
16 25 17 25
40 23 41 23
18 22 18 25
41 20 44 20
34 20 34 22
33 20 33 22
4 20 9 20
28 19 35 19
26 18 26 20
36 16 36 21
35 16 35 17
26 16 30 16
1 16 7 16
26 15 30 15
29 13 33 13
12 13 12 14
1 12 1 15
35 11 36 11
17 11 17 18
17 10 19 10
16 9 16 11
26 7 26 9
21 7 22 7
37 6 39 6
27 6 31 6
5 6 7 6
2 6 3 6
42 4 42 6
8 4 13 4
45 1 45 2
36 0 45 0
34 0 35 0
8 0 10 0
44
40 15 40 14
39 14 39 13
25 9 26 9
27 20 26 20
26 19 26 18
26 17 27 17
10 27 11 27
11 2 11 1
39 9 40 9
27 35 28 35
27 19 28 19
39 15 38 15
10 33 9 33
22 8 22 9
41 4 41 5
33 21 33 22
9 26 9 27
9 28 9 29
11 27 11 28
9 29 10 29
11 28 11 27
11 27 11 28
11 28 11 27
11 27 11 28
11 28 11 27
11 27 11 28
11 28 11 27
11 27 11 28
11 28 11 27
11 27 11 28
11 28 11 27
11 27 11 28
11 28 11 27
11 27 11 28
11 28 11 27
11 27 11 28
11 28 11 27
11 27 11 28
11 28 11 27
11 27 11 28
11 28 11 27
11 27 11 28
11 28 11 27
11 27 11 28
140
28 8 35 8
35 8 39 8
35 14 38 14
38 10 38 14
38 10 39 10
39 8 39 10
39 10 39 13
37 34 37 42
37 42 38 42
38 42 38 43
38 43 44 43
44 34 44 43
44 43 45 43
2 25 4 25
4 21 4 23
4 21 7 21
4 23 4 24
4 24 4 25
5 26 5 30
5 26 10 26
8 28 10 28
10 26 10 28
14 34 19 34
19 22 19 26
19 26 19 34
19 34 27 34
0 10 0 11
0 10 6 10
0 11 0 32
6 10 11 10
15 37 18 37
18 37 18 41
18 41 18 44
10 29 10 32
10 32 11 32
11 30 11 32
35 20 35 23
35 23 35 25
35 23 37 23
38 44 41 44
41 44 42 44
0 43 0 45
0 45 5 45
28 41 28 44
28 44 30 44
15 41 15 44
15 41 17 41
28 39 31 39
31 34 31 39
8 38 13 38
13 36 13 38
5 33 9 33
9 33 12 33
32 30 32 35
32 35 36 35
42 29 42 34
42 34 42 39
20 29 21 29
21 29 21 32
28 27 33 27
33 25 33 27
25 21 27 21
27 21 29 21
45 20 45 26
45 26 45 34
38 15 38 16
38 16 38 31
28 9 28 10
28 9 38 9
45 8 45 9
45 9 45 17
21 8 24 8
24 6 24 8
9 7 15 7
15 7 15 24
38 5 41 5
41 3 41 5
4 5 17 5
17 5 19 5
24 4 25 4
25 4 36 4
8 3 11 3
11 1 11 3
31 2 31 3
31 2 34 2
35 43 35 44
4 42 9 42
21 41 21 43
10 41 12 41
41 40 41 41
8 40 8 41
3 39 7 39
33 37 35 37
0 37 0 39
38 36 39 36
1 36 2 36
5 35 11 35
0 34 0 35
40 33 41 33
26 32 28 32
15 32 15 33
1 31 9 31
28 28 34 28
24 28 24 31
30 26 32 26
25 25 28 25
23 25 23 30
16 25 17 25
40 23 41 23
18 22 18 25
41 20 44 20
34 20 34 22
33 20 33 22
4 20 9 20
28 19 35 19
26 18 26 20
36 16 36 21
35 16 35 17
26 16 30 16
1 16 7 16
26 15 30 15
29 13 33 13
12 13 12 14
1 12 1 15
35 11 36 11
17 11 17 18
17 10 19 10
16 9 16 11
26 7 26 9
21 7 22 7
37 6 39 6
27 6 31 6
5 6 7 6
2 6 3 6
42 4 42 6
8 4 13 4
45 1 45 2
36 0 45 0
34 0 35 0
8 0 10 0
45
40 15 40 14
39 14 39 13
25 9 26 9
27 20 26 20
26 19 26 18
26 17 27 17
10 27 11 27
11 2 11 1
39 9 40 9
27 35 28 35
27 19 28 19
39 15 38 15
10 33 9 33
22 8 22 9
41 4 41 5
33 21 33 22
9 26 9 27
9 28 9 29
11 27 11 28
9 29 10 29
11 28 11 27
11 27 11 28
11 28 11 27
11 27 11 28
11 28 11 27
11 27 11 28
11 28 11 27
11 27 11 28
11 28 11 27
11 27 11 28
11 28 11 27
11 27 11 28
11 28 11 27
11 27 11 28
11 28 11 27
11 27 11 28
11 28 11 27
11 27 11 28
11 28 11 27
11 27 11 28
11 28 11 27
11 27 11 28
11 28 11 27
11 27 11 28
11 28 11 27
140
28 8 35 8
35 8 39 8
35 14 38 14
38 10 38 14
38 10 39 10
39 8 39 10
39 10 39 13
37 34 37 42
37 42 38 42
38 42 38 43
38 43 44 43
44 34 44 43
44 43 45 43
2 25 4 25
4 21 4 23
4 21 7 21
4 23 4 24
4 24 4 25
5 26 5 30
5 26 10 26
8 28 10 28
10 26 10 28
14 34 19 34
19 22 19 26
19 26 19 34
19 34 27 34
0 10 0 11
0 10 6 10
0 11 0 32
6 10 11 10
15 37 18 37
18 37 18 41
18 41 18 44
10 29 10 32
10 32 11 32
11 30 11 32
35 20 35 23
35 23 35 25
35 23 37 23
38 44 41 44
41 44 42 44
0 43 0 45
0 45 5 45
28 41 28 44
28 44 30 44
15 41 15 44
15 41 17 41
28 39 31 39
31 34 31 39
8 38 13 38
13 36 13 38
5 33 9 33
9 33 12 33
32 30 32 35
32 35 36 35
42 29 42 34
42 34 42 39
20 29 21 29
21 29 21 32
28 27 33 27
33 25 33 27
25 21 27 21
27 21 29 21
45 20 45 26
45 26 45 34
38 15 38 16
38 16 38 31
28 9 28 10
28 9 38 9
45 8 45 9
45 9 45 17
21 8 24 8
24 6 24 8
9 7 15 7
15 7 15 24
38 5 41 5
41 3 41 5
4 5 17 5
17 5 19 5
24 4 25 4
25 4 36 4
8 3 11 3
11 1 11 3
31 2 31 3
31 2 34 2
35 43 35 44
4 42 9 42
21 41 21 43
10 41 12 41
41 40 41 41
8 40 8 41
3 39 7 39
33 37 35 37
0 37 0 39
38 36 39 36
1 36 2 36
5 35 11 35
0 34 0 35
40 33 41 33
26 32 28 32
15 32 15 33
1 31 9 31
28 28 34 28
24 28 24 31
30 26 32 26
25 25 28 25
23 25 23 30
16 25 17 25
40 23 41 23
18 22 18 25
41 20 44 20
34 20 34 22
33 20 33 22
4 20 9 20
28 19 35 19
26 18 26 20
36 16 36 21
35 16 35 17
26 16 30 16
1 16 7 16
26 15 30 15
29 13 33 13
12 13 12 14
1 12 1 15
35 11 36 11
17 11 17 18
17 10 19 10
16 9 16 11
26 7 26 9
21 7 22 7
37 6 39 6
27 6 31 6
5 6 7 6
2 6 3 6
42 4 42 6
8 4 13 4
45 1 45 2
36 0 45 0
34 0 35 0
8 0 10 0
0
139
28 8 35 8
35 8 39 8
35 14 38 14
38 10 38 14
38 10 39 10
38 14 39 14
39 8 39 9
39 9 39 10
39 14 44 14
37 34 37 42
37 42 38 42
38 42 38 43
38 43 44 43
44 34 44 43
44 43 45 43
5 33 10 33
10 32 10 33
10 32 11 32
10 33 12 33
11 30 11 32
2 25 4 25
4 21 4 23
4 21 7 21
4 23 4 24
4 24 4 25
14 34 19 34
19 22 19 26
19 26 19 34
19 34 27 34
0 10 0 11
0 10 6 10
0 11 0 32
6 10 11 10
15 37 18 37
18 37 18 41
18 41 18 44
5 26 5 30
5 26 9 26
9 26 10 26
35 20 35 23
35 23 35 25
35 23 37 23
8 3 11 3
10 2 11 2
11 2 11 3
38 44 41 44
41 44 42 44
0 43 0 45
0 45 5 45
28 41 28 44
28 44 30 44
15 41 15 44
15 41 17 41
28 39 31 39
31 34 31 39
8 38 13 38
13 36 13 38
32 30 32 35
32 35 36 35
42 29 42 34
42 34 42 39
20 29 21 29
21 29 21 32
28 27 33 27
33 25 33 27
23 22 34 22
34 20 34 22
25 21 27 21
27 21 29 21
45 20 45 26
45 26 45 34
28 9 28 10
28 9 38 9
45 8 45 9
45 9 45 17
9 7 15 7
15 7 15 24
4 5 17 5
17 5 19 5
24 4 25 4
25 4 36 4
31 2 31 3
31 2 34 2
35 43 35 44
4 42 9 42
21 41 21 43
10 41 12 41
41 40 41 41
8 40 8 41
3 39 7 39
33 37 35 37
0 37 0 39
38 36 39 36
1 36 2 36
5 35 11 35
0 34 0 35
40 33 41 33
26 32 28 32
15 32 15 33
1 31 9 31
36 29 39 29
8 29 13 29
28 28 34 28
24 28 24 31
30 26 32 26
25 25 28 25
23 25 23 30
16 25 17 25
40 23 41 23
18 22 18 25
41 20 44 20
33 20 33 21
4 20 9 20
27 19 35 19
36 16 36 21
35 16 35 17
26 16 30 16
1 16 7 16
26 15 30 15
29 13 33 13
12 13 12 14
1 12 1 15
35 11 36 11
17 11 17 18
17 10 19 10
16 9 16 11
21 7 22 7
37 6 39 6
27 6 31 6
24 6 24 8
5 6 7 6
2 6 3 6
42 4 42 6
8 4 13 4
41 3 41 4
45 1 45 2
36 0 45 0
34 0 35 0
8 0 10 0
