0
165
13 18 17 18
17 18 20 18
19 17 20 17
19 19 19 20
20 16 20 17
20 17 20 18
8 7 8 8
8 7 10 7
8 8 10 8
10 8 10 11
10 11 11 11
11 11 13 11
30 33 30 36
30 33 35 33
30 36 31 36
35 33 35 37
35 37 35 38
28 17 28 18
28 18 29 18
29 14 29 18
29 18 30 18
30 18 34 18
12 6 12 9
12 9 12 10
12 10 17 10
16 16 17 16
17 10 17 16
18 2 18 5
18 5 19 5
19 5 21 5
21 1 21 5
21 5 21 7
0 30 1 30
1 30 3 30
3 19 3 30
3 30 8 30
35 23 35 24
35 24 35 27
35 24 37 24
37 24 37 26
15 21 18 21
17 24 19 24
18 21 19 21
19 21 19 24
33 13 33 14
33 14 35 14
35 11 35 14
35 14 35 18
23 23 23 24
23 24 24 24
24 24 26 24
2 17 2 20
2 17 3 17
3 17 5 17
19 13 20 13
20 13 29 13
29 12 29 13
5 3 5 14
5 14 12 14
12 14 12 29
25 0 25 5
25 0 26 0
25 5 29 5
16 38 17 38
17 36 17 38
8 38 10 38
10 35 10 38
3 36 4 36
4 36 4 38
25 35 26 35
26 33 26 35
5 34 7 34
7 34 7 36
3 33 7 33
7 33 10 33
24 32 29 32
29 32 29 34
12 32 13 32
13 30 13 32
1 31 1 33
1 31 2 31
23 30 23 34
23 34 23 35
34 29 34 31
34 31 35 31
35 28 36 28
36 28 36 29
33 22 33 25
33 22 35 22
8 19 10 19
10 16 10 19
14 17 16 17
16 17 18 17
4 13 4 16
4 16 8 16
27 11 29 11
29 7 29 11
24 7 26 7
26 6 26 7
2 6 2 7
2 7 2 9
23 3 23 7
23 3 24 3
9 2 14 2
14 2 14 3
27 0 27 4
27 0 29 0
0 38 3 38
23 37 25 37
19 36 22 36
11 35 11 36
5 35 6 35
0 35 0 37
12 34 15 34
28 33 28 36
27 33 27 34
19 33 19 35
18 32 21 32
32 29 32 30
25 28 25 29
20 27 22 27
17 27 18 27
24 26 24 29
19 26 19 31
15 26 15 27
9 26 9 27
2 26 2 27
17 25 17 26
24 23 27 23
16 23 16 25
29 21 33 21
21 21 21 25
1 21 1 26
34 20 37 20
23 20 25 20
15 20 17 20
28 19 28 23
20 19 23 19
7 19 7 24
11 17 11 19
9 17 9 18
28 15 28 16
22 15 24 15
27 14 27 15
18 14 24 14
10 13 12 13
0 13 0 14
2 11 2 12
37 10 37 12
21 9 21 10
9 9 9 10
0 9 0 10
23 8 25 8
19 8 21 8
7 8 7 9
27 7 27 9
3 7 4 7
18 6 18 9
9 4 10 4
36 3 38 3
30 3 31 3
11 3 11 8
26 2 26 4
6 2 6 8
18 0 19 0
1
31 3 32 3
165
13 18 17 18
17 18 20 18
19 17 20 17
19 19 19 20
20 16 20 17
20 17 20 18
8 7 8 8
8 7 10 7
8 8 10 8
10 8 10 11
10 11 11 11
11 11 13 11
30 33 30 36
30 33 35 33
30 36 31 36
35 33 35 37
35 37 35 38
28 17 28 18
28 18 29 18
29 14 29 18
29 18 30 18
30 18 34 18
12 6 12 9
12 9 12 10
12 10 17 10
16 16 17 16
17 10 17 16
18 2 18 5
18 5 19 5
19 5 21 5
21 1 21 5
21 5 21 7
0 30 1 30
1 30 3 30
3 19 3 30
3 30 8 30
35 23 35 24
35 24 35 27
35 24 37 24
37 24 37 26
15 21 18 21
17 24 19 24
18 21 19 21
19 21 19 24
33 13 33 14
33 14 35 14
35 11 35 14
35 14 35 18
23 23 23 24
23 24 24 24
24 24 26 24
2 17 2 20
2 17 3 17
3 17 5 17
19 13 20 13
20 13 29 13
29 12 29 13
5 3 5 14
5 14 12 14
12 14 12 29
25 0 25 5
25 0 26 0
25 5 29 5
16 38 17 38
17 36 17 38
8 38 10 38
10 35 10 38
3 36 4 36
4 36 4 38
25 35 26 35
26 33 26 35
5 34 7 34
7 34 7 36
3 33 7 33
7 33 10 33
24 32 29 32
29 32 29 34
12 32 13 32
13 30 13 32
1 31 1 33
1 31 2 31
23 30 23 34
23 34 23 35
34 29 34 31
34 31 35 31
35 28 36 28
36 28 36 29
33 22 33 25
33 22 35 22
8 19 10 19
10 16 10 19
14 17 16 17
16 17 18 17
4 13 4 16
4 16 8 16
27 11 29 11
29 7 29 11
24 7 26 7
26 6 26 7
2 6 2 7
2 7 2 9
23 3 23 7
23 3 24 3
9 2 14 2
14 2 14 3
27 0 27 4
27 0 29 0
0 38 3 38
23 37 25 37
19 36 22 36
11 35 11 36
5 35 6 35
0 35 0 37
12 34 15 34
28 33 28 36
27 33 27 34
19 33 19 35
18 32 21 32
32 29 32 30
25 28 25 29
20 27 22 27
17 27 18 27
24 26 24 29
19 26 19 31
15 26 15 27
9 26 9 27
2 26 2 27
17 25 17 26
24 23 27 23
16 23 16 25
29 21 33 21
21 21 21 25
1 21 1 26
34 20 37 20
23 20 25 20
15 20 17 20
28 19 28 23
20 19 23 19
7 19 7 24
11 17 11 19
9 17 9 18
28 15 28 16
22 15 24 15
27 14 27 15
18 14 24 14
10 13 12 13
0 13 0 14
2 11 2 12
37 10 37 12
21 9 21 10
9 9 9 10
0 9 0 10
23 8 25 8
19 8 21 8
7 8 7 9
27 7 27 9
3 7 4 7
18 6 18 9
9 4 10 4
36 3 38 3
30 3 32 3
11 3 11 8
26 2 26 4
6 2 6 8
18 0 19 0
2
31 3 32 3
28 7 28 8
167
13 18 17 18
17 18 20 18
19 17 20 17
19 19 19 20
20 16 20 17
20 17 20 18
8 7 8 8
8 7 10 7
8 8 10 8
10 8 10 11
10 11 11 11
11 11 13 11
30 33 30 36
30 33 35 33
30 36 31 36
35 33 35 37
35 37 35 38
28 17 28 18
28 18 29 18
29 14 29 18
29 18 30 18
30 18 34 18
27 7 27 9
27 7 29 7
27 9 31 9
27 11 29 11
12 6 12 9
12 9 12 10
12 10 17 10
16 16 17 16
17 10 17 16
18 2 18 5
18 5 19 5
19 5 21 5
21 1 21 5
21 5 21 7
0 30 1 30
1 30 3 30
3 19 3 30
3 30 8 30
35 23 35 24
35 24 35 27
35 24 37 24
37 24 37 26
15 21 18 21
17 24 19 24
18 21 19 21
19 21 19 24
33 13 33 14
33 14 35 14
35 11 35 14
35 14 35 18
23 23 23 24
23 24 24 24
24 24 26 24
2 17 2 20
2 17 3 17
3 17 5 17
19 13 20 13
20 13 29 13
29 12 29 13
5 3 5 14
5 14 12 14
12 14 12 29
25 0 25 5
25 0 26 0
25 5 29 5
16 38 17 38
17 36 17 38
8 38 10 38
10 35 10 38
3 36 4 36
4 36 4 38
25 35 26 35
26 33 26 35
5 34 7 34
7 34 7 36
3 33 7 33
7 33 10 33
24 32 29 32
29 32 29 34
12 32 13 32
13 30 13 32
1 31 1 33
1 31 2 31
23 30 23 34
23 34 23 35
34 29 34 31
34 31 35 31
35 28 36 28
36 28 36 29
33 22 33 25
33 22 35 22
8 19 10 19
10 16 10 19
14 17 16 17
16 17 18 17
4 13 4 16
4 16 8 16
24 7 26 7
26 6 26 7
2 6 2 7
2 7 2 9
23 3 23 7
23 3 24 3
9 2 14 2
14 2 14 3
27 0 27 4
27 0 29 0
0 38 3 38
23 37 25 37
19 36 22 36
11 35 11 36
5 35 6 35
0 35 0 37
12 34 15 34
28 33 28 36
27 33 27 34
19 33 19 35
18 32 21 32
32 29 32 30
25 28 25 29
20 27 22 27
17 27 18 27
24 26 24 29
19 26 19 31
15 26 15 27
9 26 9 27
2 26 2 27
17 25 17 26
24 23 27 23
16 23 16 25
29 21 33 21
21 21 21 25
1 21 1 26
34 20 37 20
23 20 25 20
15 20 17 20
28 19 28 23
20 19 23 19
7 19 7 24
11 17 11 19
9 17 9 18
28 15 28 16
22 15 24 15
27 14 27 15
18 14 24 14
10 13 12 13
0 13 0 14
2 11 2 12
37 10 37 12
21 9 21 10
9 9 9 10
0 9 0 10
28 8 34 8
23 8 25 8
19 8 21 8
7 8 7 9
3 7 4 7
18 6 18 9
9 4 10 4
36 3 38 3
30 3 32 3
11 3 11 8
26 2 26 4
6 2 6 8
18 0 19 0
3
31 3 32 3
28 7 28 8
7 18 8 18
168
13 18 17 18
17 18 20 18
19 17 20 17
19 19 19 20
20 16 20 17
20 17 20 18
8 7 8 8
8 7 10 7
8 8 10 8
10 8 10 11
10 11 11 11
11 11 13 11
30 33 30 36
30 33 35 33
30 36 31 36
35 33 35 37
35 37 35 38
28 17 28 18
28 18 29 18
29 14 29 18
29 18 30 18
30 18 34 18
27 7 27 9
27 7 29 7
27 9 31 9
27 11 29 11
12 6 12 9
12 9 12 10
12 10 17 10
16 16 17 16
17 10 17 16
18 2 18 5
18 5 19 5
19 5 21 5
21 1 21 5
21 5 21 7
0 30 1 30
1 30 3 30
3 19 3 30
3 30 8 30
35 23 35 24
35 24 35 27
35 24 37 24
37 24 37 26
15 21 18 21
17 24 19 24
18 21 19 21
19 21 19 24
33 13 33 14
33 14 35 14
35 11 35 14
35 14 35 18
23 23 23 24
23 24 24 24
24 24 26 24
2 17 2 20
2 17 3 17
3 17 5 17
19 13 20 13
20 13 29 13
29 12 29 13
5 3 5 14
5 14 12 14
12 14 12 29
25 0 25 5
25 0 26 0
25 5 29 5
16 38 17 38
17 36 17 38
8 38 10 38
10 35 10 38
3 36 4 36
4 36 4 38
25 35 26 35
26 33 26 35
5 34 7 34
7 34 7 36
3 33 7 33
7 33 10 33
24 32 29 32
29 32 29 34
12 32 13 32
13 30 13 32
1 31 1 33
1 31 2 31
23 30 23 34
23 34 23 35
34 29 34 31
34 31 35 31
35 28 36 28
36 28 36 29
33 22 33 25
33 22 35 22
8 19 10 19
10 16 10 19
14 17 16 17
16 17 18 17
7 17 7 19
7 19 7 24
4 13 4 16
4 16 8 16
24 7 26 7
26 6 26 7
2 6 2 7
2 7 2 9
23 3 23 7
23 3 24 3
9 2 14 2
14 2 14 3
27 0 27 4
27 0 29 0
0 38 3 38
23 37 25 37
19 36 22 36
11 35 11 36
5 35 6 35
0 35 0 37
12 34 15 34
28 33 28 36
27 33 27 34
19 33 19 35
18 32 21 32
32 29 32 30
25 28 25 29
20 27 22 27
17 27 18 27
24 26 24 29
19 26 19 31
15 26 15 27
9 26 9 27
2 26 2 27
17 25 17 26
24 23 27 23
16 23 16 25
29 21 33 21
21 21 21 25
1 21 1 26
34 20 37 20
23 20 25 20
15 20 17 20
28 19 28 23
20 19 23 19
11 17 11 19
9 17 9 18
28 15 28 16
22 15 24 15
27 14 27 15
18 14 24 14
10 13 12 13
0 13 0 14
2 11 2 12
37 10 37 12
21 9 21 10
9 9 9 10
0 9 0 10
28 8 34 8
23 8 25 8
19 8 21 8
7 8 7 9
3 7 4 7
18 6 18 9
9 4 10 4
36 3 38 3
30 3 32 3
11 3 11 8
26 2 26 4
6 2 6 8
18 0 19 0
4
31 3 32 3
28 7 28 8
7 18 8 18
9 18 10 18
168
13 18 17 18
17 18 20 18
19 17 20 17
19 19 19 20
20 16 20 17
20 17 20 18
8 7 8 8
8 7 10 7
8 8 10 8
10 8 10 11
10 11 11 11
11 11 13 11
30 33 30 36
30 33 35 33
30 36 31 36
35 33 35 37
35 37 35 38
28 17 28 18
28 18 29 18
29 14 29 18
29 18 30 18
30 18 34 18
27 7 27 9
27 7 29 7
27 9 31 9
27 11 29 11
12 6 12 9
12 9 12 10
12 10 17 10
16 16 17 16
17 10 17 16
18 2 18 5
18 5 19 5
19 5 21 5
21 1 21 5
21 5 21 7
0 30 1 30
1 30 3 30
3 19 3 30
3 30 8 30
35 23 35 24
35 24 35 27
35 24 37 24
37 24 37 26
15 21 18 21
17 24 19 24
18 21 19 21
19 21 19 24
33 13 33 14
33 14 35 14
35 11 35 14
35 14 35 18
23 23 23 24
23 24 24 24
24 24 26 24
2 17 2 20
2 17 3 17
3 17 5 17
8 19 10 19
10 16 10 18
10 18 10 19
19 13 20 13
20 13 29 13
29 12 29 13
5 3 5 14
5 14 12 14
12 14 12 29
25 0 25 5
25 0 26 0
25 5 29 5
16 38 17 38
17 36 17 38
8 38 10 38
10 35 10 38
3 36 4 36
4 36 4 38
25 35 26 35
26 33 26 35
5 34 7 34
7 34 7 36
3 33 7 33
7 33 10 33
24 32 29 32
29 32 29 34
12 32 13 32
13 30 13 32
1 31 1 33
1 31 2 31
23 30 23 34
23 34 23 35
34 29 34 31
34 31 35 31
35 28 36 28
36 28 36 29
33 22 33 25
33 22 35 22
14 17 16 17
16 17 18 17
7 17 7 19
7 19 7 24
4 13 4 16
4 16 8 16
24 7 26 7
26 6 26 7
2 6 2 7
2 7 2 9
23 3 23 7
23 3 24 3
9 2 14 2
14 2 14 3
27 0 27 4
27 0 29 0
0 38 3 38
23 37 25 37
19 36 22 36
11 35 11 36
5 35 6 35
0 35 0 37
12 34 15 34
28 33 28 36
27 33 27 34
19 33 19 35
18 32 21 32
32 29 32 30
25 28 25 29
20 27 22 27
17 27 18 27
24 26 24 29
19 26 19 31
15 26 15 27
9 26 9 27
2 26 2 27
17 25 17 26
24 23 27 23
16 23 16 25
29 21 33 21
21 21 21 25
1 21 1 26
34 20 37 20
23 20 25 20
15 20 17 20
28 19 28 23
20 19 23 19
11 17 11 19
28 15 28 16
22 15 24 15
27 14 27 15
18 14 24 14
10 13 12 13
0 13 0 14
2 11 2 12
37 10 37 12
21 9 21 10
9 9 9 10
0 9 0 10
28 8 34 8
23 8 25 8
19 8 21 8
7 8 7 9
3 7 4 7
18 6 18 9
9 4 10 4
36 3 38 3
30 3 32 3
11 3 11 8
26 2 26 4
6 2 6 8
18 0 19 0
5
31 3 32 3
28 7 28 8
7 18 8 18
9 18 10 18
27 33 27 32
168
13 18 17 18
17 18 20 18
19 17 20 17
19 19 19 20
20 16 20 17
20 17 20 18
8 7 8 8
8 7 10 7
8 8 10 8
10 8 10 11
10 11 11 11
11 11 13 11
30 33 30 36
30 33 35 33
30 36 31 36
35 33 35 37
35 37 35 38
28 17 28 18
28 18 29 18
29 14 29 18
29 18 30 18
30 18 34 18
27 7 27 9
27 7 29 7
27 9 31 9
27 11 29 11
12 6 12 9
12 9 12 10
12 10 17 10
16 16 17 16
17 10 17 16
18 2 18 5
18 5 19 5
19 5 21 5
21 1 21 5
21 5 21 7
0 30 1 30
1 30 3 30
3 19 3 30
3 30 8 30
35 23 35 24
35 24 35 27
35 24 37 24
37 24 37 26
15 21 18 21
17 24 19 24
18 21 19 21
19 21 19 24
33 13 33 14
33 14 35 14
35 11 35 14
35 14 35 18
23 23 23 24
23 24 24 24
24 24 26 24
2 17 2 20
2 17 3 17
3 17 5 17
8 19 10 19
10 16 10 18
10 18 10 19
19 13 20 13
20 13 29 13
29 12 29 13
5 3 5 14
5 14 12 14
12 14 12 29
25 0 25 5
25 0 26 0
25 5 29 5
16 38 17 38
17 36 17 38
8 38 10 38
10 35 10 38
3 36 4 36
4 36 4 38
25 35 26 35
26 33 26 35
5 34 7 34
7 34 7 36
3 33 7 33
7 33 10 33
12 32 13 32
13 30 13 32
1 31 1 33
1 31 2 31
23 30 23 34
23 34 23 35
34 29 34 31
34 31 35 31
35 28 36 28
36 28 36 29
25 28 25 29
25 29 25 33
33 22 33 25
33 22 35 22
14 17 16 17
16 17 18 17
7 17 7 19
7 19 7 24
4 13 4 16
4 16 8 16
24 7 26 7
26 6 26 7
2 6 2 7
2 7 2 9
23 3 23 7
23 3 24 3
9 2 14 2
14 2 14 3
27 0 27 4
27 0 29 0
0 38 3 38
23 37 25 37
19 36 22 36
11 35 11 36
5 35 6 35
0 35 0 37
12 34 15 34
28 33 28 36
19 33 19 35
29 32 29 34
27 32 27 34
18 32 21 32
32 29 32 30
20 27 22 27
17 27 18 27
24 26 24 29
19 26 19 31
15 26 15 27
9 26 9 27
2 26 2 27
17 25 17 26
24 23 27 23
16 23 16 25
29 21 33 21
21 21 21 25
1 21 1 26
34 20 37 20
23 20 25 20
15 20 17 20
28 19 28 23
20 19 23 19
11 17 11 19
28 15 28 16
22 15 24 15
27 14 27 15
18 14 24 14
10 13 12 13
0 13 0 14
2 11 2 12
37 10 37 12
21 9 21 10
9 9 9 10
0 9 0 10
28 8 34 8
23 8 25 8
19 8 21 8
7 8 7 9
3 7 4 7
18 6 18 9
9 4 10 4
36 3 38 3
30 3 32 3
11 3 11 8
26 2 26 4
6 2 6 8
18 0 19 0
6
31 3 32 3
28 7 28 8
7 18 8 18
9 18 10 18
27 33 27 32
22 35 22 34
169
13 18 17 18
17 18 20 18
19 17 20 17
19 19 19 20
20 16 20 17
20 17 20 18
8 7 8 8
8 7 10 7
8 8 10 8
10 8 10 11
10 11 11 11
11 11 13 11
30 33 30 36
30 33 35 33
30 36 31 36
35 33 35 37
35 37 35 38
28 17 28 18
28 18 29 18
29 14 29 18
29 18 30 18
30 18 34 18
27 7 27 9
27 7 29 7
27 9 31 9
27 11 29 11
12 6 12 9
12 9 12 10
12 10 17 10
16 16 17 16
17 10 17 16
18 2 18 5
18 5 19 5
19 5 21 5
21 1 21 5
21 5 21 7
0 30 1 30
1 30 3 30
3 19 3 30
3 30 8 30
35 23 35 24
35 24 35 27
35 24 37 24
37 24 37 26
15 21 18 21
17 24 19 24
18 21 19 21
19 21 19 24
33 13 33 14
33 14 35 14
35 11 35 14
35 14 35 18
21 35 23 35
23 30 23 34
23 34 23 35
23 23 23 24
23 24 24 24
24 24 26 24
2 17 2 20
2 17 3 17
3 17 5 17
8 19 10 19
10 16 10 18
10 18 10 19
19 13 20 13
20 13 29 13
29 12 29 13
5 3 5 14
5 14 12 14
12 14 12 29
25 0 25 5
25 0 26 0
25 5 29 5
16 38 17 38
17 36 17 38
8 38 10 38
10 35 10 38
3 36 4 36
4 36 4 38
25 35 26 35
26 33 26 35
5 34 7 34
7 34 7 36
3 33 7 33
7 33 10 33
12 32 13 32
13 30 13 32
1 31 1 33
1 31 2 31
34 29 34 31
34 31 35 31
35 28 36 28
36 28 36 29
25 28 25 29
25 29 25 33
33 22 33 25
33 22 35 22
14 17 16 17
16 17 18 17
7 17 7 19
7 19 7 24
4 13 4 16
4 16 8 16
24 7 26 7
26 6 26 7
2 6 2 7
2 7 2 9
23 3 23 7
23 3 24 3
9 2 14 2
14 2 14 3
27 0 27 4
27 0 29 0
0 38 3 38
23 37 25 37
19 36 22 36
11 35 11 36
5 35 6 35
0 35 0 37
12 34 15 34
28 33 28 36
19 33 19 35
29 32 29 34
27 32 27 34
18 32 21 32
32 29 32 30
20 27 22 27
17 27 18 27
24 26 24 29
19 26 19 31
15 26 15 27
9 26 9 27
2 26 2 27
17 25 17 26
24 23 27 23
16 23 16 25
29 21 33 21
21 21 21 25
1 21 1 26
34 20 37 20
23 20 25 20
15 20 17 20
28 19 28 23
20 19 23 19
11 17 11 19
28 15 28 16
22 15 24 15
27 14 27 15
18 14 24 14
10 13 12 13
0 13 0 14
2 11 2 12
37 10 37 12
21 9 21 10
9 9 9 10
0 9 0 10
28 8 34 8
23 8 25 8
19 8 21 8
7 8 7 9
3 7 4 7
18 6 18 9
9 4 10 4
36 3 38 3
30 3 32 3
11 3 11 8
26 2 26 4
6 2 6 8
18 0 19 0
7
31 3 32 3
28 7 28 8
7 18 8 18
9 18 10 18
27 33 27 32
22 35 22 34
5 35 4 35
169
13 18 17 18
17 18 20 18
19 17 20 17
19 19 19 20
20 16 20 17
20 17 20 18
8 7 8 8
8 7 10 7
8 8 10 8
10 8 10 11
10 11 11 11
11 11 13 11
30 33 30 36
30 33 35 33
30 36 31 36
35 33 35 37
35 37 35 38
28 17 28 18
28 18 29 18
29 14 29 18
29 18 30 18
30 18 34 18
27 7 27 9
27 7 29 7
27 9 31 9
27 11 29 11
12 6 12 9
12 9 12 10
12 10 17 10
16 16 17 16
17 10 17 16
18 2 18 5
18 5 19 5
19 5 21 5
21 1 21 5
21 5 21 7
0 30 1 30
1 30 3 30
3 19 3 30
3 30 8 30
35 23 35 24
35 24 35 27
35 24 37 24
37 24 37 26
15 21 18 21
17 24 19 24
18 21 19 21
19 21 19 24
33 13 33 14
33 14 35 14
35 11 35 14
35 14 35 18
21 35 23 35
23 30 23 34
23 34 23 35
23 23 23 24
23 24 24 24
24 24 26 24
2 17 2 20
2 17 3 17
3 17 5 17
8 19 10 19
10 16 10 18
10 18 10 19
19 13 20 13
20 13 29 13
29 12 29 13
5 3 5 14
5 14 12 14
12 14 12 29
25 0 25 5
25 0 26 0
25 5 29 5
16 38 17 38
17 36 17 38
8 38 10 38
10 35 10 38
3 36 4 36
4 36 4 38
25 35 26 35
26 33 26 35
5 34 7 34
7 34 7 36
3 33 7 33
7 33 10 33
12 32 13 32
13 30 13 32
1 31 1 33
1 31 2 31
34 29 34 31
34 31 35 31
35 28 36 28
36 28 36 29
25 28 25 29
25 29 25 33
33 22 33 25
33 22 35 22
14 17 16 17
16 17 18 17
7 17 7 19
7 19 7 24
4 13 4 16
4 16 8 16
24 7 26 7
26 6 26 7
2 6 2 7
2 7 2 9
23 3 23 7
23 3 24 3
9 2 14 2
14 2 14 3
27 0 27 4
27 0 29 0
0 38 3 38
23 37 25 37
19 36 22 36
11 35 11 36
4 35 6 35
0 35 0 37
12 34 15 34
28 33 28 36
19 33 19 35
29 32 29 34
27 32 27 34
18 32 21 32
32 29 32 30
20 27 22 27
17 27 18 27
24 26 24 29
19 26 19 31
15 26 15 27
9 26 9 27
2 26 2 27
17 25 17 26
24 23 27 23
16 23 16 25
29 21 33 21
21 21 21 25
1 21 1 26
34 20 37 20
23 20 25 20
15 20 17 20
28 19 28 23
20 19 23 19
11 17 11 19
28 15 28 16
22 15 24 15
27 14 27 15
18 14 24 14
10 13 12 13
0 13 0 14
2 11 2 12
37 10 37 12
21 9 21 10
9 9 9 10
0 9 0 10
28 8 34 8
23 8 25 8
19 8 21 8
7 8 7 9
3 7 4 7
18 6 18 9
9 4 10 4
36 3 38 3
30 3 32 3
11 3 11 8
26 2 26 4
6 2 6 8
18 0 19 0
8
31 3 32 3
28 7 28 8
7 18 8 18
9 18 10 18
27 33 27 32
22 35 22 34
5 35 4 35
26 9 25 9
170
13 18 17 18
17 18 20 18
19 17 20 17
19 19 19 20
20 16 20 17
20 17 20 18
8 7 8 8
8 7 10 7
8 8 10 8
10 8 10 11
10 11 11 11
11 11 13 11
30 33 30 36
30 33 35 33
30 36 31 36
35 33 35 37
35 37 35 38
28 17 28 18
28 18 29 18
29 14 29 18
29 18 30 18
30 18 34 18
27 7 27 9
27 7 29 7
27 9 31 9
27 11 29 11
12 6 12 9
12 9 12 10
12 10 17 10
16 16 17 16
17 10 17 16
18 2 18 5
18 5 19 5
19 5 21 5
21 1 21 5
21 5 21 7
0 30 1 30
1 30 3 30
3 19 3 30
3 30 8 30
35 23 35 24
35 24 35 27
35 24 37 24
37 24 37 26
15 21 18 21
17 24 19 24
18 21 19 21
19 21 19 24
33 13 33 14
33 14 35 14
35 11 35 14
35 14 35 18
21 35 23 35
23 30 23 34
23 34 23 35
23 23 23 24
23 24 24 24
24 24 26 24
2 17 2 20
2 17 3 17
3 17 5 17
8 19 10 19
10 16 10 18
10 18 10 19
19 13 20 13
20 13 29 13
29 12 29 13
5 3 5 14
5 14 12 14
12 14 12 29
25 0 25 5
25 0 26 0
25 5 29 5
16 38 17 38
17 36 17 38
8 38 10 38
10 35 10 38
3 36 4 36
4 36 4 38
25 35 26 35
26 33 26 35
5 34 7 34
7 34 7 36
3 33 7 33
7 33 10 33
12 32 13 32
13 30 13 32
1 31 1 33
1 31 2 31
34 29 34 31
34 31 35 31
35 28 36 28
36 28 36 29
25 28 25 29
25 29 25 33
33 22 33 25
33 22 35 22
14 17 16 17
16 17 18 17
7 17 7 19
7 19 7 24
4 13 4 16
4 16 8 16
24 7 26 7
26 6 26 7
2 6 2 7
2 7 2 9
23 3 23 7
23 3 24 3
9 2 14 2
14 2 14 3
27 0 27 4
27 0 29 0
0 38 3 38
23 37 25 37
19 36 22 36
11 35 11 36
4 35 6 35
0 35 0 37
12 34 15 34
28 33 28 36
19 33 19 35
29 32 29 34
27 32 27 34
18 32 21 32
32 29 32 30
20 27 22 27
17 27 18 27
24 26 24 29
19 26 19 31
15 26 15 27
9 26 9 27
2 26 2 27
17 25 17 26
24 23 27 23
16 23 16 25
29 21 33 21
21 21 21 25
1 21 1 26
34 20 37 20
23 20 25 20
15 20 17 20
28 19 28 23
20 19 23 19
11 17 11 19
28 15 28 16
22 15 24 15
27 14 27 15
18 14 24 14
10 13 12 13
0 13 0 14
2 11 2 12
37 10 37 12
21 9 21 10
9 9 9 10
0 9 0 10
28 8 34 8
26 8 26 10
23 8 25 8
19 8 21 8
7 8 7 9
3 7 4 7
18 6 18 9
9 4 10 4
36 3 38 3
30 3 32 3
11 3 11 8
26 2 26 4
6 2 6 8
18 0 19 0
9
31 3 32 3
28 7 28 8
7 18 8 18
9 18 10 18
27 33 27 32
22 35 22 34
5 35 4 35
26 9 25 9
27 10 28 10
171
13 18 17 18
17 18 20 18
19 17 20 17
19 19 19 20
20 16 20 17
20 17 20 18
8 7 8 8
8 7 10 7
8 8 10 8
10 8 10 11
10 11 11 11
11 11 13 11
30 33 30 36
30 33 35 33
30 36 31 36
35 33 35 37
35 37 35 38
28 17 28 18
28 18 29 18
29 14 29 18
29 18 30 18
30 18 34 18
27 7 27 9
27 7 29 7
27 9 27 11
27 9 31 9
27 11 29 11
12 6 12 9
12 9 12 10
12 10 17 10
16 16 17 16
17 10 17 16
18 2 18 5
18 5 19 5
19 5 21 5
21 1 21 5
21 5 21 7
0 30 1 30
1 30 3 30
3 19 3 30
3 30 8 30
35 23 35 24
35 24 35 27
35 24 37 24
37 24 37 26
15 21 18 21
17 24 19 24
18 21 19 21
19 21 19 24
33 13 33 14
33 14 35 14
35 11 35 14
35 14 35 18
21 35 23 35
23 30 23 34
23 34 23 35
23 23 23 24
23 24 24 24
24 24 26 24
2 17 2 20
2 17 3 17
3 17 5 17
8 19 10 19
10 16 10 18
10 18 10 19
19 13 20 13
20 13 29 13
29 12 29 13
5 3 5 14
5 14 12 14
12 14 12 29
25 0 25 5
25 0 26 0
25 5 29 5
16 38 17 38
17 36 17 38
8 38 10 38
10 35 10 38
3 36 4 36
4 36 4 38
25 35 26 35
26 33 26 35
5 34 7 34
7 34 7 36
3 33 7 33
7 33 10 33
12 32 13 32
13 30 13 32
1 31 1 33
1 31 2 31
34 29 34 31
34 31 35 31
35 28 36 28
36 28 36 29
25 28 25 29
25 29 25 33
33 22 33 25
33 22 35 22
14 17 16 17
16 17 18 17
7 17 7 19
7 19 7 24
4 13 4 16
4 16 8 16
24 7 26 7
26 6 26 7
2 6 2 7
2 7 2 9
23 3 23 7
23 3 24 3
9 2 14 2
14 2 14 3
27 0 27 4
27 0 29 0
0 38 3 38
23 37 25 37
19 36 22 36
11 35 11 36
4 35 6 35
0 35 0 37
12 34 15 34
28 33 28 36
19 33 19 35
29 32 29 34
27 32 27 34
18 32 21 32
32 29 32 30
20 27 22 27
17 27 18 27
24 26 24 29
19 26 19 31
15 26 15 27
9 26 9 27
2 26 2 27
17 25 17 26
24 23 27 23
16 23 16 25
29 21 33 21
21 21 21 25
1 21 1 26
34 20 37 20
23 20 25 20
15 20 17 20
28 19 28 23
20 19 23 19
11 17 11 19
28 15 28 16
22 15 24 15
27 14 27 15
18 14 24 14
10 13 12 13
0 13 0 14
2 11 2 12
37 10 37 12
21 9 21 10
9 9 9 10
0 9 0 10
28 8 34 8
26 8 26 10
23 8 25 8
19 8 21 8
7 8 7 9
3 7 4 7
18 6 18 9
9 4 10 4
36 3 38 3
30 3 32 3
11 3 11 8
26 2 26 4
6 2 6 8
18 0 19 0
10
31 3 32 3
28 7 28 8
7 18 8 18
9 18 10 18
27 33 27 32
22 35 22 34
5 35 4 35
26 9 25 9
27 10 28 10
26 7 25 7
170
13 18 17 18
17 18 20 18
19 17 20 17
19 19 19 20
20 16 20 17
20 17 20 18
8 7 8 8
8 7 10 7
8 8 10 8
10 8 10 11
10 11 11 11
11 11 13 11
30 33 30 36
30 33 35 33
30 36 31 36
35 33 35 37
35 37 35 38
28 17 28 18
28 18 29 18
29 14 29 18
29 18 30 18
30 18 34 18
27 7 27 9
27 7 29 7
27 9 27 11
27 9 31 9
27 11 29 11
12 6 12 9
12 9 12 10
12 10 17 10
16 16 17 16
17 10 17 16
18 2 18 5
18 5 19 5
19 5 21 5
21 1 21 5
21 5 21 7
0 30 1 30
1 30 3 30
3 19 3 30
3 30 8 30
35 23 35 24
35 24 35 27
35 24 37 24
37 24 37 26
15 21 18 21
17 24 19 24
18 21 19 21
19 21 19 24
33 13 33 14
33 14 35 14
35 11 35 14
35 14 35 18
21 35 23 35
23 30 23 34
23 34 23 35
23 23 23 24
23 24 24 24
24 24 26 24
2 17 2 20
2 17 3 17
3 17 5 17
8 19 10 19
10 16 10 18
10 18 10 19
19 13 20 13
20 13 29 13
29 12 29 13
5 3 5 14
5 14 12 14
12 14 12 29
25 0 25 5
25 0 26 0
25 5 29 5
16 38 17 38
17 36 17 38
8 38 10 38
10 35 10 38
3 36 4 36
4 36 4 38
25 35 26 35
26 33 26 35
5 34 7 34
7 34 7 36
3 33 7 33
7 33 10 33
12 32 13 32
13 30 13 32
1 31 1 33
1 31 2 31
34 29 34 31
34 31 35 31
35 28 36 28
36 28 36 29
25 28 25 29
25 29 25 33
33 22 33 25
33 22 35 22
14 17 16 17
16 17 18 17
7 17 7 19
7 19 7 24
4 13 4 16
4 16 8 16
2 6 2 7
2 7 2 9
23 3 23 7
23 3 24 3
9 2 14 2
14 2 14 3
27 0 27 4
27 0 29 0
0 38 3 38
23 37 25 37
19 36 22 36
11 35 11 36
4 35 6 35
0 35 0 37
12 34 15 34
28 33 28 36
19 33 19 35
29 32 29 34
27 32 27 34
18 32 21 32
32 29 32 30
20 27 22 27
17 27 18 27
24 26 24 29
19 26 19 31
15 26 15 27
9 26 9 27
2 26 2 27
17 25 17 26
24 23 27 23
16 23 16 25
29 21 33 21
21 21 21 25
1 21 1 26
34 20 37 20
23 20 25 20
15 20 17 20
28 19 28 23
20 19 23 19
11 17 11 19
28 15 28 16
22 15 24 15
27 14 27 15
18 14 24 14
10 13 12 13
0 13 0 14
2 11 2 12
37 10 37 12
21 9 21 10
9 9 9 10
0 9 0 10
28 8 34 8
26 8 26 10
23 8 25 8
19 8 21 8
7 8 7 9
24 7 25 7
3 7 4 7
18 6 18 9
9 4 10 4
36 3 38 3
30 3 32 3
11 3 11 8
26 2 26 4
6 2 6 8
18 0 19 0
11
31 3 32 3
28 7 28 8
7 18 8 18
9 18 10 18
27 33 27 32
22 35 22 34
5 35 4 35
26 9 25 9
27 10 28 10
26 7 25 7
25 8 24 8
171
13 18 17 18
17 18 20 18
19 17 20 17
19 19 19 20
20 16 20 17
20 17 20 18
8 7 8 8
8 7 10 7
8 8 10 8
10 8 10 11
10 11 11 11
11 11 13 11
30 33 30 36
30 33 35 33
30 36 31 36
35 33 35 37
35 37 35 38
28 17 28 18
28 18 29 18
29 14 29 18
29 18 30 18
30 18 34 18
27 7 27 9
27 7 29 7
27 9 27 11
27 9 31 9
27 11 29 11
12 6 12 9
12 9 12 10
12 10 17 10
16 16 17 16
17 10 17 16
18 2 18 5
18 5 19 5
19 5 21 5
21 1 21 5
21 5 21 7
0 30 1 30
1 30 3 30
3 19 3 30
3 30 8 30
35 23 35 24
35 24 35 27
35 24 37 24
37 24 37 26
15 21 18 21
17 24 19 24
18 21 19 21
19 21 19 24
33 13 33 14
33 14 35 14
35 11 35 14
35 14 35 18
21 35 23 35
23 30 23 34
23 34 23 35
23 23 23 24
23 24 24 24
24 24 26 24
2 17 2 20
2 17 3 17
3 17 5 17
8 19 10 19
10 16 10 18
10 18 10 19
19 13 20 13
20 13 29 13
29 12 29 13
5 3 5 14
5 14 12 14
12 14 12 29
25 0 25 5
25 0 26 0
25 5 29 5
16 38 17 38
17 36 17 38
8 38 10 38
10 35 10 38
3 36 4 36
4 36 4 38
25 35 26 35
26 33 26 35
5 34 7 34
7 34 7 36
3 33 7 33
7 33 10 33
12 32 13 32
13 30 13 32
1 31 1 33
1 31 2 31
34 29 34 31
34 31 35 31
35 28 36 28
36 28 36 29
25 28 25 29
25 29 25 33
33 22 33 25
33 22 35 22
14 17 16 17
16 17 18 17
7 17 7 19
7 19 7 24
4 13 4 16
4 16 8 16
24 7 25 7
25 7 25 9
2 6 2 7
2 7 2 9
23 3 23 7
23 3 24 3
9 2 14 2
14 2 14 3
27 0 27 4
27 0 29 0
0 38 3 38
23 37 25 37
19 36 22 36
11 35 11 36
4 35 6 35
0 35 0 37
12 34 15 34
28 33 28 36
19 33 19 35
29 32 29 34
27 32 27 34
18 32 21 32
32 29 32 30
20 27 22 27
17 27 18 27
24 26 24 29
19 26 19 31
15 26 15 27
9 26 9 27
2 26 2 27
17 25 17 26
24 23 27 23
16 23 16 25
29 21 33 21
21 21 21 25
1 21 1 26
34 20 37 20
23 20 25 20
15 20 17 20
28 19 28 23
20 19 23 19
11 17 11 19
28 15 28 16
22 15 24 15
27 14 27 15
18 14 24 14
10 13 12 13
0 13 0 14
2 11 2 12
37 10 37 12
21 9 21 10
9 9 9 10
0 9 0 10
28 8 34 8
26 8 26 10
23 8 24 8
19 8 21 8
7 8 7 9
3 7 4 7
18 6 18 9
9 4 10 4
36 3 38 3
30 3 32 3
11 3 11 8
26 2 26 4
6 2 6 8
18 0 19 0
12
31 3 32 3
28 7 28 8
7 18 8 18
9 18 10 18
27 33 27 32
22 35 22 34
5 35 4 35
26 9 25 9
27 10 28 10
26 7 25 7
25 8 24 8
24 7 24 6
171
13 18 17 18
17 18 20 18
19 17 20 17
19 19 19 20
20 16 20 17
20 17 20 18
8 7 8 8
8 7 10 7
8 8 10 8
10 8 10 11
10 11 11 11
11 11 13 11
30 33 30 36
30 33 35 33
30 36 31 36
35 33 35 37
35 37 35 38
28 17 28 18
28 18 29 18
29 14 29 18
29 18 30 18
30 18 34 18
27 7 27 9
27 7 29 7
27 9 27 11
27 9 31 9
27 11 29 11
12 6 12 9
12 9 12 10
12 10 17 10
16 16 17 16
17 10 17 16
18 2 18 5
18 5 19 5
19 5 21 5
21 1 21 5
21 5 21 7
0 30 1 30
1 30 3 30
3 19 3 30
3 30 8 30
35 23 35 24
35 24 35 27
35 24 37 24
37 24 37 26
15 21 18 21
17 24 19 24
18 21 19 21
19 21 19 24
33 13 33 14
33 14 35 14
35 11 35 14
35 14 35 18
21 35 23 35
23 30 23 34
23 34 23 35
23 23 23 24
23 24 24 24
24 24 26 24
2 17 2 20
2 17 3 17
3 17 5 17
8 19 10 19
10 16 10 18
10 18 10 19
19 13 20 13
20 13 29 13
29 12 29 13
5 3 5 14
5 14 12 14
12 14 12 29
25 0 25 5
25 0 26 0
25 5 29 5
16 38 17 38
17 36 17 38
8 38 10 38
10 35 10 38
3 36 4 36
4 36 4 38
25 35 26 35
26 33 26 35
5 34 7 34
7 34 7 36
3 33 7 33
7 33 10 33
12 32 13 32
13 30 13 32
1 31 1 33
1 31 2 31
34 29 34 31
34 31 35 31
35 28 36 28
36 28 36 29
25 28 25 29
25 29 25 33
33 22 33 25
33 22 35 22
14 17 16 17
16 17 18 17
7 17 7 19
7 19 7 24
4 13 4 16
4 16 8 16
2 6 2 7
2 7 2 9
23 3 23 7
23 3 24 3
9 2 14 2
14 2 14 3
27 0 27 4
27 0 29 0
0 38 3 38
23 37 25 37
19 36 22 36
11 35 11 36
4 35 6 35
0 35 0 37
12 34 15 34
28 33 28 36
19 33 19 35
29 32 29 34
27 32 27 34
18 32 21 32
32 29 32 30
20 27 22 27
17 27 18 27
24 26 24 29
19 26 19 31
15 26 15 27
9 26 9 27
2 26 2 27
17 25 17 26
24 23 27 23
16 23 16 25
29 21 33 21
21 21 21 25
1 21 1 26
34 20 37 20
23 20 25 20
15 20 17 20
28 19 28 23
20 19 23 19
11 17 11 19
28 15 28 16
22 15 24 15
27 14 27 15
18 14 24 14
10 13 12 13
0 13 0 14
2 11 2 12
37 10 37 12
21 9 21 10
9 9 9 10
0 9 0 10
28 8 34 8
26 8 26 10
23 8 24 8
19 8 21 8
7 8 7 9
25 7 25 9
3 7 4 7
24 6 26 6
18 6 18 9
9 4 10 4
36 3 38 3
30 3 32 3
11 3 11 8
26 2 26 4
6 2 6 8
18 0 19 0
13
31 3 32 3
28 7 28 8
7 18 8 18
9 18 10 18
27 33 27 32
22 35 22 34
5 35 4 35
26 9 25 9
27 10 28 10
26 7 25 7
25 8 24 8
24 7 24 6
23 8 22 8
171
13 18 17 18
17 18 20 18
19 17 20 17
19 19 19 20
20 16 20 17
20 17 20 18
8 7 8 8
8 7 10 7
8 8 10 8
10 8 10 11
10 11 11 11
11 11 13 11
30 33 30 36
30 33 35 33
30 36 31 36
35 33 35 37
35 37 35 38
28 17 28 18
28 18 29 18
29 14 29 18
29 18 30 18
30 18 34 18
27 7 27 9
27 7 29 7
27 9 27 11
27 9 31 9
27 11 29 11
12 6 12 9
12 9 12 10
12 10 17 10
16 16 17 16
17 10 17 16
18 2 18 5
18 5 19 5
19 5 21 5
21 1 21 5
21 5 21 7
0 30 1 30
1 30 3 30
3 19 3 30
3 30 8 30
35 23 35 24
35 24 35 27
35 24 37 24
37 24 37 26
15 21 18 21
17 24 19 24
18 21 19 21
19 21 19 24
33 13 33 14
33 14 35 14
35 11 35 14
35 14 35 18
21 35 23 35
23 30 23 34
23 34 23 35
23 23 23 24
23 24 24 24
24 24 26 24
2 17 2 20
2 17 3 17
3 17 5 17
8 19 10 19
10 16 10 18
10 18 10 19
19 13 20 13
20 13 29 13
29 12 29 13
23 3 23 7
23 3 24 3
23 7 23 9
5 3 5 14
5 14 12 14
12 14 12 29
25 0 25 5
25 0 26 0
25 5 29 5
16 38 17 38
17 36 17 38
8 38 10 38
10 35 10 38
3 36 4 36
4 36 4 38
25 35 26 35
26 33 26 35
5 34 7 34
7 34 7 36
3 33 7 33
7 33 10 33
12 32 13 32
13 30 13 32
1 31 1 33
1 31 2 31
34 29 34 31
34 31 35 31
35 28 36 28
36 28 36 29
25 28 25 29
25 29 25 33
33 22 33 25
33 22 35 22
14 17 16 17
16 17 18 17
7 17 7 19
7 19 7 24
4 13 4 16
4 16 8 16
2 6 2 7
2 7 2 9
9 2 14 2
14 2 14 3
27 0 27 4
27 0 29 0
0 38 3 38
23 37 25 37
19 36 22 36
11 35 11 36
4 35 6 35
0 35 0 37
12 34 15 34
28 33 28 36
19 33 19 35
29 32 29 34
27 32 27 34
18 32 21 32
32 29 32 30
20 27 22 27
17 27 18 27
24 26 24 29
19 26 19 31
15 26 15 27
9 26 9 27
2 26 2 27
17 25 17 26
24 23 27 23
16 23 16 25
29 21 33 21
21 21 21 25
1 21 1 26
34 20 37 20
23 20 25 20
15 20 17 20
28 19 28 23
20 19 23 19
11 17 11 19
28 15 28 16
22 15 24 15
27 14 27 15
18 14 24 14
10 13 12 13
0 13 0 14
2 11 2 12
37 10 37 12
21 9 21 10
9 9 9 10
0 9 0 10
28 8 34 8
26 8 26 10
19 8 21 8
7 8 7 9
25 7 25 9
3 7 4 7
24 6 26 6
18 6 18 9
9 4 10 4
36 3 38 3
30 3 32 3
11 3 11 8
26 2 26 4
6 2 6 8
18 0 19 0
14
31 3 32 3
28 7 28 8
7 18 8 18
9 18 10 18
27 33 27 32
22 35 22 34
5 35 4 35
26 9 25 9
27 10 28 10
26 7 25 7
25 8 24 8
24 7 24 6
23 8 22 8
26 8 26 9
171
13 18 17 18
17 18 20 18
19 17 20 17
19 19 19 20
20 16 20 17
20 17 20 18
8 7 8 8
8 7 10 7
8 8 10 8
10 8 10 11
10 11 11 11
11 11 13 11
30 33 30 36
30 33 35 33
30 36 31 36
35 33 35 37
35 37 35 38
28 17 28 18
28 18 29 18
29 14 29 18
29 18 30 18
30 18 34 18
27 7 27 9
27 7 29 7
27 9 27 11
27 9 31 9
27 11 29 11
12 6 12 9
12 9 12 10
12 10 17 10
16 16 17 16
17 10 17 16
18 2 18 5
18 5 19 5
19 5 21 5
21 1 21 5
21 5 21 7
0 30 1 30
1 30 3 30
3 19 3 30
3 30 8 30
35 23 35 24
35 24 35 27
35 24 37 24
37 24 37 26
15 21 18 21
17 24 19 24
18 21 19 21
19 21 19 24
33 13 33 14
33 14 35 14
35 11 35 14
35 14 35 18
21 35 23 35
23 30 23 34
23 34 23 35
23 23 23 24
23 24 24 24
24 24 26 24
2 17 2 20
2 17 3 17
3 17 5 17
8 19 10 19
10 16 10 18
10 18 10 19
19 13 20 13
20 13 29 13
29 12 29 13
23 3 23 7
23 3 24 3
23 7 23 9
5 3 5 14
5 14 12 14
12 14 12 29
25 0 25 5
25 0 26 0
25 5 29 5
16 38 17 38
17 36 17 38
8 38 10 38
10 35 10 38
3 36 4 36
4 36 4 38
25 35 26 35
26 33 26 35
5 34 7 34
7 34 7 36
3 33 7 33
7 33 10 33
12 32 13 32
13 30 13 32
1 31 1 33
1 31 2 31
34 29 34 31
34 31 35 31
35 28 36 28
36 28 36 29
25 28 25 29
25 29 25 33
33 22 33 25
33 22 35 22
14 17 16 17
16 17 18 17
7 17 7 19
7 19 7 24
4 13 4 16
4 16 8 16
2 6 2 7
2 7 2 9
9 2 14 2
14 2 14 3
27 0 27 4
27 0 29 0
0 38 3 38
23 37 25 37
19 36 22 36
11 35 11 36
4 35 6 35
0 35 0 37
12 34 15 34
28 33 28 36
19 33 19 35
29 32 29 34
27 32 27 34
18 32 21 32
32 29 32 30
20 27 22 27
17 27 18 27
24 26 24 29
19 26 19 31
15 26 15 27
9 26 9 27
2 26 2 27
17 25 17 26
24 23 27 23
16 23 16 25
29 21 33 21
21 21 21 25
1 21 1 26
34 20 37 20
23 20 25 20
15 20 17 20
28 19 28 23
20 19 23 19
11 17 11 19
28 15 28 16
22 15 24 15
27 14 27 15
18 14 24 14
10 13 12 13
0 13 0 14
2 11 2 12
37 10 37 12
26 9 26 10
21 9 21 10
9 9 9 10
0 9 0 10
28 8 34 8
19 8 21 8
7 8 7 9
25 7 25 9
3 7 4 7
24 6 26 6
18 6 18 9
9 4 10 4
36 3 38 3
30 3 32 3
11 3 11 8
26 2 26 4
6 2 6 8
18 0 19 0
15
31 3 32 3
28 7 28 8
7 18 8 18
9 18 10 18
27 33 27 32
22 35 22 34
5 35 4 35
26 9 25 9
27 10 28 10
26 7 25 7
25 8 24 8
24 7 24 6
23 8 22 8
26 8 26 9
26 9 26 8
171
13 18 17 18
17 18 20 18
19 17 20 17
19 19 19 20
20 16 20 17
20 17 20 18
8 7 8 8
8 7 10 7
8 8 10 8
10 8 10 11
10 11 11 11
11 11 13 11
30 33 30 36
30 33 35 33
30 36 31 36
35 33 35 37
35 37 35 38
28 17 28 18
28 18 29 18
29 14 29 18
29 18 30 18
30 18 34 18
27 7 27 9
27 7 29 7
27 9 27 11
27 9 31 9
27 11 29 11
12 6 12 9
12 9 12 10
12 10 17 10
16 16 17 16
17 10 17 16
18 2 18 5
18 5 19 5
19 5 21 5
21 1 21 5
21 5 21 7
0 30 1 30
1 30 3 30
3 19 3 30
3 30 8 30
35 23 35 24
35 24 35 27
35 24 37 24
37 24 37 26
15 21 18 21
17 24 19 24
18 21 19 21
19 21 19 24
33 13 33 14
33 14 35 14
35 11 35 14
35 14 35 18
21 35 23 35
23 30 23 34
23 34 23 35
23 23 23 24
23 24 24 24
24 24 26 24
2 17 2 20
2 17 3 17
3 17 5 17
8 19 10 19
10 16 10 18
10 18 10 19
19 13 20 13
20 13 29 13
29 12 29 13
23 3 23 7
23 3 24 3
23 7 23 9
5 3 5 14
5 14 12 14
12 14 12 29
25 0 25 5
25 0 26 0
25 5 29 5
16 38 17 38
17 36 17 38
8 38 10 38
10 35 10 38
3 36 4 36
4 36 4 38
25 35 26 35
26 33 26 35
5 34 7 34
7 34 7 36
3 33 7 33
7 33 10 33
12 32 13 32
13 30 13 32
1 31 1 33
1 31 2 31
34 29 34 31
34 31 35 31
35 28 36 28
36 28 36 29
25 28 25 29
25 29 25 33
33 22 33 25
33 22 35 22
14 17 16 17
16 17 18 17
7 17 7 19
7 19 7 24
4 13 4 16
4 16 8 16
2 6 2 7
2 7 2 9
9 2 14 2
14 2 14 3
27 0 27 4
27 0 29 0
0 38 3 38
23 37 25 37
19 36 22 36
11 35 11 36
4 35 6 35
0 35 0 37
12 34 15 34
28 33 28 36
19 33 19 35
29 32 29 34
27 32 27 34
18 32 21 32
32 29 32 30
20 27 22 27
17 27 18 27
24 26 24 29
19 26 19 31
15 26 15 27
9 26 9 27
2 26 2 27
17 25 17 26
24 23 27 23
16 23 16 25
29 21 33 21
21 21 21 25
1 21 1 26
34 20 37 20
23 20 25 20
15 20 17 20
28 19 28 23
20 19 23 19
11 17 11 19
28 15 28 16
22 15 24 15
27 14 27 15
18 14 24 14
10 13 12 13
0 13 0 14
2 11 2 12
37 10 37 12
21 9 21 10
9 9 9 10
0 9 0 10
28 8 34 8
26 8 26 10
19 8 21 8
7 8 7 9
25 7 25 9
3 7 4 7
24 6 26 6
18 6 18 9
9 4 10 4
36 3 38 3
30 3 32 3
11 3 11 8
26 2 26 4
6 2 6 8
18 0 19 0
16
31 3 32 3
28 7 28 8
7 18 8 18
9 18 10 18
27 33 27 32
22 35 22 34
5 35 4 35
26 9 25 9
27 10 28 10
26 7 25 7
25 8 24 8
24 7 24 6
23 8 22 8
26 8 26 9
26 9 26 8
26 8 26 9
171
13 18 17 18
17 18 20 18
19 17 20 17
19 19 19 20
20 16 20 17
20 17 20 18
8 7 8 8
8 7 10 7
8 8 10 8
10 8 10 11
10 11 11 11
11 11 13 11
30 33 30 36
30 33 35 33
30 36 31 36
35 33 35 37
35 37 35 38
28 17 28 18
28 18 29 18
29 14 29 18
29 18 30 18
30 18 34 18
27 7 27 9
27 7 29 7
27 9 27 11
27 9 31 9
27 11 29 11
12 6 12 9
12 9 12 10
12 10 17 10
16 16 17 16
17 10 17 16
18 2 18 5
18 5 19 5
19 5 21 5
21 1 21 5
21 5 21 7
0 30 1 30
1 30 3 30
3 19 3 30
3 30 8 30
35 23 35 24
35 24 35 27
35 24 37 24
37 24 37 26
15 21 18 21
17 24 19 24
18 21 19 21
19 21 19 24
33 13 33 14
33 14 35 14
35 11 35 14
35 14 35 18
21 35 23 35
23 30 23 34
23 34 23 35
23 23 23 24
23 24 24 24
24 24 26 24
2 17 2 20
2 17 3 17
3 17 5 17
8 19 10 19
10 16 10 18
10 18 10 19
19 13 20 13
20 13 29 13
29 12 29 13
23 3 23 7
23 3 24 3
23 7 23 9
5 3 5 14
5 14 12 14
12 14 12 29
25 0 25 5
25 0 26 0
25 5 29 5
16 38 17 38
17 36 17 38
8 38 10 38
10 35 10 38
3 36 4 36
4 36 4 38
25 35 26 35
26 33 26 35
5 34 7 34
7 34 7 36
3 33 7 33
7 33 10 33
12 32 13 32
13 30 13 32
1 31 1 33
1 31 2 31
34 29 34 31
34 31 35 31
35 28 36 28
36 28 36 29
25 28 25 29
25 29 25 33
33 22 33 25
33 22 35 22
14 17 16 17
16 17 18 17
7 17 7 19
7 19 7 24
4 13 4 16
4 16 8 16
2 6 2 7
2 7 2 9
9 2 14 2
14 2 14 3
27 0 27 4
27 0 29 0
0 38 3 38
23 37 25 37
19 36 22 36
11 35 11 36
4 35 6 35
0 35 0 37
12 34 15 34
28 33 28 36
19 33 19 35
29 32 29 34
27 32 27 34
18 32 21 32
32 29 32 30
20 27 22 27
17 27 18 27
24 26 24 29
19 26 19 31
15 26 15 27
9 26 9 27
2 26 2 27
17 25 17 26
24 23 27 23
16 23 16 25
29 21 33 21
21 21 21 25
1 21 1 26
34 20 37 20
23 20 25 20
15 20 17 20
28 19 28 23
20 19 23 19
11 17 11 19
28 15 28 16
22 15 24 15
27 14 27 15
18 14 24 14
10 13 12 13
0 13 0 14
2 11 2 12
37 10 37 12
26 9 26 10
21 9 21 10
9 9 9 10
0 9 0 10
28 8 34 8
19 8 21 8
7 8 7 9
25 7 25 9
3 7 4 7
24 6 26 6
18 6 18 9
9 4 10 4
36 3 38 3
30 3 32 3
11 3 11 8
26 2 26 4
6 2 6 8
18 0 19 0
17
31 3 32 3
28 7 28 8
7 18 8 18
9 18 10 18
27 33 27 32
22 35 22 34
5 35 4 35
26 9 25 9
27 10 28 10
26 7 25 7
25 8 24 8
24 7 24 6
23 8 22 8
26 8 26 9
26 9 26 8
26 8 26 9
26 9 26 8
171
13 18 17 18
17 18 20 18
19 17 20 17
19 19 19 20
20 16 20 17
20 17 20 18
8 7 8 8
8 7 10 7
8 8 10 8
10 8 10 11
10 11 11 11
11 11 13 11
30 33 30 36
30 33 35 33
30 36 31 36
35 33 35 37
35 37 35 38
28 17 28 18
28 18 29 18
29 14 29 18
29 18 30 18
30 18 34 18
27 7 27 9
27 7 29 7
27 9 27 11
27 9 31 9
27 11 29 11
12 6 12 9
12 9 12 10
12 10 17 10
16 16 17 16
17 10 17 16
18 2 18 5
18 5 19 5
19 5 21 5
21 1 21 5
21 5 21 7
0 30 1 30
1 30 3 30
3 19 3 30
3 30 8 30
35 23 35 24
35 24 35 27
35 24 37 24
37 24 37 26
15 21 18 21
17 24 19 24
18 21 19 21
19 21 19 24
33 13 33 14
33 14 35 14
35 11 35 14
35 14 35 18
21 35 23 35
23 30 23 34
23 34 23 35
23 23 23 24
23 24 24 24
24 24 26 24
2 17 2 20
2 17 3 17
3 17 5 17
8 19 10 19
10 16 10 18
10 18 10 19
19 13 20 13
20 13 29 13
29 12 29 13
23 3 23 7
23 3 24 3
23 7 23 9
5 3 5 14
5 14 12 14
12 14 12 29
25 0 25 5
25 0 26 0
25 5 29 5
16 38 17 38
17 36 17 38
8 38 10 38
10 35 10 38
3 36 4 36
4 36 4 38
25 35 26 35
26 33 26 35
5 34 7 34
7 34 7 36
3 33 7 33
7 33 10 33
12 32 13 32
13 30 13 32
1 31 1 33
1 31 2 31
34 29 34 31
34 31 35 31
35 28 36 28
36 28 36 29
25 28 25 29
25 29 25 33
33 22 33 25
33 22 35 22
14 17 16 17
16 17 18 17
7 17 7 19
7 19 7 24
4 13 4 16
4 16 8 16
2 6 2 7
2 7 2 9
9 2 14 2
14 2 14 3
27 0 27 4
27 0 29 0
0 38 3 38
23 37 25 37
19 36 22 36
11 35 11 36
4 35 6 35
0 35 0 37
12 34 15 34
28 33 28 36
19 33 19 35
29 32 29 34
27 32 27 34
18 32 21 32
32 29 32 30
20 27 22 27
17 27 18 27
24 26 24 29
19 26 19 31
15 26 15 27
9 26 9 27
2 26 2 27
17 25 17 26
24 23 27 23
16 23 16 25
29 21 33 21
21 21 21 25
1 21 1 26
34 20 37 20
23 20 25 20
15 20 17 20
28 19 28 23
20 19 23 19
11 17 11 19
28 15 28 16
22 15 24 15
27 14 27 15
18 14 24 14
10 13 12 13
0 13 0 14
2 11 2 12
37 10 37 12
21 9 21 10
9 9 9 10
0 9 0 10
28 8 34 8
26 8 26 10
19 8 21 8
7 8 7 9
25 7 25 9
3 7 4 7
24 6 26 6
18 6 18 9
9 4 10 4
36 3 38 3
30 3 32 3
11 3 11 8
26 2 26 4
6 2 6 8
18 0 19 0
18
31 3 32 3
28 7 28 8
7 18 8 18
9 18 10 18
27 33 27 32
22 35 22 34
5 35 4 35
26 9 25 9
27 10 28 10
26 7 25 7
25 8 24 8
24 7 24 6
23 8 22 8
26 8 26 9
26 9 26 8
26 8 26 9
26 9 26 8
26 8 26 9
171
13 18 17 18
17 18 20 18
19 17 20 17
19 19 19 20
20 16 20 17
20 17 20 18
8 7 8 8
8 7 10 7
8 8 10 8
10 8 10 11
10 11 11 11
11 11 13 11
30 33 30 36
30 33 35 33
30 36 31 36
35 33 35 37
35 37 35 38
28 17 28 18
28 18 29 18
29 14 29 18
29 18 30 18
30 18 34 18
27 7 27 9
27 7 29 7
27 9 27 11
27 9 31 9
27 11 29 11
12 6 12 9
12 9 12 10
12 10 17 10
16 16 17 16
17 10 17 16
18 2 18 5
18 5 19 5
19 5 21 5
21 1 21 5
21 5 21 7
0 30 1 30
1 30 3 30
3 19 3 30
3 30 8 30
35 23 35 24
35 24 35 27
35 24 37 24
37 24 37 26
15 21 18 21
17 24 19 24
18 21 19 21
19 21 19 24
33 13 33 14
33 14 35 14
35 11 35 14
35 14 35 18
21 35 23 35
23 30 23 34
23 34 23 35
23 23 23 24
23 24 24 24
24 24 26 24
2 17 2 20
2 17 3 17
3 17 5 17
8 19 10 19
10 16 10 18
10 18 10 19
19 13 20 13
20 13 29 13
29 12 29 13
23 3 23 7
23 3 24 3
23 7 23 9
5 3 5 14
5 14 12 14
12 14 12 29
25 0 25 5
25 0 26 0
25 5 29 5
16 38 17 38
17 36 17 38
8 38 10 38
10 35 10 38
3 36 4 36
4 36 4 38
25 35 26 35
26 33 26 35
5 34 7 34
7 34 7 36
3 33 7 33
7 33 10 33
12 32 13 32
13 30 13 32
1 31 1 33
1 31 2 31
34 29 34 31
34 31 35 31
35 28 36 28
36 28 36 29
25 28 25 29
25 29 25 33
33 22 33 25
33 22 35 22
14 17 16 17
16 17 18 17
7 17 7 19
7 19 7 24
4 13 4 16
4 16 8 16
2 6 2 7
2 7 2 9
9 2 14 2
14 2 14 3
27 0 27 4
27 0 29 0
0 38 3 38
23 37 25 37
19 36 22 36
11 35 11 36
4 35 6 35
0 35 0 37
12 34 15 34
28 33 28 36
19 33 19 35
29 32 29 34
27 32 27 34
18 32 21 32
32 29 32 30
20 27 22 27
17 27 18 27
24 26 24 29
19 26 19 31
15 26 15 27
9 26 9 27
2 26 2 27
17 25 17 26
24 23 27 23
16 23 16 25
29 21 33 21
21 21 21 25
1 21 1 26
34 20 37 20
23 20 25 20
15 20 17 20
28 19 28 23
20 19 23 19
11 17 11 19
28 15 28 16
22 15 24 15
27 14 27 15
18 14 24 14
10 13 12 13
0 13 0 14
2 11 2 12
37 10 37 12
26 9 26 10
21 9 21 10
9 9 9 10
0 9 0 10
28 8 34 8
19 8 21 8
7 8 7 9
25 7 25 9
3 7 4 7
24 6 26 6
18 6 18 9
9 4 10 4
36 3 38 3
30 3 32 3
11 3 11 8
26 2 26 4
6 2 6 8
18 0 19 0
19
31 3 32 3
28 7 28 8
7 18 8 18
9 18 10 18
27 33 27 32
22 35 22 34
5 35 4 35
26 9 25 9
27 10 28 10
26 7 25 7
25 8 24 8
24 7 24 6
23 8 22 8
26 8 26 9
26 9 26 8
26 8 26 9
26 9 26 8
26 8 26 9
26 9 26 8
171
13 18 17 18
17 18 20 18
19 17 20 17
19 19 19 20
20 16 20 17
20 17 20 18
8 7 8 8
8 7 10 7
8 8 10 8
10 8 10 11
10 11 11 11
11 11 13 11
30 33 30 36
30 33 35 33
30 36 31 36
35 33 35 37
35 37 35 38
28 17 28 18
28 18 29 18
29 14 29 18
29 18 30 18
30 18 34 18
27 7 27 9
27 7 29 7
27 9 27 11
27 9 31 9
27 11 29 11
12 6 12 9
12 9 12 10
12 10 17 10
16 16 17 16
17 10 17 16
18 2 18 5
18 5 19 5
19 5 21 5
21 1 21 5
21 5 21 7
0 30 1 30
1 30 3 30
3 19 3 30
3 30 8 30
35 23 35 24
35 24 35 27
35 24 37 24
37 24 37 26
15 21 18 21
17 24 19 24
18 21 19 21
19 21 19 24
33 13 33 14
33 14 35 14
35 11 35 14
35 14 35 18
21 35 23 35
23 30 23 34
23 34 23 35
23 23 23 24
23 24 24 24
24 24 26 24
2 17 2 20
2 17 3 17
3 17 5 17
8 19 10 19
10 16 10 18
10 18 10 19
19 13 20 13
20 13 29 13
29 12 29 13
23 3 23 7
23 3 24 3
23 7 23 9
5 3 5 14
5 14 12 14
12 14 12 29
25 0 25 5
25 0 26 0
25 5 29 5
16 38 17 38
17 36 17 38
8 38 10 38
10 35 10 38
3 36 4 36
4 36 4 38
25 35 26 35
26 33 26 35
5 34 7 34
7 34 7 36
3 33 7 33
7 33 10 33
12 32 13 32
13 30 13 32
1 31 1 33
1 31 2 31
34 29 34 31
34 31 35 31
35 28 36 28
36 28 36 29
25 28 25 29
25 29 25 33
33 22 33 25
33 22 35 22
14 17 16 17
16 17 18 17
7 17 7 19
7 19 7 24
4 13 4 16
4 16 8 16
2 6 2 7
2 7 2 9
9 2 14 2
14 2 14 3
27 0 27 4
27 0 29 0
0 38 3 38
23 37 25 37
19 36 22 36
11 35 11 36
4 35 6 35
0 35 0 37
12 34 15 34
28 33 28 36
19 33 19 35
29 32 29 34
27 32 27 34
18 32 21 32
32 29 32 30
20 27 22 27
17 27 18 27
24 26 24 29
19 26 19 31
15 26 15 27
9 26 9 27
2 26 2 27
17 25 17 26
24 23 27 23
16 23 16 25
29 21 33 21
21 21 21 25
1 21 1 26
34 20 37 20
23 20 25 20
15 20 17 20
28 19 28 23
20 19 23 19
11 17 11 19
28 15 28 16
22 15 24 15
27 14 27 15
18 14 24 14
10 13 12 13
0 13 0 14
2 11 2 12
37 10 37 12
21 9 21 10
9 9 9 10
0 9 0 10
28 8 34 8
26 8 26 10
19 8 21 8
7 8 7 9
25 7 25 9
3 7 4 7
24 6 26 6
18 6 18 9
9 4 10 4
36 3 38 3
30 3 32 3
11 3 11 8
26 2 26 4
6 2 6 8
18 0 19 0
20
31 3 32 3
28 7 28 8
7 18 8 18
9 18 10 18
27 33 27 32
22 35 22 34
5 35 4 35
26 9 25 9
27 10 28 10
26 7 25 7
25 8 24 8
24 7 24 6
23 8 22 8
26 8 26 9
26 9 26 8
26 8 26 9
26 9 26 8
26 8 26 9
26 9 26 8
26 8 26 9
171
13 18 17 18
17 18 20 18
19 17 20 17
19 19 19 20
20 16 20 17
20 17 20 18
8 7 8 8
8 7 10 7
8 8 10 8
10 8 10 11
10 11 11 11
11 11 13 11
30 33 30 36
30 33 35 33
30 36 31 36
35 33 35 37
35 37 35 38
28 17 28 18
28 18 29 18
29 14 29 18
29 18 30 18
30 18 34 18
27 7 27 9
27 7 29 7
27 9 27 11
27 9 31 9
27 11 29 11
12 6 12 9
12 9 12 10
12 10 17 10
16 16 17 16
17 10 17 16
18 2 18 5
18 5 19 5
19 5 21 5
21 1 21 5
21 5 21 7
0 30 1 30
1 30 3 30
3 19 3 30
3 30 8 30
35 23 35 24
35 24 35 27
35 24 37 24
37 24 37 26
15 21 18 21
17 24 19 24
18 21 19 21
19 21 19 24
33 13 33 14
33 14 35 14
35 11 35 14
35 14 35 18
21 35 23 35
23 30 23 34
23 34 23 35
23 23 23 24
23 24 24 24
24 24 26 24
2 17 2 20
2 17 3 17
3 17 5 17
8 19 10 19
10 16 10 18
10 18 10 19
19 13 20 13
20 13 29 13
29 12 29 13
23 3 23 7
23 3 24 3
23 7 23 9
5 3 5 14
5 14 12 14
12 14 12 29
25 0 25 5
25 0 26 0
25 5 29 5
16 38 17 38
17 36 17 38
8 38 10 38
10 35 10 38
3 36 4 36
4 36 4 38
25 35 26 35
26 33 26 35
5 34 7 34
7 34 7 36
3 33 7 33
7 33 10 33
12 32 13 32
13 30 13 32
1 31 1 33
1 31 2 31
34 29 34 31
34 31 35 31
35 28 36 28
36 28 36 29
25 28 25 29
25 29 25 33
33 22 33 25
33 22 35 22
14 17 16 17
16 17 18 17
7 17 7 19
7 19 7 24
4 13 4 16
4 16 8 16
2 6 2 7
2 7 2 9
9 2 14 2
14 2 14 3
27 0 27 4
27 0 29 0
0 38 3 38
23 37 25 37
19 36 22 36
11 35 11 36
4 35 6 35
0 35 0 37
12 34 15 34
28 33 28 36
19 33 19 35
29 32 29 34
27 32 27 34
18 32 21 32
32 29 32 30
20 27 22 27
17 27 18 27
24 26 24 29
19 26 19 31
15 26 15 27
9 26 9 27
2 26 2 27
17 25 17 26
24 23 27 23
16 23 16 25
29 21 33 21
21 21 21 25
1 21 1 26
34 20 37 20
23 20 25 20
15 20 17 20
28 19 28 23
20 19 23 19
11 17 11 19
28 15 28 16
22 15 24 15
27 14 27 15
18 14 24 14
10 13 12 13
0 13 0 14
2 11 2 12
37 10 37 12
26 9 26 10
21 9 21 10
9 9 9 10
0 9 0 10
28 8 34 8
19 8 21 8
7 8 7 9
25 7 25 9
3 7 4 7
24 6 26 6
18 6 18 9
9 4 10 4
36 3 38 3
30 3 32 3
11 3 11 8
26 2 26 4
6 2 6 8
18 0 19 0
21
31 3 32 3
28 7 28 8
7 18 8 18
9 18 10 18
27 33 27 32
22 35 22 34
5 35 4 35
26 9 25 9
27 10 28 10
26 7 25 7
25 8 24 8
24 7 24 6
23 8 22 8
26 8 26 9
26 9 26 8
26 8 26 9
26 9 26 8
26 8 26 9
26 9 26 8
26 8 26 9
26 9 26 8
171
13 18 17 18
17 18 20 18
19 17 20 17
19 19 19 20
20 16 20 17
20 17 20 18
8 7 8 8
8 7 10 7
8 8 10 8
10 8 10 11
10 11 11 11
11 11 13 11
30 33 30 36
30 33 35 33
30 36 31 36
35 33 35 37
35 37 35 38
28 17 28 18
28 18 29 18
29 14 29 18
29 18 30 18
30 18 34 18
27 7 27 9
27 7 29 7
27 9 27 11
27 9 31 9
27 11 29 11
12 6 12 9
12 9 12 10
12 10 17 10
16 16 17 16
17 10 17 16
18 2 18 5
18 5 19 5
19 5 21 5
21 1 21 5
21 5 21 7
0 30 1 30
1 30 3 30
3 19 3 30
3 30 8 30
35 23 35 24
35 24 35 27
35 24 37 24
37 24 37 26
15 21 18 21
17 24 19 24
18 21 19 21
19 21 19 24
33 13 33 14
33 14 35 14
35 11 35 14
35 14 35 18
21 35 23 35
23 30 23 34
23 34 23 35
23 23 23 24
23 24 24 24
24 24 26 24
2 17 2 20
2 17 3 17
3 17 5 17
8 19 10 19
10 16 10 18
10 18 10 19
19 13 20 13
20 13 29 13
29 12 29 13
23 3 23 7
23 3 24 3
23 7 23 9
5 3 5 14
5 14 12 14
12 14 12 29
25 0 25 5
25 0 26 0
25 5 29 5
16 38 17 38
17 36 17 38
8 38 10 38
10 35 10 38
3 36 4 36
4 36 4 38
25 35 26 35
26 33 26 35
5 34 7 34
7 34 7 36
3 33 7 33
7 33 10 33
12 32 13 32
13 30 13 32
1 31 1 33
1 31 2 31
34 29 34 31
34 31 35 31
35 28 36 28
36 28 36 29
25 28 25 29
25 29 25 33
33 22 33 25
33 22 35 22
14 17 16 17
16 17 18 17
7 17 7 19
7 19 7 24
4 13 4 16
4 16 8 16
2 6 2 7
2 7 2 9
9 2 14 2
14 2 14 3
27 0 27 4
27 0 29 0
0 38 3 38
23 37 25 37
19 36 22 36
11 35 11 36
4 35 6 35
0 35 0 37
12 34 15 34
28 33 28 36
19 33 19 35
29 32 29 34
27 32 27 34
18 32 21 32
32 29 32 30
20 27 22 27
17 27 18 27
24 26 24 29
19 26 19 31
15 26 15 27
9 26 9 27
2 26 2 27
17 25 17 26
24 23 27 23
16 23 16 25
29 21 33 21
21 21 21 25
1 21 1 26
34 20 37 20
23 20 25 20
15 20 17 20
28 19 28 23
20 19 23 19
11 17 11 19
28 15 28 16
22 15 24 15
27 14 27 15
18 14 24 14
10 13 12 13
0 13 0 14
2 11 2 12
37 10 37 12
21 9 21 10
9 9 9 10
0 9 0 10
28 8 34 8
26 8 26 10
19 8 21 8
7 8 7 9
25 7 25 9
3 7 4 7
24 6 26 6
18 6 18 9
9 4 10 4
36 3 38 3
30 3 32 3
11 3 11 8
26 2 26 4
6 2 6 8
18 0 19 0
22
31 3 32 3
28 7 28 8
7 18 8 18
9 18 10 18
27 33 27 32
22 35 22 34
5 35 4 35
26 9 25 9
27 10 28 10
26 7 25 7
25 8 24 8
24 7 24 6
23 8 22 8
26 8 26 9
26 9 26 8
26 8 26 9
26 9 26 8
26 8 26 9
26 9 26 8
26 8 26 9
26 9 26 8
26 8 26 9
171
13 18 17 18
17 18 20 18
19 17 20 17
19 19 19 20
20 16 20 17
20 17 20 18
8 7 8 8
8 7 10 7
8 8 10 8
10 8 10 11
10 11 11 11
11 11 13 11
30 33 30 36
30 33 35 33
30 36 31 36
35 33 35 37
35 37 35 38
28 17 28 18
28 18 29 18
29 14 29 18
29 18 30 18
30 18 34 18
27 7 27 9
27 7 29 7
27 9 27 11
27 9 31 9
27 11 29 11
12 6 12 9
12 9 12 10
12 10 17 10
16 16 17 16
17 10 17 16
18 2 18 5
18 5 19 5
19 5 21 5
21 1 21 5
21 5 21 7
0 30 1 30
1 30 3 30
3 19 3 30
3 30 8 30
35 23 35 24
35 24 35 27
35 24 37 24
37 24 37 26
15 21 18 21
17 24 19 24
18 21 19 21
19 21 19 24
33 13 33 14
33 14 35 14
35 11 35 14
35 14 35 18
21 35 23 35
23 30 23 34
23 34 23 35
23 23 23 24
23 24 24 24
24 24 26 24
2 17 2 20
2 17 3 17
3 17 5 17
8 19 10 19
10 16 10 18
10 18 10 19
19 13 20 13
20 13 29 13
29 12 29 13
23 3 23 7
23 3 24 3
23 7 23 9
5 3 5 14
5 14 12 14
12 14 12 29
25 0 25 5
25 0 26 0
25 5 29 5
16 38 17 38
17 36 17 38
8 38 10 38
10 35 10 38
3 36 4 36
4 36 4 38
25 35 26 35
26 33 26 35
5 34 7 34
7 34 7 36
3 33 7 33
7 33 10 33
12 32 13 32
13 30 13 32
1 31 1 33
1 31 2 31
34 29 34 31
34 31 35 31
35 28 36 28
36 28 36 29
25 28 25 29
25 29 25 33
33 22 33 25
33 22 35 22
14 17 16 17
16 17 18 17
7 17 7 19
7 19 7 24
4 13 4 16
4 16 8 16
2 6 2 7
2 7 2 9
9 2 14 2
14 2 14 3
27 0 27 4
27 0 29 0
0 38 3 38
23 37 25 37
19 36 22 36
11 35 11 36
4 35 6 35
0 35 0 37
12 34 15 34
28 33 28 36
19 33 19 35
29 32 29 34
27 32 27 34
18 32 21 32
32 29 32 30
20 27 22 27
17 27 18 27
24 26 24 29
19 26 19 31
15 26 15 27
9 26 9 27
2 26 2 27
17 25 17 26
24 23 27 23
16 23 16 25
29 21 33 21
21 21 21 25
1 21 1 26
34 20 37 20
23 20 25 20
15 20 17 20
28 19 28 23
20 19 23 19
11 17 11 19
28 15 28 16
22 15 24 15
27 14 27 15
18 14 24 14
10 13 12 13
0 13 0 14
2 11 2 12
37 10 37 12
26 9 26 10
21 9 21 10
9 9 9 10
0 9 0 10
28 8 34 8
19 8 21 8
7 8 7 9
25 7 25 9
3 7 4 7
24 6 26 6
18 6 18 9
9 4 10 4
36 3 38 3
30 3 32 3
11 3 11 8
26 2 26 4
6 2 6 8
18 0 19 0
23
31 3 32 3
28 7 28 8
7 18 8 18
9 18 10 18
27 33 27 32
22 35 22 34
5 35 4 35
26 9 25 9
27 10 28 10
26 7 25 7
25 8 24 8
24 7 24 6
23 8 22 8
26 8 26 9
26 9 26 8
26 8 26 9
26 9 26 8
26 8 26 9
26 9 26 8
26 8 26 9
26 9 26 8
26 8 26 9
26 9 26 8
171
13 18 17 18
17 18 20 18
19 17 20 17
19 19 19 20
20 16 20 17
20 17 20 18
8 7 8 8
8 7 10 7
8 8 10 8
10 8 10 11
10 11 11 11
11 11 13 11
30 33 30 36
30 33 35 33
30 36 31 36
35 33 35 37
35 37 35 38
28 17 28 18
28 18 29 18
29 14 29 18
29 18 30 18
30 18 34 18
27 7 27 9
27 7 29 7
27 9 27 11
27 9 31 9
27 11 29 11
12 6 12 9
12 9 12 10
12 10 17 10
16 16 17 16
17 10 17 16
18 2 18 5
18 5 19 5
19 5 21 5
21 1 21 5
21 5 21 7
0 30 1 30
1 30 3 30
3 19 3 30
3 30 8 30
35 23 35 24
35 24 35 27
35 24 37 24
37 24 37 26
15 21 18 21
17 24 19 24
18 21 19 21
19 21 19 24
33 13 33 14
33 14 35 14
35 11 35 14
35 14 35 18
21 35 23 35
23 30 23 34
23 34 23 35
23 23 23 24
23 24 24 24
24 24 26 24
2 17 2 20
2 17 3 17
3 17 5 17
8 19 10 19
10 16 10 18
10 18 10 19
19 13 20 13
20 13 29 13
29 12 29 13
23 3 23 7
23 3 24 3
23 7 23 9
5 3 5 14
5 14 12 14
12 14 12 29
25 0 25 5
25 0 26 0
25 5 29 5
16 38 17 38
17 36 17 38
8 38 10 38
10 35 10 38
3 36 4 36
4 36 4 38
25 35 26 35
26 33 26 35
5 34 7 34
7 34 7 36
3 33 7 33
7 33 10 33
12 32 13 32
13 30 13 32
1 31 1 33
1 31 2 31
34 29 34 31
34 31 35 31
35 28 36 28
36 28 36 29
25 28 25 29
25 29 25 33
33 22 33 25
33 22 35 22
14 17 16 17
16 17 18 17
7 17 7 19
7 19 7 24
4 13 4 16
4 16 8 16
2 6 2 7
2 7 2 9
9 2 14 2
14 2 14 3
27 0 27 4
27 0 29 0
0 38 3 38
23 37 25 37
19 36 22 36
11 35 11 36
4 35 6 35
0 35 0 37
12 34 15 34
28 33 28 36
19 33 19 35
29 32 29 34
27 32 27 34
18 32 21 32
32 29 32 30
20 27 22 27
17 27 18 27
24 26 24 29
19 26 19 31
15 26 15 27
9 26 9 27
2 26 2 27
17 25 17 26
24 23 27 23
16 23 16 25
29 21 33 21
21 21 21 25
1 21 1 26
34 20 37 20
23 20 25 20
15 20 17 20
28 19 28 23
20 19 23 19
11 17 11 19
28 15 28 16
22 15 24 15
27 14 27 15
18 14 24 14
10 13 12 13
0 13 0 14
2 11 2 12
37 10 37 12
21 9 21 10
9 9 9 10
0 9 0 10
28 8 34 8
26 8 26 10
19 8 21 8
7 8 7 9
25 7 25 9
3 7 4 7
24 6 26 6
18 6 18 9
9 4 10 4
36 3 38 3
30 3 32 3
11 3 11 8
26 2 26 4
6 2 6 8
18 0 19 0
24
31 3 32 3
28 7 28 8
7 18 8 18
9 18 10 18
27 33 27 32
22 35 22 34
5 35 4 35
26 9 25 9
27 10 28 10
26 7 25 7
25 8 24 8
24 7 24 6
23 8 22 8
26 8 26 9
26 9 26 8
26 8 26 9
26 9 26 8
26 8 26 9
26 9 26 8
26 8 26 9
26 9 26 8
26 8 26 9
26 9 26 8
26 8 26 9
171
13 18 17 18
17 18 20 18
19 17 20 17
19 19 19 20
20 16 20 17
20 17 20 18
8 7 8 8
8 7 10 7
8 8 10 8
10 8 10 11
10 11 11 11
11 11 13 11
30 33 30 36
30 33 35 33
30 36 31 36
35 33 35 37
35 37 35 38
28 17 28 18
28 18 29 18
29 14 29 18
29 18 30 18
30 18 34 18
27 7 27 9
27 7 29 7
27 9 27 11
27 9 31 9
27 11 29 11
12 6 12 9
12 9 12 10
12 10 17 10
16 16 17 16
17 10 17 16
18 2 18 5
18 5 19 5
19 5 21 5
21 1 21 5
21 5 21 7
0 30 1 30
1 30 3 30
3 19 3 30
3 30 8 30
35 23 35 24
35 24 35 27
35 24 37 24
37 24 37 26
15 21 18 21
17 24 19 24
18 21 19 21
19 21 19 24
33 13 33 14
33 14 35 14
35 11 35 14
35 14 35 18
21 35 23 35
23 30 23 34
23 34 23 35
23 23 23 24
23 24 24 24
24 24 26 24
2 17 2 20
2 17 3 17
3 17 5 17
8 19 10 19
10 16 10 18
10 18 10 19
19 13 20 13
20 13 29 13
29 12 29 13
23 3 23 7
23 3 24 3
23 7 23 9
5 3 5 14
5 14 12 14
12 14 12 29
25 0 25 5
25 0 26 0
25 5 29 5
16 38 17 38
17 36 17 38
8 38 10 38
10 35 10 38
3 36 4 36
4 36 4 38
25 35 26 35
26 33 26 35
5 34 7 34
7 34 7 36
3 33 7 33
7 33 10 33
12 32 13 32
13 30 13 32
1 31 1 33
1 31 2 31
34 29 34 31
34 31 35 31
35 28 36 28
36 28 36 29
25 28 25 29
25 29 25 33
33 22 33 25
33 22 35 22
14 17 16 17
16 17 18 17
7 17 7 19
7 19 7 24
4 13 4 16
4 16 8 16
2 6 2 7
2 7 2 9
9 2 14 2
14 2 14 3
27 0 27 4
27 0 29 0
0 38 3 38
23 37 25 37
19 36 22 36
11 35 11 36
4 35 6 35
0 35 0 37
12 34 15 34
28 33 28 36
19 33 19 35
29 32 29 34
27 32 27 34
18 32 21 32
32 29 32 30
20 27 22 27
17 27 18 27
24 26 24 29
19 26 19 31
15 26 15 27
9 26 9 27
2 26 2 27
17 25 17 26
24 23 27 23
16 23 16 25
29 21 33 21
21 21 21 25
1 21 1 26
34 20 37 20
23 20 25 20
15 20 17 20
28 19 28 23
20 19 23 19
11 17 11 19
28 15 28 16
22 15 24 15
27 14 27 15
18 14 24 14
10 13 12 13
0 13 0 14
2 11 2 12
37 10 37 12
26 9 26 10
21 9 21 10
9 9 9 10
0 9 0 10
28 8 34 8
19 8 21 8
7 8 7 9
25 7 25 9
3 7 4 7
24 6 26 6
18 6 18 9
9 4 10 4
36 3 38 3
30 3 32 3
11 3 11 8
26 2 26 4
6 2 6 8
18 0 19 0
25
31 3 32 3
28 7 28 8
7 18 8 18
9 18 10 18
27 33 27 32
22 35 22 34
5 35 4 35
26 9 25 9
27 10 28 10
26 7 25 7
25 8 24 8
24 7 24 6
23 8 22 8
26 8 26 9
26 9 26 8
26 8 26 9
26 9 26 8
26 8 26 9
26 9 26 8
26 8 26 9
26 9 26 8
26 8 26 9
26 9 26 8
26 8 26 9
26 9 26 8
171
13 18 17 18
17 18 20 18
19 17 20 17
19 19 19 20
20 16 20 17
20 17 20 18
8 7 8 8
8 7 10 7
8 8 10 8
10 8 10 11
10 11 11 11
11 11 13 11
30 33 30 36
30 33 35 33
30 36 31 36
35 33 35 37
35 37 35 38
28 17 28 18
28 18 29 18
29 14 29 18
29 18 30 18
30 18 34 18
27 7 27 9
27 7 29 7
27 9 27 11
27 9 31 9
27 11 29 11
12 6 12 9
12 9 12 10
12 10 17 10
16 16 17 16
17 10 17 16
18 2 18 5
18 5 19 5
19 5 21 5
21 1 21 5
21 5 21 7
0 30 1 30
1 30 3 30
3 19 3 30
3 30 8 30
35 23 35 24
35 24 35 27
35 24 37 24
37 24 37 26
15 21 18 21
17 24 19 24
18 21 19 21
19 21 19 24
33 13 33 14
33 14 35 14
35 11 35 14
35 14 35 18
21 35 23 35
23 30 23 34
23 34 23 35
23 23 23 24
23 24 24 24
24 24 26 24
2 17 2 20
2 17 3 17
3 17 5 17
8 19 10 19
10 16 10 18
10 18 10 19
19 13 20 13
20 13 29 13
29 12 29 13
23 3 23 7
23 3 24 3
23 7 23 9
5 3 5 14
5 14 12 14
12 14 12 29
25 0 25 5
25 0 26 0
25 5 29 5
16 38 17 38
17 36 17 38
8 38 10 38
10 35 10 38
3 36 4 36
4 36 4 38
25 35 26 35
26 33 26 35
5 34 7 34
7 34 7 36
3 33 7 33
7 33 10 33
12 32 13 32
13 30 13 32
1 31 1 33
1 31 2 31
34 29 34 31
34 31 35 31
35 28 36 28
36 28 36 29
25 28 25 29
25 29 25 33
33 22 33 25
33 22 35 22
14 17 16 17
16 17 18 17
7 17 7 19
7 19 7 24
4 13 4 16
4 16 8 16
2 6 2 7
2 7 2 9
9 2 14 2
14 2 14 3
27 0 27 4
27 0 29 0
0 38 3 38
23 37 25 37
19 36 22 36
11 35 11 36
4 35 6 35
0 35 0 37
12 34 15 34
28 33 28 36
19 33 19 35
29 32 29 34
27 32 27 34
18 32 21 32
32 29 32 30
20 27 22 27
17 27 18 27
24 26 24 29
19 26 19 31
15 26 15 27
9 26 9 27
2 26 2 27
17 25 17 26
24 23 27 23
16 23 16 25
29 21 33 21
21 21 21 25
1 21 1 26
34 20 37 20
23 20 25 20
15 20 17 20
28 19 28 23
20 19 23 19
11 17 11 19
28 15 28 16
22 15 24 15
27 14 27 15
18 14 24 14
10 13 12 13
0 13 0 14
2 11 2 12
37 10 37 12
21 9 21 10
9 9 9 10
0 9 0 10
28 8 34 8
26 8 26 10
19 8 21 8
7 8 7 9
25 7 25 9
3 7 4 7
24 6 26 6
18 6 18 9
9 4 10 4
36 3 38 3
30 3 32 3
11 3 11 8
26 2 26 4
6 2 6 8
18 0 19 0
26
31 3 32 3
28 7 28 8
7 18 8 18
9 18 10 18
27 33 27 32
22 35 22 34
5 35 4 35
26 9 25 9
27 10 28 10
26 7 25 7
25 8 24 8
24 7 24 6
23 8 22 8
26 8 26 9
26 9 26 8
26 8 26 9
26 9 26 8
26 8 26 9
26 9 26 8
26 8 26 9
26 9 26 8
26 8 26 9
26 9 26 8
26 8 26 9
26 9 26 8
26 8 26 9
171
13 18 17 18
17 18 20 18
19 17 20 17
19 19 19 20
20 16 20 17
20 17 20 18
8 7 8 8
8 7 10 7
8 8 10 8
10 8 10 11
10 11 11 11
11 11 13 11
30 33 30 36
30 33 35 33
30 36 31 36
35 33 35 37
35 37 35 38
28 17 28 18
28 18 29 18
29 14 29 18
29 18 30 18
30 18 34 18
27 7 27 9
27 7 29 7
27 9 27 11
27 9 31 9
27 11 29 11
12 6 12 9
12 9 12 10
12 10 17 10
16 16 17 16
17 10 17 16
18 2 18 5
18 5 19 5
19 5 21 5
21 1 21 5
21 5 21 7
0 30 1 30
1 30 3 30
3 19 3 30
3 30 8 30
35 23 35 24
35 24 35 27
35 24 37 24
37 24 37 26
15 21 18 21
17 24 19 24
18 21 19 21
19 21 19 24
33 13 33 14
33 14 35 14
35 11 35 14
35 14 35 18
21 35 23 35
23 30 23 34
23 34 23 35
23 23 23 24
23 24 24 24
24 24 26 24
2 17 2 20
2 17 3 17
3 17 5 17
8 19 10 19
10 16 10 18
10 18 10 19
19 13 20 13
20 13 29 13
29 12 29 13
23 3 23 7
23 3 24 3
23 7 23 9
5 3 5 14
5 14 12 14
12 14 12 29
25 0 25 5
25 0 26 0
25 5 29 5
16 38 17 38
17 36 17 38
8 38 10 38
10 35 10 38
3 36 4 36
4 36 4 38
25 35 26 35
26 33 26 35
5 34 7 34
7 34 7 36
3 33 7 33
7 33 10 33
12 32 13 32
13 30 13 32
1 31 1 33
1 31 2 31
34 29 34 31
34 31 35 31
35 28 36 28
36 28 36 29
25 28 25 29
25 29 25 33
33 22 33 25
33 22 35 22
14 17 16 17
16 17 18 17
7 17 7 19
7 19 7 24
4 13 4 16
4 16 8 16
2 6 2 7
2 7 2 9
9 2 14 2
14 2 14 3
27 0 27 4
27 0 29 0
0 38 3 38
23 37 25 37
19 36 22 36
11 35 11 36
4 35 6 35
0 35 0 37
12 34 15 34
28 33 28 36
19 33 19 35
29 32 29 34
27 32 27 34
18 32 21 32
32 29 32 30
20 27 22 27
17 27 18 27
24 26 24 29
19 26 19 31
15 26 15 27
9 26 9 27
2 26 2 27
17 25 17 26
24 23 27 23
16 23 16 25
29 21 33 21
21 21 21 25
1 21 1 26
34 20 37 20
23 20 25 20
15 20 17 20
28 19 28 23
20 19 23 19
11 17 11 19
28 15 28 16
22 15 24 15
27 14 27 15
18 14 24 14
10 13 12 13
0 13 0 14
2 11 2 12
37 10 37 12
26 9 26 10
21 9 21 10
9 9 9 10
0 9 0 10
28 8 34 8
19 8 21 8
7 8 7 9
25 7 25 9
3 7 4 7
24 6 26 6
18 6 18 9
9 4 10 4
36 3 38 3
30 3 32 3
11 3 11 8
26 2 26 4
6 2 6 8
18 0 19 0
27
31 3 32 3
28 7 28 8
7 18 8 18
9 18 10 18
27 33 27 32
22 35 22 34
5 35 4 35
26 9 25 9
27 10 28 10
26 7 25 7
25 8 24 8
24 7 24 6
23 8 22 8
26 8 26 9
26 9 26 8
26 8 26 9
26 9 26 8
26 8 26 9
26 9 26 8
26 8 26 9
26 9 26 8
26 8 26 9
26 9 26 8
26 8 26 9
26 9 26 8
26 8 26 9
26 9 26 8
171
13 18 17 18
17 18 20 18
19 17 20 17
19 19 19 20
20 16 20 17
20 17 20 18
8 7 8 8
8 7 10 7
8 8 10 8
10 8 10 11
10 11 11 11
11 11 13 11
30 33 30 36
30 33 35 33
30 36 31 36
35 33 35 37
35 37 35 38
28 17 28 18
28 18 29 18
29 14 29 18
29 18 30 18
30 18 34 18
27 7 27 9
27 7 29 7
27 9 27 11
27 9 31 9
27 11 29 11
12 6 12 9
12 9 12 10
12 10 17 10
16 16 17 16
17 10 17 16
18 2 18 5
18 5 19 5
19 5 21 5
21 1 21 5
21 5 21 7
0 30 1 30
1 30 3 30
3 19 3 30
3 30 8 30
35 23 35 24
35 24 35 27
35 24 37 24
37 24 37 26
15 21 18 21
17 24 19 24
18 21 19 21
19 21 19 24
33 13 33 14
33 14 35 14
35 11 35 14
35 14 35 18
21 35 23 35
23 30 23 34
23 34 23 35
23 23 23 24
23 24 24 24
24 24 26 24
2 17 2 20
2 17 3 17
3 17 5 17
8 19 10 19
10 16 10 18
10 18 10 19
19 13 20 13
20 13 29 13
29 12 29 13
23 3 23 7
23 3 24 3
23 7 23 9
5 3 5 14
5 14 12 14
12 14 12 29
25 0 25 5
25 0 26 0
25 5 29 5
16 38 17 38
17 36 17 38
8 38 10 38
10 35 10 38
3 36 4 36
4 36 4 38
25 35 26 35
26 33 26 35
5 34 7 34
7 34 7 36
3 33 7 33
7 33 10 33
12 32 13 32
13 30 13 32
1 31 1 33
1 31 2 31
34 29 34 31
34 31 35 31
35 28 36 28
36 28 36 29
25 28 25 29
25 29 25 33
33 22 33 25
33 22 35 22
14 17 16 17
16 17 18 17
7 17 7 19
7 19 7 24
4 13 4 16
4 16 8 16
2 6 2 7
2 7 2 9
9 2 14 2
14 2 14 3
27 0 27 4
27 0 29 0
0 38 3 38
23 37 25 37
19 36 22 36
11 35 11 36
4 35 6 35
0 35 0 37
12 34 15 34
28 33 28 36
19 33 19 35
29 32 29 34
27 32 27 34
18 32 21 32
32 29 32 30
20 27 22 27
17 27 18 27
24 26 24 29
19 26 19 31
15 26 15 27
9 26 9 27
2 26 2 27
17 25 17 26
24 23 27 23
16 23 16 25
29 21 33 21
21 21 21 25
1 21 1 26
34 20 37 20
23 20 25 20
15 20 17 20
28 19 28 23
20 19 23 19
11 17 11 19
28 15 28 16
22 15 24 15
27 14 27 15
18 14 24 14
10 13 12 13
0 13 0 14
2 11 2 12
37 10 37 12
21 9 21 10
9 9 9 10
0 9 0 10
28 8 34 8
26 8 26 10
19 8 21 8
7 8 7 9
25 7 25 9
3 7 4 7
24 6 26 6
18 6 18 9
9 4 10 4
36 3 38 3
30 3 32 3
11 3 11 8
26 2 26 4
6 2 6 8
18 0 19 0
28
31 3 32 3
28 7 28 8
7 18 8 18
9 18 10 18
27 33 27 32
22 35 22 34
5 35 4 35
26 9 25 9
27 10 28 10
26 7 25 7
25 8 24 8
24 7 24 6
23 8 22 8
26 8 26 9
26 9 26 8
26 8 26 9
26 9 26 8
26 8 26 9
26 9 26 8
26 8 26 9
26 9 26 8
26 8 26 9
26 9 26 8
26 8 26 9
26 9 26 8
26 8 26 9
26 9 26 8
26 8 26 9
171
13 18 17 18
17 18 20 18
19 17 20 17
19 19 19 20
20 16 20 17
20 17 20 18
8 7 8 8
8 7 10 7
8 8 10 8
10 8 10 11
10 11 11 11
11 11 13 11
30 33 30 36
30 33 35 33
30 36 31 36
35 33 35 37
35 37 35 38
28 17 28 18
28 18 29 18
29 14 29 18
29 18 30 18
30 18 34 18
27 7 27 9
27 7 29 7
27 9 27 11
27 9 31 9
27 11 29 11
12 6 12 9
12 9 12 10
12 10 17 10
16 16 17 16
17 10 17 16
18 2 18 5
18 5 19 5
19 5 21 5
21 1 21 5
21 5 21 7
0 30 1 30
1 30 3 30
3 19 3 30
3 30 8 30
35 23 35 24
35 24 35 27
35 24 37 24
37 24 37 26
15 21 18 21
17 24 19 24
18 21 19 21
19 21 19 24
33 13 33 14
33 14 35 14
35 11 35 14
35 14 35 18
21 35 23 35
23 30 23 34
23 34 23 35
23 23 23 24
23 24 24 24
24 24 26 24
2 17 2 20
2 17 3 17
3 17 5 17
8 19 10 19
10 16 10 18
10 18 10 19
19 13 20 13
20 13 29 13
29 12 29 13
23 3 23 7
23 3 24 3
23 7 23 9
5 3 5 14
5 14 12 14
12 14 12 29
25 0 25 5
25 0 26 0
25 5 29 5
16 38 17 38
17 36 17 38
8 38 10 38
10 35 10 38
3 36 4 36
4 36 4 38
25 35 26 35
26 33 26 35
5 34 7 34
7 34 7 36
3 33 7 33
7 33 10 33
12 32 13 32
13 30 13 32
1 31 1 33
1 31 2 31
34 29 34 31
34 31 35 31
35 28 36 28
36 28 36 29
25 28 25 29
25 29 25 33
33 22 33 25
33 22 35 22
14 17 16 17
16 17 18 17
7 17 7 19
7 19 7 24
4 13 4 16
4 16 8 16
2 6 2 7
2 7 2 9
9 2 14 2
14 2 14 3
27 0 27 4
27 0 29 0
0 38 3 38
23 37 25 37
19 36 22 36
11 35 11 36
4 35 6 35
0 35 0 37
12 34 15 34
28 33 28 36
19 33 19 35
29 32 29 34
27 32 27 34
18 32 21 32
32 29 32 30
20 27 22 27
17 27 18 27
24 26 24 29
19 26 19 31
15 26 15 27
9 26 9 27
2 26 2 27
17 25 17 26
24 23 27 23
16 23 16 25
29 21 33 21
21 21 21 25
1 21 1 26
34 20 37 20
23 20 25 20
15 20 17 20
28 19 28 23
20 19 23 19
11 17 11 19
28 15 28 16
22 15 24 15
27 14 27 15
18 14 24 14
10 13 12 13
0 13 0 14
2 11 2 12
37 10 37 12
26 9 26 10
21 9 21 10
9 9 9 10
0 9 0 10
28 8 34 8
19 8 21 8
7 8 7 9
25 7 25 9
3 7 4 7
24 6 26 6
18 6 18 9
9 4 10 4
36 3 38 3
30 3 32 3
11 3 11 8
26 2 26 4
6 2 6 8
18 0 19 0
29
31 3 32 3
28 7 28 8
7 18 8 18
9 18 10 18
27 33 27 32
22 35 22 34
5 35 4 35
26 9 25 9
27 10 28 10
26 7 25 7
25 8 24 8
24 7 24 6
23 8 22 8
26 8 26 9
26 9 26 8
26 8 26 9
26 9 26 8
26 8 26 9
26 9 26 8
26 8 26 9
26 9 26 8
26 8 26 9
26 9 26 8
26 8 26 9
26 9 26 8
26 8 26 9
26 9 26 8
26 8 26 9
26 9 26 8
171
13 18 17 18
17 18 20 18
19 17 20 17
19 19 19 20
20 16 20 17
20 17 20 18
8 7 8 8
8 7 10 7
8 8 10 8
10 8 10 11
10 11 11 11
11 11 13 11
30 33 30 36
30 33 35 33
30 36 31 36
35 33 35 37
35 37 35 38
28 17 28 18
28 18 29 18
29 14 29 18
29 18 30 18
30 18 34 18
27 7 27 9
27 7 29 7
27 9 27 11
27 9 31 9
27 11 29 11
12 6 12 9
12 9 12 10
12 10 17 10
16 16 17 16
17 10 17 16
18 2 18 5
18 5 19 5
19 5 21 5
21 1 21 5
21 5 21 7
0 30 1 30
1 30 3 30
3 19 3 30
3 30 8 30
35 23 35 24
35 24 35 27
35 24 37 24
37 24 37 26
15 21 18 21
17 24 19 24
18 21 19 21
19 21 19 24
33 13 33 14
33 14 35 14
35 11 35 14
35 14 35 18
21 35 23 35
23 30 23 34
23 34 23 35
23 23 23 24
23 24 24 24
24 24 26 24
2 17 2 20
2 17 3 17
3 17 5 17
8 19 10 19
10 16 10 18
10 18 10 19
19 13 20 13
20 13 29 13
29 12 29 13
23 3 23 7
23 3 24 3
23 7 23 9
5 3 5 14
5 14 12 14
12 14 12 29
25 0 25 5
25 0 26 0
25 5 29 5
16 38 17 38
17 36 17 38
8 38 10 38
10 35 10 38
3 36 4 36
4 36 4 38
25 35 26 35
26 33 26 35
5 34 7 34
7 34 7 36
3 33 7 33
7 33 10 33
12 32 13 32
13 30 13 32
1 31 1 33
1 31 2 31
34 29 34 31
34 31 35 31
35 28 36 28
36 28 36 29
25 28 25 29
25 29 25 33
33 22 33 25
33 22 35 22
14 17 16 17
16 17 18 17
7 17 7 19
7 19 7 24
4 13 4 16
4 16 8 16
2 6 2 7
2 7 2 9
9 2 14 2
14 2 14 3
27 0 27 4
27 0 29 0
0 38 3 38
23 37 25 37
19 36 22 36
11 35 11 36
4 35 6 35
0 35 0 37
12 34 15 34
28 33 28 36
19 33 19 35
29 32 29 34
27 32 27 34
18 32 21 32
32 29 32 30
20 27 22 27
17 27 18 27
24 26 24 29
19 26 19 31
15 26 15 27
9 26 9 27
2 26 2 27
17 25 17 26
24 23 27 23
16 23 16 25
29 21 33 21
21 21 21 25
1 21 1 26
34 20 37 20
23 20 25 20
15 20 17 20
28 19 28 23
20 19 23 19
11 17 11 19
28 15 28 16
22 15 24 15
27 14 27 15
18 14 24 14
10 13 12 13
0 13 0 14
2 11 2 12
37 10 37 12
21 9 21 10
9 9 9 10
0 9 0 10
28 8 34 8
26 8 26 10
19 8 21 8
7 8 7 9
25 7 25 9
3 7 4 7
24 6 26 6
18 6 18 9
9 4 10 4
36 3 38 3
30 3 32 3
11 3 11 8
26 2 26 4
6 2 6 8
18 0 19 0
30
31 3 32 3
28 7 28 8
7 18 8 18
9 18 10 18
27 33 27 32
22 35 22 34
5 35 4 35
26 9 25 9
27 10 28 10
26 7 25 7
25 8 24 8
24 7 24 6
23 8 22 8
26 8 26 9
26 9 26 8
26 8 26 9
26 9 26 8
26 8 26 9
26 9 26 8
26 8 26 9
26 9 26 8
26 8 26 9
26 9 26 8
26 8 26 9
26 9 26 8
26 8 26 9
26 9 26 8
26 8 26 9
26 9 26 8
26 8 26 9
171
13 18 17 18
17 18 20 18
19 17 20 17
19 19 19 20
20 16 20 17
20 17 20 18
8 7 8 8
8 7 10 7
8 8 10 8
10 8 10 11
10 11 11 11
11 11 13 11
30 33 30 36
30 33 35 33
30 36 31 36
35 33 35 37
35 37 35 38
28 17 28 18
28 18 29 18
29 14 29 18
29 18 30 18
30 18 34 18
27 7 27 9
27 7 29 7
27 9 27 11
27 9 31 9
27 11 29 11
12 6 12 9
12 9 12 10
12 10 17 10
16 16 17 16
17 10 17 16
18 2 18 5
18 5 19 5
19 5 21 5
21 1 21 5
21 5 21 7
0 30 1 30
1 30 3 30
3 19 3 30
3 30 8 30
35 23 35 24
35 24 35 27
35 24 37 24
37 24 37 26
15 21 18 21
17 24 19 24
18 21 19 21
19 21 19 24
33 13 33 14
33 14 35 14
35 11 35 14
35 14 35 18
21 35 23 35
23 30 23 34
23 34 23 35
23 23 23 24
23 24 24 24
24 24 26 24
2 17 2 20
2 17 3 17
3 17 5 17
8 19 10 19
10 16 10 18
10 18 10 19
19 13 20 13
20 13 29 13
29 12 29 13
23 3 23 7
23 3 24 3
23 7 23 9
5 3 5 14
5 14 12 14
12 14 12 29
25 0 25 5
25 0 26 0
25 5 29 5
16 38 17 38
17 36 17 38
8 38 10 38
10 35 10 38
3 36 4 36
4 36 4 38
25 35 26 35
26 33 26 35
5 34 7 34
7 34 7 36
3 33 7 33
7 33 10 33
12 32 13 32
13 30 13 32
1 31 1 33
1 31 2 31
34 29 34 31
34 31 35 31
35 28 36 28
36 28 36 29
25 28 25 29
25 29 25 33
33 22 33 25
33 22 35 22
14 17 16 17
16 17 18 17
7 17 7 19
7 19 7 24
4 13 4 16
4 16 8 16
2 6 2 7
2 7 2 9
9 2 14 2
14 2 14 3
27 0 27 4
27 0 29 0
0 38 3 38
23 37 25 37
19 36 22 36
11 35 11 36
4 35 6 35
0 35 0 37
12 34 15 34
28 33 28 36
19 33 19 35
29 32 29 34
27 32 27 34
18 32 21 32
32 29 32 30
20 27 22 27
17 27 18 27
24 26 24 29
19 26 19 31
15 26 15 27
9 26 9 27
2 26 2 27
17 25 17 26
24 23 27 23
16 23 16 25
29 21 33 21
21 21 21 25
1 21 1 26
34 20 37 20
23 20 25 20
15 20 17 20
28 19 28 23
20 19 23 19
11 17 11 19
28 15 28 16
22 15 24 15
27 14 27 15
18 14 24 14
10 13 12 13
0 13 0 14
2 11 2 12
37 10 37 12
26 9 26 10
21 9 21 10
9 9 9 10
0 9 0 10
28 8 34 8
19 8 21 8
7 8 7 9
25 7 25 9
3 7 4 7
24 6 26 6
18 6 18 9
9 4 10 4
36 3 38 3
30 3 32 3
11 3 11 8
26 2 26 4
6 2 6 8
18 0 19 0
31
31 3 32 3
28 7 28 8
7 18 8 18
9 18 10 18
27 33 27 32
22 35 22 34
5 35 4 35
26 9 25 9
27 10 28 10
26 7 25 7
25 8 24 8
24 7 24 6
23 8 22 8
26 8 26 9
26 9 26 8
26 8 26 9
26 9 26 8
26 8 26 9
26 9 26 8
26 8 26 9
26 9 26 8
26 8 26 9
26 9 26 8
26 8 26 9
26 9 26 8
26 8 26 9
26 9 26 8
26 8 26 9
26 9 26 8
26 8 26 9
26 9 26 8
171
13 18 17 18
17 18 20 18
19 17 20 17
19 19 19 20
20 16 20 17
20 17 20 18
8 7 8 8
8 7 10 7
8 8 10 8
10 8 10 11
10 11 11 11
11 11 13 11
30 33 30 36
30 33 35 33
30 36 31 36
35 33 35 37
35 37 35 38
28 17 28 18
28 18 29 18
29 14 29 18
29 18 30 18
30 18 34 18
27 7 27 9
27 7 29 7
27 9 27 11
27 9 31 9
27 11 29 11
12 6 12 9
12 9 12 10
12 10 17 10
16 16 17 16
17 10 17 16
18 2 18 5
18 5 19 5
19 5 21 5
21 1 21 5
21 5 21 7
0 30 1 30
1 30 3 30
3 19 3 30
3 30 8 30
35 23 35 24
35 24 35 27
35 24 37 24
37 24 37 26
15 21 18 21
17 24 19 24
18 21 19 21
19 21 19 24
33 13 33 14
33 14 35 14
35 11 35 14
35 14 35 18
21 35 23 35
23 30 23 34
23 34 23 35
23 23 23 24
23 24 24 24
24 24 26 24
2 17 2 20
2 17 3 17
3 17 5 17
8 19 10 19
10 16 10 18
10 18 10 19
19 13 20 13
20 13 29 13
29 12 29 13
23 3 23 7
23 3 24 3
23 7 23 9
5 3 5 14
5 14 12 14
12 14 12 29
25 0 25 5
25 0 26 0
25 5 29 5
16 38 17 38
17 36 17 38
8 38 10 38
10 35 10 38
3 36 4 36
4 36 4 38
25 35 26 35
26 33 26 35
5 34 7 34
7 34 7 36
3 33 7 33
7 33 10 33
12 32 13 32
13 30 13 32
1 31 1 33
1 31 2 31
34 29 34 31
34 31 35 31
35 28 36 28
36 28 36 29
25 28 25 29
25 29 25 33
33 22 33 25
33 22 35 22
14 17 16 17
16 17 18 17
7 17 7 19
7 19 7 24
4 13 4 16
4 16 8 16
2 6 2 7
2 7 2 9
9 2 14 2
14 2 14 3
27 0 27 4
27 0 29 0
0 38 3 38
23 37 25 37
19 36 22 36
11 35 11 36
4 35 6 35
0 35 0 37
12 34 15 34
28 33 28 36
19 33 19 35
29 32 29 34
27 32 27 34
18 32 21 32
32 29 32 30
20 27 22 27
17 27 18 27
24 26 24 29
19 26 19 31
15 26 15 27
9 26 9 27
2 26 2 27
17 25 17 26
24 23 27 23
16 23 16 25
29 21 33 21
21 21 21 25
1 21 1 26
34 20 37 20
23 20 25 20
15 20 17 20
28 19 28 23
20 19 23 19
11 17 11 19
28 15 28 16
22 15 24 15
27 14 27 15
18 14 24 14
10 13 12 13
0 13 0 14
2 11 2 12
37 10 37 12
21 9 21 10
9 9 9 10
0 9 0 10
28 8 34 8
26 8 26 10
19 8 21 8
7 8 7 9
25 7 25 9
3 7 4 7
24 6 26 6
18 6 18 9
9 4 10 4
36 3 38 3
30 3 32 3
11 3 11 8
26 2 26 4
6 2 6 8
18 0 19 0
32
31 3 32 3
28 7 28 8
7 18 8 18
9 18 10 18
27 33 27 32
22 35 22 34
5 35 4 35
26 9 25 9
27 10 28 10
26 7 25 7
25 8 24 8
24 7 24 6
23 8 22 8
26 8 26 9
26 9 26 8
26 8 26 9
26 9 26 8
26 8 26 9
26 9 26 8
26 8 26 9
26 9 26 8
26 8 26 9
26 9 26 8
26 8 26 9
26 9 26 8
26 8 26 9
26 9 26 8
26 8 26 9
26 9 26 8
26 8 26 9
26 9 26 8
26 8 26 9
171
13 18 17 18
17 18 20 18
19 17 20 17
19 19 19 20
20 16 20 17
20 17 20 18
8 7 8 8
8 7 10 7
8 8 10 8
10 8 10 11
10 11 11 11
11 11 13 11
30 33 30 36
30 33 35 33
30 36 31 36
35 33 35 37
35 37 35 38
28 17 28 18
28 18 29 18
29 14 29 18
29 18 30 18
30 18 34 18
27 7 27 9
27 7 29 7
27 9 27 11
27 9 31 9
27 11 29 11
12 6 12 9
12 9 12 10
12 10 17 10
16 16 17 16
17 10 17 16
18 2 18 5
18 5 19 5
19 5 21 5
21 1 21 5
21 5 21 7
0 30 1 30
1 30 3 30
3 19 3 30
3 30 8 30
35 23 35 24
35 24 35 27
35 24 37 24
37 24 37 26
15 21 18 21
17 24 19 24
18 21 19 21
19 21 19 24
33 13 33 14
33 14 35 14
35 11 35 14
35 14 35 18
21 35 23 35
23 30 23 34
23 34 23 35
23 23 23 24
23 24 24 24
24 24 26 24
2 17 2 20
2 17 3 17
3 17 5 17
8 19 10 19
10 16 10 18
10 18 10 19
19 13 20 13
20 13 29 13
29 12 29 13
23 3 23 7
23 3 24 3
23 7 23 9
5 3 5 14
5 14 12 14
12 14 12 29
25 0 25 5
25 0 26 0
25 5 29 5
16 38 17 38
17 36 17 38
8 38 10 38
10 35 10 38
3 36 4 36
4 36 4 38
25 35 26 35
26 33 26 35
5 34 7 34
7 34 7 36
3 33 7 33
7 33 10 33
12 32 13 32
13 30 13 32
1 31 1 33
1 31 2 31
34 29 34 31
34 31 35 31
35 28 36 28
36 28 36 29
25 28 25 29
25 29 25 33
33 22 33 25
33 22 35 22
14 17 16 17
16 17 18 17
7 17 7 19
7 19 7 24
4 13 4 16
4 16 8 16
2 6 2 7
2 7 2 9
9 2 14 2
14 2 14 3
27 0 27 4
27 0 29 0
0 38 3 38
23 37 25 37
19 36 22 36
11 35 11 36
4 35 6 35
0 35 0 37
12 34 15 34
28 33 28 36
19 33 19 35
29 32 29 34
27 32 27 34
18 32 21 32
32 29 32 30
20 27 22 27
17 27 18 27
24 26 24 29
19 26 19 31
15 26 15 27
9 26 9 27
2 26 2 27
17 25 17 26
24 23 27 23
16 23 16 25
29 21 33 21
21 21 21 25
1 21 1 26
34 20 37 20
23 20 25 20
15 20 17 20
28 19 28 23
20 19 23 19
11 17 11 19
28 15 28 16
22 15 24 15
27 14 27 15
18 14 24 14
10 13 12 13
0 13 0 14
2 11 2 12
37 10 37 12
26 9 26 10
21 9 21 10
9 9 9 10
0 9 0 10
28 8 34 8
19 8 21 8
7 8 7 9
25 7 25 9
3 7 4 7
24 6 26 6
18 6 18 9
9 4 10 4
36 3 38 3
30 3 32 3
11 3 11 8
26 2 26 4
6 2 6 8
18 0 19 0
33
31 3 32 3
28 7 28 8
7 18 8 18
9 18 10 18
27 33 27 32
22 35 22 34
5 35 4 35
26 9 25 9
27 10 28 10
26 7 25 7
25 8 24 8
24 7 24 6
23 8 22 8
26 8 26 9
26 9 26 8
26 8 26 9
26 9 26 8
26 8 26 9
26 9 26 8
26 8 26 9
26 9 26 8
26 8 26 9
26 9 26 8
26 8 26 9
26 9 26 8
26 8 26 9
26 9 26 8
26 8 26 9
26 9 26 8
26 8 26 9
26 9 26 8
26 8 26 9
26 9 26 8
171
13 18 17 18
17 18 20 18
19 17 20 17
19 19 19 20
20 16 20 17
20 17 20 18
8 7 8 8
8 7 10 7
8 8 10 8
10 8 10 11
10 11 11 11
11 11 13 11
30 33 30 36
30 33 35 33
30 36 31 36
35 33 35 37
35 37 35 38
28 17 28 18
28 18 29 18
29 14 29 18
29 18 30 18
30 18 34 18
27 7 27 9
27 7 29 7
27 9 27 11
27 9 31 9
27 11 29 11
12 6 12 9
12 9 12 10
12 10 17 10
16 16 17 16
17 10 17 16
18 2 18 5
18 5 19 5
19 5 21 5
21 1 21 5
21 5 21 7
0 30 1 30
1 30 3 30
3 19 3 30
3 30 8 30
35 23 35 24
35 24 35 27
35 24 37 24
37 24 37 26
15 21 18 21
17 24 19 24
18 21 19 21
19 21 19 24
33 13 33 14
33 14 35 14
35 11 35 14
35 14 35 18
21 35 23 35
23 30 23 34
23 34 23 35
23 23 23 24
23 24 24 24
24 24 26 24
2 17 2 20
2 17 3 17
3 17 5 17
8 19 10 19
10 16 10 18
10 18 10 19
19 13 20 13
20 13 29 13
29 12 29 13
23 3 23 7
23 3 24 3
23 7 23 9
5 3 5 14
5 14 12 14
12 14 12 29
25 0 25 5
25 0 26 0
25 5 29 5
16 38 17 38
17 36 17 38
8 38 10 38
10 35 10 38
3 36 4 36
4 36 4 38
25 35 26 35
26 33 26 35
5 34 7 34
7 34 7 36
3 33 7 33
7 33 10 33
12 32 13 32
13 30 13 32
1 31 1 33
1 31 2 31
34 29 34 31
34 31 35 31
35 28 36 28
36 28 36 29
25 28 25 29
25 29 25 33
33 22 33 25
33 22 35 22
14 17 16 17
16 17 18 17
7 17 7 19
7 19 7 24
4 13 4 16
4 16 8 16
2 6 2 7
2 7 2 9
9 2 14 2
14 2 14 3
27 0 27 4
27 0 29 0
0 38 3 38
23 37 25 37
19 36 22 36
11 35 11 36
4 35 6 35
0 35 0 37
12 34 15 34
28 33 28 36
19 33 19 35
29 32 29 34
27 32 27 34
18 32 21 32
32 29 32 30
20 27 22 27
17 27 18 27
24 26 24 29
19 26 19 31
15 26 15 27
9 26 9 27
2 26 2 27
17 25 17 26
24 23 27 23
16 23 16 25
29 21 33 21
21 21 21 25
1 21 1 26
34 20 37 20
23 20 25 20
15 20 17 20
28 19 28 23
20 19 23 19
11 17 11 19
28 15 28 16
22 15 24 15
27 14 27 15
18 14 24 14
10 13 12 13
0 13 0 14
2 11 2 12
37 10 37 12
21 9 21 10
9 9 9 10
0 9 0 10
28 8 34 8
26 8 26 10
19 8 21 8
7 8 7 9
25 7 25 9
3 7 4 7
24 6 26 6
18 6 18 9
9 4 10 4
36 3 38 3
30 3 32 3
11 3 11 8
26 2 26 4
6 2 6 8
18 0 19 0
34
31 3 32 3
28 7 28 8
7 18 8 18
9 18 10 18
27 33 27 32
22 35 22 34
5 35 4 35
26 9 25 9
27 10 28 10
26 7 25 7
25 8 24 8
24 7 24 6
23 8 22 8
26 8 26 9
26 9 26 8
26 8 26 9
26 9 26 8
26 8 26 9
26 9 26 8
26 8 26 9
26 9 26 8
26 8 26 9
26 9 26 8
26 8 26 9
26 9 26 8
26 8 26 9
26 9 26 8
26 8 26 9
26 9 26 8
26 8 26 9
26 9 26 8
26 8 26 9
26 9 26 8
26 8 26 9
171
13 18 17 18
17 18 20 18
19 17 20 17
19 19 19 20
20 16 20 17
20 17 20 18
8 7 8 8
8 7 10 7
8 8 10 8
10 8 10 11
10 11 11 11
11 11 13 11
30 33 30 36
30 33 35 33
30 36 31 36
35 33 35 37
35 37 35 38
28 17 28 18
28 18 29 18
29 14 29 18
29 18 30 18
30 18 34 18
27 7 27 9
27 7 29 7
27 9 27 11
27 9 31 9
27 11 29 11
12 6 12 9
12 9 12 10
12 10 17 10
16 16 17 16
17 10 17 16
18 2 18 5
18 5 19 5
19 5 21 5
21 1 21 5
21 5 21 7
0 30 1 30
1 30 3 30
3 19 3 30
3 30 8 30
35 23 35 24
35 24 35 27
35 24 37 24
37 24 37 26
15 21 18 21
17 24 19 24
18 21 19 21
19 21 19 24
33 13 33 14
33 14 35 14
35 11 35 14
35 14 35 18
21 35 23 35
23 30 23 34
23 34 23 35
23 23 23 24
23 24 24 24
24 24 26 24
2 17 2 20
2 17 3 17
3 17 5 17
8 19 10 19
10 16 10 18
10 18 10 19
19 13 20 13
20 13 29 13
29 12 29 13
23 3 23 7
23 3 24 3
23 7 23 9
5 3 5 14
5 14 12 14
12 14 12 29
25 0 25 5
25 0 26 0
25 5 29 5
16 38 17 38
17 36 17 38
8 38 10 38
10 35 10 38
3 36 4 36
4 36 4 38
25 35 26 35
26 33 26 35
5 34 7 34
7 34 7 36
3 33 7 33
7 33 10 33
12 32 13 32
13 30 13 32
1 31 1 33
1 31 2 31
34 29 34 31
34 31 35 31
35 28 36 28
36 28 36 29
25 28 25 29
25 29 25 33
33 22 33 25
33 22 35 22
14 17 16 17
16 17 18 17
7 17 7 19
7 19 7 24
4 13 4 16
4 16 8 16
2 6 2 7
2 7 2 9
9 2 14 2
14 2 14 3
27 0 27 4
27 0 29 0
0 38 3 38
23 37 25 37
19 36 22 36
11 35 11 36
4 35 6 35
0 35 0 37
12 34 15 34
28 33 28 36
19 33 19 35
29 32 29 34
27 32 27 34
18 32 21 32
32 29 32 30
20 27 22 27
17 27 18 27
24 26 24 29
19 26 19 31
15 26 15 27
9 26 9 27
2 26 2 27
17 25 17 26
24 23 27 23
16 23 16 25
29 21 33 21
21 21 21 25
1 21 1 26
34 20 37 20
23 20 25 20
15 20 17 20
28 19 28 23
20 19 23 19
11 17 11 19
28 15 28 16
22 15 24 15
27 14 27 15
18 14 24 14
10 13 12 13
0 13 0 14
2 11 2 12
37 10 37 12
26 9 26 10
21 9 21 10
9 9 9 10
0 9 0 10
28 8 34 8
19 8 21 8
7 8 7 9
25 7 25 9
3 7 4 7
24 6 26 6
18 6 18 9
9 4 10 4
36 3 38 3
30 3 32 3
11 3 11 8
26 2 26 4
6 2 6 8
18 0 19 0
35
31 3 32 3
28 7 28 8
7 18 8 18
9 18 10 18
27 33 27 32
22 35 22 34
5 35 4 35
26 9 25 9
27 10 28 10
26 7 25 7
25 8 24 8
24 7 24 6
23 8 22 8
26 8 26 9
26 9 26 8
26 8 26 9
26 9 26 8
26 8 26 9
26 9 26 8
26 8 26 9
26 9 26 8
26 8 26 9
26 9 26 8
26 8 26 9
26 9 26 8
26 8 26 9
26 9 26 8
26 8 26 9
26 9 26 8
26 8 26 9
26 9 26 8
26 8 26 9
26 9 26 8
26 8 26 9
26 9 26 8
171
13 18 17 18
17 18 20 18
19 17 20 17
19 19 19 20
20 16 20 17
20 17 20 18
8 7 8 8
8 7 10 7
8 8 10 8
10 8 10 11
10 11 11 11
11 11 13 11
30 33 30 36
30 33 35 33
30 36 31 36
35 33 35 37
35 37 35 38
28 17 28 18
28 18 29 18
29 14 29 18
29 18 30 18
30 18 34 18
27 7 27 9
27 7 29 7
27 9 27 11
27 9 31 9
27 11 29 11
12 6 12 9
12 9 12 10
12 10 17 10
16 16 17 16
17 10 17 16
18 2 18 5
18 5 19 5
19 5 21 5
21 1 21 5
21 5 21 7
0 30 1 30
1 30 3 30
3 19 3 30
3 30 8 30
35 23 35 24
35 24 35 27
35 24 37 24
37 24 37 26
15 21 18 21
17 24 19 24
18 21 19 21
19 21 19 24
33 13 33 14
33 14 35 14
35 11 35 14
35 14 35 18
21 35 23 35
23 30 23 34
23 34 23 35
23 23 23 24
23 24 24 24
24 24 26 24
2 17 2 20
2 17 3 17
3 17 5 17
8 19 10 19
10 16 10 18
10 18 10 19
19 13 20 13
20 13 29 13
29 12 29 13
23 3 23 7
23 3 24 3
23 7 23 9
5 3 5 14
5 14 12 14
12 14 12 29
25 0 25 5
25 0 26 0
25 5 29 5
16 38 17 38
17 36 17 38
8 38 10 38
10 35 10 38
3 36 4 36
4 36 4 38
25 35 26 35
26 33 26 35
5 34 7 34
7 34 7 36
3 33 7 33
7 33 10 33
12 32 13 32
13 30 13 32
1 31 1 33
1 31 2 31
34 29 34 31
34 31 35 31
35 28 36 28
36 28 36 29
25 28 25 29
25 29 25 33
33 22 33 25
33 22 35 22
14 17 16 17
16 17 18 17
7 17 7 19
7 19 7 24
4 13 4 16
4 16 8 16
2 6 2 7
2 7 2 9
9 2 14 2
14 2 14 3
27 0 27 4
27 0 29 0
0 38 3 38
23 37 25 37
19 36 22 36
11 35 11 36
4 35 6 35
0 35 0 37
12 34 15 34
28 33 28 36
19 33 19 35
29 32 29 34
27 32 27 34
18 32 21 32
32 29 32 30
20 27 22 27
17 27 18 27
24 26 24 29
19 26 19 31
15 26 15 27
9 26 9 27
2 26 2 27
17 25 17 26
24 23 27 23
16 23 16 25
29 21 33 21
21 21 21 25
1 21 1 26
34 20 37 20
23 20 25 20
15 20 17 20
28 19 28 23
20 19 23 19
11 17 11 19
28 15 28 16
22 15 24 15
27 14 27 15
18 14 24 14
10 13 12 13
0 13 0 14
2 11 2 12
37 10 37 12
21 9 21 10
9 9 9 10
0 9 0 10
28 8 34 8
26 8 26 10
19 8 21 8
7 8 7 9
25 7 25 9
3 7 4 7
24 6 26 6
18 6 18 9
9 4 10 4
36 3 38 3
30 3 32 3
11 3 11 8
26 2 26 4
6 2 6 8
18 0 19 0
36
31 3 32 3
28 7 28 8
7 18 8 18
9 18 10 18
27 33 27 32
22 35 22 34
5 35 4 35
26 9 25 9
27 10 28 10
26 7 25 7
25 8 24 8
24 7 24 6
23 8 22 8
26 8 26 9
26 9 26 8
26 8 26 9
26 9 26 8
26 8 26 9
26 9 26 8
26 8 26 9
26 9 26 8
26 8 26 9
26 9 26 8
26 8 26 9
26 9 26 8
26 8 26 9
26 9 26 8
26 8 26 9
26 9 26 8
26 8 26 9
26 9 26 8
26 8 26 9
26 9 26 8
26 8 26 9
26 9 26 8
26 8 26 9
171
13 18 17 18
17 18 20 18
19 17 20 17
19 19 19 20
20 16 20 17
20 17 20 18
8 7 8 8
8 7 10 7
8 8 10 8
10 8 10 11
10 11 11 11
11 11 13 11
30 33 30 36
30 33 35 33
30 36 31 36
35 33 35 37
35 37 35 38
28 17 28 18
28 18 29 18
29 14 29 18
29 18 30 18
30 18 34 18
27 7 27 9
27 7 29 7
27 9 27 11
27 9 31 9
27 11 29 11
12 6 12 9
12 9 12 10
12 10 17 10
16 16 17 16
17 10 17 16
18 2 18 5
18 5 19 5
19 5 21 5
21 1 21 5
21 5 21 7
0 30 1 30
1 30 3 30
3 19 3 30
3 30 8 30
35 23 35 24
35 24 35 27
35 24 37 24
37 24 37 26
15 21 18 21
17 24 19 24
18 21 19 21
19 21 19 24
33 13 33 14
33 14 35 14
35 11 35 14
35 14 35 18
21 35 23 35
23 30 23 34
23 34 23 35
23 23 23 24
23 24 24 24
24 24 26 24
2 17 2 20
2 17 3 17
3 17 5 17
8 19 10 19
10 16 10 18
10 18 10 19
19 13 20 13
20 13 29 13
29 12 29 13
23 3 23 7
23 3 24 3
23 7 23 9
5 3 5 14
5 14 12 14
12 14 12 29
25 0 25 5
25 0 26 0
25 5 29 5
16 38 17 38
17 36 17 38
8 38 10 38
10 35 10 38
3 36 4 36
4 36 4 38
25 35 26 35
26 33 26 35
5 34 7 34
7 34 7 36
3 33 7 33
7 33 10 33
12 32 13 32
13 30 13 32
1 31 1 33
1 31 2 31
34 29 34 31
34 31 35 31
35 28 36 28
36 28 36 29
25 28 25 29
25 29 25 33
33 22 33 25
33 22 35 22
14 17 16 17
16 17 18 17
7 17 7 19
7 19 7 24
4 13 4 16
4 16 8 16
2 6 2 7
2 7 2 9
9 2 14 2
14 2 14 3
27 0 27 4
27 0 29 0
0 38 3 38
23 37 25 37
19 36 22 36
11 35 11 36
4 35 6 35
0 35 0 37
12 34 15 34
28 33 28 36
19 33 19 35
29 32 29 34
27 32 27 34
18 32 21 32
32 29 32 30
20 27 22 27
17 27 18 27
24 26 24 29
19 26 19 31
15 26 15 27
9 26 9 27
2 26 2 27
17 25 17 26
24 23 27 23
16 23 16 25
29 21 33 21
21 21 21 25
1 21 1 26
34 20 37 20
23 20 25 20
15 20 17 20
28 19 28 23
20 19 23 19
11 17 11 19
28 15 28 16
22 15 24 15
27 14 27 15
18 14 24 14
10 13 12 13
0 13 0 14
2 11 2 12
37 10 37 12
26 9 26 10
21 9 21 10
9 9 9 10
0 9 0 10
28 8 34 8
19 8 21 8
7 8 7 9
25 7 25 9
3 7 4 7
24 6 26 6
18 6 18 9
9 4 10 4
36 3 38 3
30 3 32 3
11 3 11 8
26 2 26 4
6 2 6 8
18 0 19 0
37
31 3 32 3
28 7 28 8
7 18 8 18
9 18 10 18
27 33 27 32
22 35 22 34
5 35 4 35
26 9 25 9
27 10 28 10
26 7 25 7
25 8 24 8
24 7 24 6
23 8 22 8
26 8 26 9
26 9 26 8
26 8 26 9
26 9 26 8
26 8 26 9
26 9 26 8
26 8 26 9
26 9 26 8
26 8 26 9
26 9 26 8
26 8 26 9
26 9 26 8
26 8 26 9
26 9 26 8
26 8 26 9
26 9 26 8
26 8 26 9
26 9 26 8
26 8 26 9
26 9 26 8
26 8 26 9
26 9 26 8
26 8 26 9
26 9 26 8
171
13 18 17 18
17 18 20 18
19 17 20 17
19 19 19 20
20 16 20 17
20 17 20 18
8 7 8 8
8 7 10 7
8 8 10 8
10 8 10 11
10 11 11 11
11 11 13 11
30 33 30 36
30 33 35 33
30 36 31 36
35 33 35 37
35 37 35 38
28 17 28 18
28 18 29 18
29 14 29 18
29 18 30 18
30 18 34 18
27 7 27 9
27 7 29 7
27 9 27 11
27 9 31 9
27 11 29 11
12 6 12 9
12 9 12 10
12 10 17 10
16 16 17 16
17 10 17 16
18 2 18 5
18 5 19 5
19 5 21 5
21 1 21 5
21 5 21 7
0 30 1 30
1 30 3 30
3 19 3 30
3 30 8 30
35 23 35 24
35 24 35 27
35 24 37 24
37 24 37 26
15 21 18 21
17 24 19 24
18 21 19 21
19 21 19 24
33 13 33 14
33 14 35 14
35 11 35 14
35 14 35 18
21 35 23 35
23 30 23 34
23 34 23 35
23 23 23 24
23 24 24 24
24 24 26 24
2 17 2 20
2 17 3 17
3 17 5 17
8 19 10 19
10 16 10 18
10 18 10 19
19 13 20 13
20 13 29 13
29 12 29 13
23 3 23 7
23 3 24 3
23 7 23 9
5 3 5 14
5 14 12 14
12 14 12 29
25 0 25 5
25 0 26 0
25 5 29 5
16 38 17 38
17 36 17 38
8 38 10 38
10 35 10 38
3 36 4 36
4 36 4 38
25 35 26 35
26 33 26 35
5 34 7 34
7 34 7 36
3 33 7 33
7 33 10 33
12 32 13 32
13 30 13 32
1 31 1 33
1 31 2 31
34 29 34 31
34 31 35 31
35 28 36 28
36 28 36 29
25 28 25 29
25 29 25 33
33 22 33 25
33 22 35 22
14 17 16 17
16 17 18 17
7 17 7 19
7 19 7 24
4 13 4 16
4 16 8 16
2 6 2 7
2 7 2 9
9 2 14 2
14 2 14 3
27 0 27 4
27 0 29 0
0 38 3 38
23 37 25 37
19 36 22 36
11 35 11 36
4 35 6 35
0 35 0 37
12 34 15 34
28 33 28 36
19 33 19 35
29 32 29 34
27 32 27 34
18 32 21 32
32 29 32 30
20 27 22 27
17 27 18 27
24 26 24 29
19 26 19 31
15 26 15 27
9 26 9 27
2 26 2 27
17 25 17 26
24 23 27 23
16 23 16 25
29 21 33 21
21 21 21 25
1 21 1 26
34 20 37 20
23 20 25 20
15 20 17 20
28 19 28 23
20 19 23 19
11 17 11 19
28 15 28 16
22 15 24 15
27 14 27 15
18 14 24 14
10 13 12 13
0 13 0 14
2 11 2 12
37 10 37 12
21 9 21 10
9 9 9 10
0 9 0 10
28 8 34 8
26 8 26 10
19 8 21 8
7 8 7 9
25 7 25 9
3 7 4 7
24 6 26 6
18 6 18 9
9 4 10 4
36 3 38 3
30 3 32 3
11 3 11 8
26 2 26 4
6 2 6 8
18 0 19 0
38
31 3 32 3
28 7 28 8
7 18 8 18
9 18 10 18
27 33 27 32
22 35 22 34
5 35 4 35
26 9 25 9
27 10 28 10
26 7 25 7
25 8 24 8
24 7 24 6
23 8 22 8
26 8 26 9
26 9 26 8
26 8 26 9
26 9 26 8
26 8 26 9
26 9 26 8
26 8 26 9
26 9 26 8
26 8 26 9
26 9 26 8
26 8 26 9
26 9 26 8
26 8 26 9
26 9 26 8
26 8 26 9
26 9 26 8
26 8 26 9
26 9 26 8
26 8 26 9
26 9 26 8
26 8 26 9
26 9 26 8
26 8 26 9
26 9 26 8
26 8 26 9
171
13 18 17 18
17 18 20 18
19 17 20 17
19 19 19 20
20 16 20 17
20 17 20 18
8 7 8 8
8 7 10 7
8 8 10 8
10 8 10 11
10 11 11 11
11 11 13 11
30 33 30 36
30 33 35 33
30 36 31 36
35 33 35 37
35 37 35 38
28 17 28 18
28 18 29 18
29 14 29 18
29 18 30 18
30 18 34 18
27 7 27 9
27 7 29 7
27 9 27 11
27 9 31 9
27 11 29 11
12 6 12 9
12 9 12 10
12 10 17 10
16 16 17 16
17 10 17 16
18 2 18 5
18 5 19 5
19 5 21 5
21 1 21 5
21 5 21 7
0 30 1 30
1 30 3 30
3 19 3 30
3 30 8 30
35 23 35 24
35 24 35 27
35 24 37 24
37 24 37 26
15 21 18 21
17 24 19 24
18 21 19 21
19 21 19 24
33 13 33 14
33 14 35 14
35 11 35 14
35 14 35 18
21 35 23 35
23 30 23 34
23 34 23 35
23 23 23 24
23 24 24 24
24 24 26 24
2 17 2 20
2 17 3 17
3 17 5 17
8 19 10 19
10 16 10 18
10 18 10 19
19 13 20 13
20 13 29 13
29 12 29 13
23 3 23 7
23 3 24 3
23 7 23 9
5 3 5 14
5 14 12 14
12 14 12 29
25 0 25 5
25 0 26 0
25 5 29 5
16 38 17 38
17 36 17 38
8 38 10 38
10 35 10 38
3 36 4 36
4 36 4 38
25 35 26 35
26 33 26 35
5 34 7 34
7 34 7 36
3 33 7 33
7 33 10 33
12 32 13 32
13 30 13 32
1 31 1 33
1 31 2 31
34 29 34 31
34 31 35 31
35 28 36 28
36 28 36 29
25 28 25 29
25 29 25 33
33 22 33 25
33 22 35 22
14 17 16 17
16 17 18 17
7 17 7 19
7 19 7 24
4 13 4 16
4 16 8 16
2 6 2 7
2 7 2 9
9 2 14 2
14 2 14 3
27 0 27 4
27 0 29 0
0 38 3 38
23 37 25 37
19 36 22 36
11 35 11 36
4 35 6 35
0 35 0 37
12 34 15 34
28 33 28 36
19 33 19 35
29 32 29 34
27 32 27 34
18 32 21 32
32 29 32 30
20 27 22 27
17 27 18 27
24 26 24 29
19 26 19 31
15 26 15 27
9 26 9 27
2 26 2 27
17 25 17 26
24 23 27 23
16 23 16 25
29 21 33 21
21 21 21 25
1 21 1 26
34 20 37 20
23 20 25 20
15 20 17 20
28 19 28 23
20 19 23 19
11 17 11 19
28 15 28 16
22 15 24 15
27 14 27 15
18 14 24 14
10 13 12 13
0 13 0 14
2 11 2 12
37 10 37 12
26 9 26 10
21 9 21 10
9 9 9 10
0 9 0 10
28 8 34 8
19 8 21 8
7 8 7 9
25 7 25 9
3 7 4 7
24 6 26 6
18 6 18 9
9 4 10 4
36 3 38 3
30 3 32 3
11 3 11 8
26 2 26 4
6 2 6 8
18 0 19 0
39
31 3 32 3
28 7 28 8
7 18 8 18
9 18 10 18
27 33 27 32
22 35 22 34
5 35 4 35
26 9 25 9
27 10 28 10
26 7 25 7
25 8 24 8
24 7 24 6
23 8 22 8
26 8 26 9
26 9 26 8
26 8 26 9
26 9 26 8
26 8 26 9
26 9 26 8
26 8 26 9
26 9 26 8
26 8 26 9
26 9 26 8
26 8 26 9
26 9 26 8
26 8 26 9
26 9 26 8
26 8 26 9
26 9 26 8
26 8 26 9
26 9 26 8
26 8 26 9
26 9 26 8
26 8 26 9
26 9 26 8
26 8 26 9
26 9 26 8
26 8 26 9
26 9 26 8
171
13 18 17 18
17 18 20 18
19 17 20 17
19 19 19 20
20 16 20 17
20 17 20 18
8 7 8 8
8 7 10 7
8 8 10 8
10 8 10 11
10 11 11 11
11 11 13 11
30 33 30 36
30 33 35 33
30 36 31 36
35 33 35 37
35 37 35 38
28 17 28 18
28 18 29 18
29 14 29 18
29 18 30 18
30 18 34 18
27 7 27 9
27 7 29 7
27 9 27 11
27 9 31 9
27 11 29 11
12 6 12 9
12 9 12 10
12 10 17 10
16 16 17 16
17 10 17 16
18 2 18 5
18 5 19 5
19 5 21 5
21 1 21 5
21 5 21 7
0 30 1 30
1 30 3 30
3 19 3 30
3 30 8 30
35 23 35 24
35 24 35 27
35 24 37 24
37 24 37 26
15 21 18 21
17 24 19 24
18 21 19 21
19 21 19 24
33 13 33 14
33 14 35 14
35 11 35 14
35 14 35 18
21 35 23 35
23 30 23 34
23 34 23 35
23 23 23 24
23 24 24 24
24 24 26 24
2 17 2 20
2 17 3 17
3 17 5 17
8 19 10 19
10 16 10 18
10 18 10 19
19 13 20 13
20 13 29 13
29 12 29 13
23 3 23 7
23 3 24 3
23 7 23 9
5 3 5 14
5 14 12 14
12 14 12 29
25 0 25 5
25 0 26 0
25 5 29 5
16 38 17 38
17 36 17 38
8 38 10 38
10 35 10 38
3 36 4 36
4 36 4 38
25 35 26 35
26 33 26 35
5 34 7 34
7 34 7 36
3 33 7 33
7 33 10 33
12 32 13 32
13 30 13 32
1 31 1 33
1 31 2 31
34 29 34 31
34 31 35 31
35 28 36 28
36 28 36 29
25 28 25 29
25 29 25 33
33 22 33 25
33 22 35 22
14 17 16 17
16 17 18 17
7 17 7 19
7 19 7 24
4 13 4 16
4 16 8 16
2 6 2 7
2 7 2 9
9 2 14 2
14 2 14 3
27 0 27 4
27 0 29 0
0 38 3 38
23 37 25 37
19 36 22 36
11 35 11 36
4 35 6 35
0 35 0 37
12 34 15 34
28 33 28 36
19 33 19 35
29 32 29 34
27 32 27 34
18 32 21 32
32 29 32 30
20 27 22 27
17 27 18 27
24 26 24 29
19 26 19 31
15 26 15 27
9 26 9 27
2 26 2 27
17 25 17 26
24 23 27 23
16 23 16 25
29 21 33 21
21 21 21 25
1 21 1 26
34 20 37 20
23 20 25 20
15 20 17 20
28 19 28 23
20 19 23 19
11 17 11 19
28 15 28 16
22 15 24 15
27 14 27 15
18 14 24 14
10 13 12 13
0 13 0 14
2 11 2 12
37 10 37 12
21 9 21 10
9 9 9 10
0 9 0 10
28 8 34 8
26 8 26 10
19 8 21 8
7 8 7 9
25 7 25 9
3 7 4 7
24 6 26 6
18 6 18 9
9 4 10 4
36 3 38 3
30 3 32 3
11 3 11 8
26 2 26 4
6 2 6 8
18 0 19 0
40
31 3 32 3
28 7 28 8
7 18 8 18
9 18 10 18
27 33 27 32
22 35 22 34
5 35 4 35
26 9 25 9
27 10 28 10
26 7 25 7
25 8 24 8
24 7 24 6
23 8 22 8
26 8 26 9
26 9 26 8
26 8 26 9
26 9 26 8
26 8 26 9
26 9 26 8
26 8 26 9
26 9 26 8
26 8 26 9
26 9 26 8
26 8 26 9
26 9 26 8
26 8 26 9
26 9 26 8
26 8 26 9
26 9 26 8
26 8 26 9
26 9 26 8
26 8 26 9
26 9 26 8
26 8 26 9
26 9 26 8
26 8 26 9
26 9 26 8
26 8 26 9
26 9 26 8
26 8 26 9
171
13 18 17 18
17 18 20 18
19 17 20 17
19 19 19 20
20 16 20 17
20 17 20 18
8 7 8 8
8 7 10 7
8 8 10 8
10 8 10 11
10 11 11 11
11 11 13 11
30 33 30 36
30 33 35 33
30 36 31 36
35 33 35 37
35 37 35 38
28 17 28 18
28 18 29 18
29 14 29 18
29 18 30 18
30 18 34 18
27 7 27 9
27 7 29 7
27 9 27 11
27 9 31 9
27 11 29 11
12 6 12 9
12 9 12 10
12 10 17 10
16 16 17 16
17 10 17 16
18 2 18 5
18 5 19 5
19 5 21 5
21 1 21 5
21 5 21 7
0 30 1 30
1 30 3 30
3 19 3 30
3 30 8 30
35 23 35 24
35 24 35 27
35 24 37 24
37 24 37 26
15 21 18 21
17 24 19 24
18 21 19 21
19 21 19 24
33 13 33 14
33 14 35 14
35 11 35 14
35 14 35 18
21 35 23 35
23 30 23 34
23 34 23 35
23 23 23 24
23 24 24 24
24 24 26 24
2 17 2 20
2 17 3 17
3 17 5 17
8 19 10 19
10 16 10 18
10 18 10 19
19 13 20 13
20 13 29 13
29 12 29 13
23 3 23 7
23 3 24 3
23 7 23 9
5 3 5 14
5 14 12 14
12 14 12 29
25 0 25 5
25 0 26 0
25 5 29 5
16 38 17 38
17 36 17 38
8 38 10 38
10 35 10 38
3 36 4 36
4 36 4 38
25 35 26 35
26 33 26 35
5 34 7 34
7 34 7 36
3 33 7 33
7 33 10 33
12 32 13 32
13 30 13 32
1 31 1 33
1 31 2 31
34 29 34 31
34 31 35 31
35 28 36 28
36 28 36 29
25 28 25 29
25 29 25 33
33 22 33 25
33 22 35 22
14 17 16 17
16 17 18 17
7 17 7 19
7 19 7 24
4 13 4 16
4 16 8 16
2 6 2 7
2 7 2 9
9 2 14 2
14 2 14 3
27 0 27 4
27 0 29 0
0 38 3 38
23 37 25 37
19 36 22 36
11 35 11 36
4 35 6 35
0 35 0 37
12 34 15 34
28 33 28 36
19 33 19 35
29 32 29 34
27 32 27 34
18 32 21 32
32 29 32 30
20 27 22 27
17 27 18 27
24 26 24 29
19 26 19 31
15 26 15 27
9 26 9 27
2 26 2 27
17 25 17 26
24 23 27 23
16 23 16 25
29 21 33 21
21 21 21 25
1 21 1 26
34 20 37 20
23 20 25 20
15 20 17 20
28 19 28 23
20 19 23 19
11 17 11 19
28 15 28 16
22 15 24 15
27 14 27 15
18 14 24 14
10 13 12 13
0 13 0 14
2 11 2 12
37 10 37 12
26 9 26 10
21 9 21 10
9 9 9 10
0 9 0 10
28 8 34 8
19 8 21 8
7 8 7 9
25 7 25 9
3 7 4 7
24 6 26 6
18 6 18 9
9 4 10 4
36 3 38 3
30 3 32 3
11 3 11 8
26 2 26 4
6 2 6 8
18 0 19 0
41
31 3 32 3
28 7 28 8
7 18 8 18
9 18 10 18
27 33 27 32
22 35 22 34
5 35 4 35
26 9 25 9
27 10 28 10
26 7 25 7
25 8 24 8
24 7 24 6
23 8 22 8
26 8 26 9
26 9 26 8
26 8 26 9
26 9 26 8
26 8 26 9
26 9 26 8
26 8 26 9
26 9 26 8
26 8 26 9
26 9 26 8
26 8 26 9
26 9 26 8
26 8 26 9
26 9 26 8
26 8 26 9
26 9 26 8
26 8 26 9
26 9 26 8
26 8 26 9
26 9 26 8
26 8 26 9
26 9 26 8
26 8 26 9
26 9 26 8
26 8 26 9
26 9 26 8
26 8 26 9
26 9 26 8
171
13 18 17 18
17 18 20 18
19 17 20 17
19 19 19 20
20 16 20 17
20 17 20 18
8 7 8 8
8 7 10 7
8 8 10 8
10 8 10 11
10 11 11 11
11 11 13 11
30 33 30 36
30 33 35 33
30 36 31 36
35 33 35 37
35 37 35 38
28 17 28 18
28 18 29 18
29 14 29 18
29 18 30 18
30 18 34 18
27 7 27 9
27 7 29 7
27 9 27 11
27 9 31 9
27 11 29 11
12 6 12 9
12 9 12 10
12 10 17 10
16 16 17 16
17 10 17 16
18 2 18 5
18 5 19 5
19 5 21 5
21 1 21 5
21 5 21 7
0 30 1 30
1 30 3 30
3 19 3 30
3 30 8 30
35 23 35 24
35 24 35 27
35 24 37 24
37 24 37 26
15 21 18 21
17 24 19 24
18 21 19 21
19 21 19 24
33 13 33 14
33 14 35 14
35 11 35 14
35 14 35 18
21 35 23 35
23 30 23 34
23 34 23 35
23 23 23 24
23 24 24 24
24 24 26 24
2 17 2 20
2 17 3 17
3 17 5 17
8 19 10 19
10 16 10 18
10 18 10 19
19 13 20 13
20 13 29 13
29 12 29 13
23 3 23 7
23 3 24 3
23 7 23 9
5 3 5 14
5 14 12 14
12 14 12 29
25 0 25 5
25 0 26 0
25 5 29 5
16 38 17 38
17 36 17 38
8 38 10 38
10 35 10 38
3 36 4 36
4 36 4 38
25 35 26 35
26 33 26 35
5 34 7 34
7 34 7 36
3 33 7 33
7 33 10 33
12 32 13 32
13 30 13 32
1 31 1 33
1 31 2 31
34 29 34 31
34 31 35 31
35 28 36 28
36 28 36 29
25 28 25 29
25 29 25 33
33 22 33 25
33 22 35 22
14 17 16 17
16 17 18 17
7 17 7 19
7 19 7 24
4 13 4 16
4 16 8 16
2 6 2 7
2 7 2 9
9 2 14 2
14 2 14 3
27 0 27 4
27 0 29 0
0 38 3 38
23 37 25 37
19 36 22 36
11 35 11 36
4 35 6 35
0 35 0 37
12 34 15 34
28 33 28 36
19 33 19 35
29 32 29 34
27 32 27 34
18 32 21 32
32 29 32 30
20 27 22 27
17 27 18 27
24 26 24 29
19 26 19 31
15 26 15 27
9 26 9 27
2 26 2 27
17 25 17 26
24 23 27 23
16 23 16 25
29 21 33 21
21 21 21 25
1 21 1 26
34 20 37 20
23 20 25 20
15 20 17 20
28 19 28 23
20 19 23 19
11 17 11 19
28 15 28 16
22 15 24 15
27 14 27 15
18 14 24 14
10 13 12 13
0 13 0 14
2 11 2 12
37 10 37 12
21 9 21 10
9 9 9 10
0 9 0 10
28 8 34 8
26 8 26 10
19 8 21 8
7 8 7 9
25 7 25 9
3 7 4 7
24 6 26 6
18 6 18 9
9 4 10 4
36 3 38 3
30 3 32 3
11 3 11 8
26 2 26 4
6 2 6 8
18 0 19 0
13
31 3 32 3
28 7 28 8
7 18 8 18
9 18 10 18
27 33 27 32
22 35 22 34
5 35 4 35
26 9 25 9
27 10 28 10
26 7 25 7
25 8 24 8
24 7 24 6
23 8 22 8
171
13 18 17 18
17 18 20 18
19 17 20 17
19 19 19 20
20 16 20 17
20 17 20 18
8 7 8 8
8 7 10 7
8 8 10 8
10 8 10 11
10 11 11 11
11 11 13 11
30 33 30 36
30 33 35 33
30 36 31 36
35 33 35 37
35 37 35 38
28 17 28 18
28 18 29 18
29 14 29 18
29 18 30 18
30 18 34 18
27 7 27 9
27 7 29 7
27 9 27 11
27 9 31 9
27 11 29 11
12 6 12 9
12 9 12 10
12 10 17 10
16 16 17 16
17 10 17 16
18 2 18 5
18 5 19 5
19 5 21 5
21 1 21 5
21 5 21 7
0 30 1 30
1 30 3 30
3 19 3 30
3 30 8 30
35 23 35 24
35 24 35 27
35 24 37 24
37 24 37 26
15 21 18 21
17 24 19 24
18 21 19 21
19 21 19 24
33 13 33 14
33 14 35 14
35 11 35 14
35 14 35 18
21 35 23 35
23 30 23 34
23 34 23 35
23 23 23 24
23 24 24 24
24 24 26 24
2 17 2 20
2 17 3 17
3 17 5 17
8 19 10 19
10 16 10 18
10 18 10 19
19 13 20 13
20 13 29 13
29 12 29 13
23 3 23 7
23 3 24 3
23 7 23 9
5 3 5 14
5 14 12 14
12 14 12 29
25 0 25 5
25 0 26 0
25 5 29 5
16 38 17 38
17 36 17 38
8 38 10 38
10 35 10 38
3 36 4 36
4 36 4 38
25 35 26 35
26 33 26 35
5 34 7 34
7 34 7 36
3 33 7 33
7 33 10 33
12 32 13 32
13 30 13 32
1 31 1 33
1 31 2 31
34 29 34 31
34 31 35 31
35 28 36 28
36 28 36 29
25 28 25 29
25 29 25 33
33 22 33 25
33 22 35 22
14 17 16 17
16 17 18 17
7 17 7 19
7 19 7 24
4 13 4 16
4 16 8 16
2 6 2 7
2 7 2 9
9 2 14 2
14 2 14 3
27 0 27 4
27 0 29 0
0 38 3 38
23 37 25 37
19 36 22 36
11 35 11 36
4 35 6 35
0 35 0 37
12 34 15 34
28 33 28 36
19 33 19 35
29 32 29 34
27 32 27 34
18 32 21 32
32 29 32 30
20 27 22 27
17 27 18 27
24 26 24 29
19 26 19 31
15 26 15 27
9 26 9 27
2 26 2 27
17 25 17 26
24 23 27 23
16 23 16 25
29 21 33 21
21 21 21 25
1 21 1 26
34 20 37 20
23 20 25 20
15 20 17 20
28 19 28 23
20 19 23 19
11 17 11 19
28 15 28 16
22 15 24 15
27 14 27 15
18 14 24 14
10 13 12 13
0 13 0 14
2 11 2 12
37 10 37 12
21 9 21 10
9 9 9 10
0 9 0 10
28 8 34 8
26 8 26 10
19 8 21 8
7 8 7 9
25 7 25 9
3 7 4 7
24 6 26 6
18 6 18 9
9 4 10 4
36 3 38 3
30 3 32 3
11 3 11 8
26 2 26 4
6 2 6 8
18 0 19 0
