0
155
7 21 7 22
7 21 10 21
10 7 10 15
10 7 11 7
10 15 10 21
10 15 13 15
11 7 13 7
13 1 13 7
13 7 15 7
13 15 13 16
15 6 15 7
1 31 1 33
1 33 2 33
2 33 2 37
2 33 7 33
2 37 2 38
7 33 8 33
8 29 8 33
8 33 8 34
17 14 18 14
17 19 18 19
18 14 18 15
18 15 18 19
18 15 20 15
20 15 20 17
23 30 23 32
23 30 27 30
24 29 27 29
27 29 27 30
27 30 33 30
27 23 27 24
27 23 28 23
27 24 27 26
27 26 29 26
12 21 22 21
22 21 22 22
22 22 25 22
25 22 25 27
28 2 36 2
36 0 36 1
36 1 36 2
36 2 36 11
17 37 22 37
22 34 22 37
22 37 22 38
20 30 20 34
20 30 21 30
21 26 21 30
11 18 11 19
11 19 11 20
11 20 11 21
28 17 30 17
30 11 30 17
30 17 32 17
3 12 6 12
6 12 7 12
7 10 7 12
28 10 30 10
30 7 30 10
30 7 34 7
0 7 0 13
0 7 5 7
0 13 0 14
27 5 27 6
27 6 27 7
27 7 27 9
8 4 8 6
8 4 9 4
9 4 9 5
31 34 31 35
31 35 32 35
24 34 30 34
30 34 30 35
16 30 16 32
16 32 16 35
9 29 9 30
9 30 15 30
3 25 3 28
3 28 4 28
2 23 8 23
8 23 11 23
28 21 36 21
36 21 37 21
0 21 0 29
0 29 1 29
20 19 22 19
22 16 22 19
2 19 2 21
2 19 6 19
16 16 16 18
16 18 16 20
27 11 27 22
27 22 28 22
4 9 8 9
8 9 8 11
16 5 21 5
21 5 21 8
6 38 10 38
28 37 32 37
32 36 35 36
27 36 27 37
3 36 3 38
5 35 10 35
36 34 36 36
10 34 15 34
4 34 4 38
23 33 23 34
13 33 14 33
24 32 26 32
31 31 35 31
18 31 18 33
17 31 17 32
0 30 0 33
7 29 7 31
4 29 4 31
18 27 18 30
7 27 11 27
9 26 11 26
28 25 29 25
20 25 20 26
36 24 38 24
31 24 33 24
19 24 19 31
26 23 26 24
37 22 37 23
32 19 35 19
1 18 1 21
38 17 38 18
7 17 7 19
3 15 4 15
37 14 37 15
25 14 25 16
1 14 4 14
22 13 26 13
12 13 14 13
22 12 25 12
23 11 26 11
38 10 38 13
35 10 35 12
19 9 19 14
17 9 18 9
16 9 16 11
37 8 37 9
14 8 19 8
1 8 1 9
28 7 28 9
9 6 9 14
30 5 32 5
38 4 38 7
18 4 25 4
23 3 25 3
25 2 26 2
19 2 20 2
12 1 12 3
20 0 21 0
1
7 13 8 13
155
7 21 7 22
7 21 10 21
10 7 10 15
10 7 11 7
10 15 10 21
10 15 13 15
11 7 13 7
13 1 13 7
13 7 15 7
13 15 13 16
15 6 15 7
1 31 1 33
1 33 2 33
2 33 2 37
2 33 7 33
2 37 2 38
7 33 8 33
8 29 8 33
8 33 8 34
17 14 18 14
17 19 18 19
18 14 18 15
18 15 18 19
18 15 20 15
20 15 20 17
23 30 23 32
23 30 27 30
24 29 27 29
27 29 27 30
27 30 33 30
27 23 27 24
27 23 28 23
27 24 27 26
27 26 29 26
12 21 22 21
22 21 22 22
22 22 25 22
25 22 25 27
28 2 36 2
36 0 36 1
36 1 36 2
36 2 36 11
17 37 22 37
22 34 22 37
22 37 22 38
20 30 20 34
20 30 21 30
21 26 21 30
11 18 11 19
11 19 11 20
11 20 11 21
28 17 30 17
30 11 30 17
30 17 32 17
3 12 6 12
6 12 7 12
7 10 7 12
28 10 30 10
30 7 30 10
30 7 34 7
0 7 0 13
0 7 5 7
0 13 0 14
27 5 27 6
27 6 27 7
27 7 27 9
8 4 8 6
8 4 9 4
9 4 9 5
31 34 31 35
31 35 32 35
24 34 30 34
30 34 30 35
16 30 16 32
16 32 16 35
9 29 9 30
9 30 15 30
3 25 3 28
3 28 4 28
2 23 8 23
8 23 11 23
28 21 36 21
36 21 37 21
0 21 0 29
0 29 1 29
20 19 22 19
22 16 22 19
2 19 2 21
2 19 6 19
16 16 16 18
16 18 16 20
27 11 27 22
27 22 28 22
4 9 8 9
8 9 8 11
16 5 21 5
21 5 21 8
6 38 10 38
28 37 32 37
32 36 35 36
27 36 27 37
3 36 3 38
5 35 10 35
36 34 36 36
10 34 15 34
4 34 4 38
23 33 23 34
13 33 14 33
24 32 26 32
31 31 35 31
18 31 18 33
17 31 17 32
0 30 0 33
7 29 7 31
4 29 4 31
18 27 18 30
7 27 11 27
9 26 11 26
28 25 29 25
20 25 20 26
36 24 38 24
31 24 33 24
19 24 19 31
26 23 26 24
37 22 37 23
32 19 35 19
1 18 1 21
38 17 38 18
7 17 7 19
3 15 4 15
37 14 37 15
25 14 25 16
1 14 4 14
22 13 26 13
12 13 14 13
22 12 25 12
23 11 26 11
38 10 38 13
35 10 35 12
19 9 19 14
17 9 18 9
16 9 16 11
37 8 37 9
14 8 19 8
1 8 1 9
28 7 28 9
9 6 9 14
30 5 32 5
38 4 38 7
18 4 25 4
23 3 25 3
25 2 26 2
19 2 20 2
12 1 12 3
20 0 21 0
2
7 13 8 13
6 19 5 19
156
7 21 7 22
7 21 10 21
10 7 10 15
10 7 11 7
10 15 10 21
10 15 13 15
11 7 13 7
13 1 13 7
13 7 15 7
13 15 13 16
15 6 15 7
1 31 1 33
1 33 2 33
2 33 2 37
2 33 7 33
2 37 2 38
7 33 8 33
8 29 8 33
8 33 8 34
17 14 18 14
17 19 18 19
18 14 18 15
18 15 18 19
18 15 20 15
20 15 20 17
23 30 23 32
23 30 27 30
24 29 27 29
27 29 27 30
27 30 33 30
27 23 27 24
27 23 28 23
27 24 27 26
27 26 29 26
12 21 22 21
22 21 22 22
22 22 25 22
25 22 25 27
28 2 36 2
36 0 36 1
36 1 36 2
36 2 36 11
17 37 22 37
22 34 22 37
22 37 22 38
20 30 20 34
20 30 21 30
21 26 21 30
2 19 2 21
2 19 5 19
5 19 5 20
11 18 11 19
11 19 11 20
11 20 11 21
28 17 30 17
30 11 30 17
30 17 32 17
3 12 6 12
6 12 7 12
7 10 7 12
28 10 30 10
30 7 30 10
30 7 34 7
0 7 0 13
0 7 5 7
0 13 0 14
27 5 27 6
27 6 27 7
27 7 27 9
8 4 8 6
8 4 9 4
9 4 9 5
31 34 31 35
31 35 32 35
24 34 30 34
30 34 30 35
16 30 16 32
16 32 16 35
9 29 9 30
9 30 15 30
3 25 3 28
3 28 4 28
2 23 8 23
8 23 11 23
28 21 36 21
36 21 37 21
0 21 0 29
0 29 1 29
20 19 22 19
22 16 22 19
16 16 16 18
16 18 16 20
27 11 27 22
27 22 28 22
4 9 8 9
8 9 8 11
16 5 21 5
21 5 21 8
6 38 10 38
28 37 32 37
32 36 35 36
27 36 27 37
3 36 3 38
5 35 10 35
36 34 36 36
10 34 15 34
4 34 4 38
23 33 23 34
13 33 14 33
24 32 26 32
31 31 35 31
18 31 18 33
17 31 17 32
0 30 0 33
7 29 7 31
4 29 4 31
18 27 18 30
7 27 11 27
9 26 11 26
28 25 29 25
20 25 20 26
36 24 38 24
31 24 33 24
19 24 19 31
26 23 26 24
37 22 37 23
32 19 35 19
1 18 1 21
38 17 38 18
7 17 7 19
3 15 4 15
37 14 37 15
25 14 25 16
1 14 4 14
22 13 26 13
12 13 14 13
22 12 25 12
23 11 26 11
38 10 38 13
35 10 35 12
19 9 19 14
17 9 18 9
16 9 16 11
37 8 37 9
14 8 19 8
1 8 1 9
28 7 28 9
9 6 9 14
30 5 32 5
38 4 38 7
18 4 25 4
23 3 25 3
25 2 26 2
19 2 20 2
12 1 12 3
20 0 21 0
3
7 13 8 13
6 19 5 19
34 12 34 11
156
7 21 7 22
7 21 10 21
10 7 10 15
10 7 11 7
10 15 10 21
10 15 13 15
11 7 13 7
13 1 13 7
13 7 15 7
13 15 13 16
15 6 15 7
1 31 1 33
1 33 2 33
2 33 2 37
2 33 7 33
2 37 2 38
7 33 8 33
8 29 8 33
8 33 8 34
17 14 18 14
17 19 18 19
18 14 18 15
18 15 18 19
18 15 20 15
20 15 20 17
23 30 23 32
23 30 27 30
24 29 27 29
27 29 27 30
27 30 33 30
27 23 27 24
27 23 28 23
27 24 27 26
27 26 29 26
12 21 22 21
22 21 22 22
22 22 25 22
25 22 25 27
28 2 36 2
36 0 36 1
36 1 36 2
36 2 36 11
17 37 22 37
22 34 22 37
22 37 22 38
20 30 20 34
20 30 21 30
21 26 21 30
2 19 2 21
2 19 5 19
5 19 5 20
11 18 11 19
11 19 11 20
11 20 11 21
28 17 30 17
30 11 30 17
30 17 32 17
3 12 6 12
6 12 7 12
7 10 7 12
28 10 30 10
30 7 30 10
30 7 34 7
0 7 0 13
0 7 5 7
0 13 0 14
27 5 27 6
27 6 27 7
27 7 27 9
8 4 8 6
8 4 9 4
9 4 9 5
31 34 31 35
31 35 32 35
24 34 30 34
30 34 30 35
16 30 16 32
16 32 16 35
9 29 9 30
9 30 15 30
3 25 3 28
3 28 4 28
2 23 8 23
8 23 11 23
28 21 36 21
36 21 37 21
0 21 0 29
0 29 1 29
20 19 22 19
22 16 22 19
16 16 16 18
16 18 16 20
27 11 27 22
27 22 28 22
4 9 8 9
8 9 8 11
16 5 21 5
21 5 21 8
6 38 10 38
28 37 32 37
32 36 35 36
27 36 27 37
3 36 3 38
5 35 10 35
36 34 36 36
10 34 15 34
4 34 4 38
23 33 23 34
13 33 14 33
24 32 26 32
31 31 35 31
18 31 18 33
17 31 17 32
0 30 0 33
7 29 7 31
4 29 4 31
18 27 18 30
7 27 11 27
9 26 11 26
28 25 29 25
20 25 20 26
36 24 38 24
31 24 33 24
19 24 19 31
26 23 26 24
37 22 37 23
32 19 35 19
1 18 1 21
38 17 38 18
7 17 7 19
3 15 4 15
37 14 37 15
25 14 25 16
1 14 4 14
22 13 26 13
12 13 14 13
22 12 25 12
23 11 26 11
38 10 38 13
35 10 35 12
19 9 19 14
17 9 18 9
16 9 16 11
37 8 37 9
14 8 19 8
1 8 1 9
28 7 28 9
9 6 9 14
30 5 32 5
38 4 38 7
18 4 25 4
23 3 25 3
25 2 26 2
19 2 20 2
12 1 12 3
20 0 21 0
4
7 13 8 13
6 19 5 19
34 12 34 11
30 6 31 6
156
7 21 7 22
7 21 10 21
10 7 10 15
10 7 11 7
10 15 10 21
10 15 13 15
11 7 13 7
13 1 13 7
13 7 15 7
13 15 13 16
15 6 15 7
1 31 1 33
1 33 2 33
2 33 2 37
2 33 7 33
2 37 2 38
7 33 8 33
8 29 8 33
8 33 8 34
17 14 18 14
17 19 18 19
18 14 18 15
18 15 18 19
18 15 20 15
20 15 20 17
23 30 23 32
23 30 27 30
24 29 27 29
27 29 27 30
27 30 33 30
27 23 27 24
27 23 28 23
27 24 27 26
27 26 29 26
12 21 22 21
22 21 22 22
22 22 25 22
25 22 25 27
28 2 36 2
36 0 36 1
36 1 36 2
36 2 36 11
17 37 22 37
22 34 22 37
22 37 22 38
20 30 20 34
20 30 21 30
21 26 21 30
2 19 2 21
2 19 5 19
5 19 5 20
11 18 11 19
11 19 11 20
11 20 11 21
28 17 30 17
30 11 30 17
30 17 32 17
3 12 6 12
6 12 7 12
7 10 7 12
28 10 30 10
30 7 30 10
30 7 34 7
0 7 0 13
0 7 5 7
0 13 0 14
27 5 27 6
27 6 27 7
27 7 27 9
8 4 8 6
8 4 9 4
9 4 9 5
31 34 31 35
31 35 32 35
24 34 30 34
30 34 30 35
16 30 16 32
16 32 16 35
9 29 9 30
9 30 15 30
3 25 3 28
3 28 4 28
2 23 8 23
8 23 11 23
28 21 36 21
36 21 37 21
0 21 0 29
0 29 1 29
20 19 22 19
22 16 22 19
16 16 16 18
16 18 16 20
27 11 27 22
27 22 28 22
4 9 8 9
8 9 8 11
16 5 21 5
21 5 21 8
6 38 10 38
28 37 32 37
32 36 35 36
27 36 27 37
3 36 3 38
5 35 10 35
36 34 36 36
10 34 15 34
4 34 4 38
23 33 23 34
13 33 14 33
24 32 26 32
31 31 35 31
18 31 18 33
17 31 17 32
0 30 0 33
7 29 7 31
4 29 4 31
18 27 18 30
7 27 11 27
9 26 11 26
28 25 29 25
20 25 20 26
36 24 38 24
31 24 33 24
19 24 19 31
26 23 26 24
37 22 37 23
32 19 35 19
1 18 1 21
38 17 38 18
7 17 7 19
3 15 4 15
37 14 37 15
25 14 25 16
1 14 4 14
22 13 26 13
12 13 14 13
22 12 25 12
23 11 26 11
38 10 38 13
35 10 35 12
19 9 19 14
17 9 18 9
16 9 16 11
37 8 37 9
14 8 19 8
1 8 1 9
28 7 28 9
9 6 9 14
30 5 32 5
38 4 38 7
18 4 25 4
23 3 25 3
25 2 26 2
19 2 20 2
12 1 12 3
20 0 21 0
5
7 13 8 13
6 19 5 19
34 12 34 11
30 6 31 6
28 6 28 5
156
7 21 7 22
7 21 10 21
10 7 10 15
10 7 11 7
10 15 10 21
10 15 13 15
11 7 13 7
13 1 13 7
13 7 15 7
13 15 13 16
15 6 15 7
1 31 1 33
1 33 2 33
2 33 2 37
2 33 7 33
2 37 2 38
7 33 8 33
8 29 8 33
8 33 8 34
17 14 18 14
17 19 18 19
18 14 18 15
18 15 18 19
18 15 20 15
20 15 20 17
23 30 23 32
23 30 27 30
24 29 27 29
27 29 27 30
27 30 33 30
27 23 27 24
27 23 28 23
27 24 27 26
27 26 29 26
12 21 22 21
22 21 22 22
22 22 25 22
25 22 25 27
28 2 36 2
36 0 36 1
36 1 36 2
36 2 36 11
17 37 22 37
22 34 22 37
22 37 22 38
20 30 20 34
20 30 21 30
21 26 21 30
2 19 2 21
2 19 5 19
5 19 5 20
11 18 11 19
11 19 11 20
11 20 11 21
28 17 30 17
30 11 30 17
30 17 32 17
3 12 6 12
6 12 7 12
7 10 7 12
28 10 30 10
30 7 30 10
30 7 34 7
0 7 0 13
0 7 5 7
0 13 0 14
27 5 27 6
27 6 27 7
27 7 27 9
8 4 8 6
8 4 9 4
9 4 9 5
31 34 31 35
31 35 32 35
24 34 30 34
30 34 30 35
16 30 16 32
16 32 16 35
9 29 9 30
9 30 15 30
3 25 3 28
3 28 4 28
2 23 8 23
8 23 11 23
28 21 36 21
36 21 37 21
0 21 0 29
0 29 1 29
20 19 22 19
22 16 22 19
16 16 16 18
16 18 16 20
27 11 27 22
27 22 28 22
4 9 8 9
8 9 8 11
16 5 21 5
21 5 21 8
6 38 10 38
28 37 32 37
32 36 35 36
27 36 27 37
3 36 3 38
5 35 10 35
36 34 36 36
10 34 15 34
4 34 4 38
23 33 23 34
13 33 14 33
24 32 26 32
31 31 35 31
18 31 18 33
17 31 17 32
0 30 0 33
7 29 7 31
4 29 4 31
18 27 18 30
7 27 11 27
9 26 11 26
28 25 29 25
20 25 20 26
36 24 38 24
31 24 33 24
19 24 19 31
26 23 26 24
37 22 37 23
32 19 35 19
1 18 1 21
38 17 38 18
7 17 7 19
3 15 4 15
37 14 37 15
25 14 25 16
1 14 4 14
22 13 26 13
12 13 14 13
22 12 25 12
23 11 26 11
38 10 38 13
35 10 35 12
19 9 19 14
17 9 18 9
16 9 16 11
37 8 37 9
14 8 19 8
1 8 1 9
28 7 28 9
9 6 9 14
30 5 32 5
38 4 38 7
18 4 25 4
23 3 25 3
25 2 26 2
19 2 20 2
12 1 12 3
20 0 21 0
6
7 13 8 13
6 19 5 19
34 12 34 11
30 6 31 6
28 6 28 5
5 19 4 19
155
7 21 7 22
7 21 10 21
10 7 10 15
10 7 11 7
10 15 10 21
10 15 13 15
11 7 13 7
13 1 13 7
13 7 15 7
13 15 13 16
15 6 15 7
1 31 1 33
1 33 2 33
2 33 2 37
2 33 7 33
2 37 2 38
7 33 8 33
8 29 8 33
8 33 8 34
17 14 18 14
17 19 18 19
18 14 18 15
18 15 18 19
18 15 20 15
20 15 20 17
23 30 23 32
23 30 27 30
24 29 27 29
27 29 27 30
27 30 33 30
27 23 27 24
27 23 28 23
27 24 27 26
27 26 29 26
12 21 22 21
22 21 22 22
22 22 25 22
25 22 25 27
28 2 36 2
36 0 36 1
36 1 36 2
36 2 36 11
17 37 22 37
22 34 22 37
22 37 22 38
20 30 20 34
20 30 21 30
21 26 21 30
11 18 11 19
11 19 11 20
11 20 11 21
28 17 30 17
30 11 30 17
30 17 32 17
3 12 6 12
6 12 7 12
7 10 7 12
28 10 30 10
30 7 30 10
30 7 34 7
0 7 0 13
0 7 5 7
0 13 0 14
27 5 27 6
27 6 27 7
27 7 27 9
8 4 8 6
8 4 9 4
9 4 9 5
31 34 31 35
31 35 32 35
24 34 30 34
30 34 30 35
16 30 16 32
16 32 16 35
9 29 9 30
9 30 15 30
3 25 3 28
3 28 4 28
2 23 8 23
8 23 11 23
28 21 36 21
36 21 37 21
0 21 0 29
0 29 1 29
20 19 22 19
22 16 22 19
2 19 2 21
2 19 4 19
16 16 16 18
16 18 16 20
27 11 27 22
27 22 28 22
4 9 8 9
8 9 8 11
16 5 21 5
21 5 21 8
6 38 10 38
28 37 32 37
32 36 35 36
27 36 27 37
3 36 3 38
5 35 10 35
36 34 36 36
10 34 15 34
4 34 4 38
23 33 23 34
13 33 14 33
24 32 26 32
31 31 35 31
18 31 18 33
17 31 17 32
0 30 0 33
7 29 7 31
4 29 4 31
18 27 18 30
7 27 11 27
9 26 11 26
28 25 29 25
20 25 20 26
36 24 38 24
31 24 33 24
19 24 19 31
26 23 26 24
37 22 37 23
32 19 35 19
1 18 1 21
38 17 38 18
7 17 7 19
3 15 4 15
37 14 37 15
25 14 25 16
1 14 4 14
22 13 26 13
12 13 14 13
22 12 25 12
23 11 26 11
38 10 38 13
35 10 35 12
19 9 19 14
17 9 18 9
16 9 16 11
37 8 37 9
14 8 19 8
1 8 1 9
28 7 28 9
9 6 9 14
30 5 32 5
38 4 38 7
18 4 25 4
23 3 25 3
25 2 26 2
19 2 20 2
12 1 12 3
20 0 21 0
7
7 13 8 13
6 19 5 19
34 12 34 11
30 6 31 6
28 6 28 5
5 19 4 19
27 6 26 6
155
7 21 7 22
7 21 10 21
10 7 10 15
10 7 11 7
10 15 10 21
10 15 13 15
11 7 13 7
13 1 13 7
13 7 15 7
13 15 13 16
15 6 15 7
1 31 1 33
1 33 2 33
2 33 2 37
2 33 7 33
2 37 2 38
7 33 8 33
8 29 8 33
8 33 8 34
17 14 18 14
17 19 18 19
18 14 18 15
18 15 18 19
18 15 20 15
20 15 20 17
23 30 23 32
23 30 27 30
24 29 27 29
27 29 27 30
27 30 33 30
27 23 27 24
27 23 28 23
27 24 27 26
27 26 29 26
12 21 22 21
22 21 22 22
22 22 25 22
25 22 25 27
28 2 36 2
36 0 36 1
36 1 36 2
36 2 36 11
17 37 22 37
22 34 22 37
22 37 22 38
20 30 20 34
20 30 21 30
21 26 21 30
11 18 11 19
11 19 11 20
11 20 11 21
28 17 30 17
30 11 30 17
30 17 32 17
3 12 6 12
6 12 7 12
7 10 7 12
28 10 30 10
30 7 30 10
30 7 34 7
0 7 0 13
0 7 5 7
0 13 0 14
8 4 8 6
8 4 9 4
9 4 9 5
31 34 31 35
31 35 32 35
24 34 30 34
30 34 30 35
16 30 16 32
16 32 16 35
9 29 9 30
9 30 15 30
3 25 3 28
3 28 4 28
2 23 8 23
8 23 11 23
28 21 36 21
36 21 37 21
0 21 0 29
0 29 1 29
20 19 22 19
22 16 22 19
2 19 2 21
2 19 4 19
16 16 16 18
16 18 16 20
27 11 27 22
27 22 28 22
4 9 8 9
8 9 8 11
27 5 27 7
27 7 27 9
16 5 21 5
21 5 21 8
6 38 10 38
28 37 32 37
32 36 35 36
27 36 27 37
3 36 3 38
5 35 10 35
36 34 36 36
10 34 15 34
4 34 4 38
23 33 23 34
13 33 14 33
24 32 26 32
31 31 35 31
18 31 18 33
17 31 17 32
0 30 0 33
7 29 7 31
4 29 4 31
18 27 18 30
7 27 11 27
9 26 11 26
28 25 29 25
20 25 20 26
36 24 38 24
31 24 33 24
19 24 19 31
26 23 26 24
37 22 37 23
32 19 35 19
1 18 1 21
38 17 38 18
7 17 7 19
3 15 4 15
37 14 37 15
25 14 25 16
1 14 4 14
22 13 26 13
12 13 14 13
22 12 25 12
23 11 26 11
38 10 38 13
35 10 35 12
19 9 19 14
17 9 18 9
16 9 16 11
37 8 37 9
14 8 19 8
1 8 1 9
28 7 28 9
9 6 9 14
30 5 32 5
38 4 38 7
26 4 26 6
18 4 25 4
23 3 25 3
25 2 26 2
19 2 20 2
12 1 12 3
20 0 21 0
8
7 13 8 13
6 19 5 19
34 12 34 11
30 6 31 6
28 6 28 5
5 19 4 19
27 6 26 6
26 12 27 12
156
7 21 7 22
7 21 10 21
10 7 10 15
10 7 11 7
10 15 10 21
10 15 13 15
11 7 13 7
13 1 13 7
13 7 15 7
13 15 13 16
15 6 15 7
1 31 1 33
1 33 2 33
2 33 2 37
2 33 7 33
2 37 2 38
7 33 8 33
8 29 8 33
8 33 8 34
17 14 18 14
17 19 18 19
18 14 18 15
18 15 18 19
18 15 20 15
20 15 20 17
23 30 23 32
23 30 27 30
24 29 27 29
27 29 27 30
27 30 33 30
27 23 27 24
27 23 28 23
27 24 27 26
27 26 29 26
12 21 22 21
22 21 22 22
22 22 25 22
25 22 25 27
22 13 26 13
23 11 26 11
26 11 26 13
26 13 34 13
28 2 36 2
36 0 36 1
36 1 36 2
36 2 36 11
17 37 22 37
22 34 22 37
22 37 22 38
20 30 20 34
20 30 21 30
21 26 21 30
11 18 11 19
11 19 11 20
11 20 11 21
3 12 6 12
6 12 7 12
7 10 7 12
28 10 30 10
30 7 30 10
30 7 34 7
0 7 0 13
0 7 5 7
0 13 0 14
8 4 8 6
8 4 9 4
9 4 9 5
31 34 31 35
31 35 32 35
24 34 30 34
30 34 30 35
16 30 16 32
16 32 16 35
9 29 9 30
9 30 15 30
3 25 3 28
3 28 4 28
2 23 8 23
8 23 11 23
28 21 36 21
36 21 37 21
0 21 0 29
0 29 1 29
20 19 22 19
22 16 22 19
2 19 2 21
2 19 4 19
28 17 30 17
30 17 32 17
16 16 16 18
16 18 16 20
4 9 8 9
8 9 8 11
27 5 27 7
27 7 27 9
16 5 21 5
21 5 21 8
6 38 10 38
28 37 32 37
32 36 35 36
27 36 27 37
3 36 3 38
5 35 10 35
36 34 36 36
10 34 15 34
4 34 4 38
23 33 23 34
13 33 14 33
24 32 26 32
31 31 35 31
18 31 18 33
17 31 17 32
0 30 0 33
7 29 7 31
4 29 4 31
18 27 18 30
7 27 11 27
9 26 11 26
28 25 29 25
20 25 20 26
36 24 38 24
31 24 33 24
19 24 19 31
26 23 26 24
37 22 37 23
27 22 28 22
32 19 35 19
1 18 1 21
38 17 38 18
7 17 7 19
3 15 4 15
37 14 37 15
29 14 36 14
25 14 25 16
1 14 4 14
12 13 14 13
22 12 25 12
38 10 38 13
35 10 35 12
19 9 19 14
17 9 18 9
16 9 16 11
37 8 37 9
14 8 19 8
1 8 1 9
28 7 28 9
9 6 9 14
30 5 32 5
38 4 38 7
26 4 26 6
18 4 25 4
23 3 25 3
25 2 26 2
19 2 20 2
12 1 12 3
20 0 21 0
9
7 13 8 13
6 19 5 19
34 12 34 11
30 6 31 6
28 6 28 5
5 19 4 19
27 6 26 6
26 12 27 12
18 14 18 13
155
7 21 7 22
7 21 10 21
10 7 10 15
10 7 11 7
10 15 10 21
10 15 13 15
11 7 13 7
13 1 13 7
13 7 15 7
13 15 13 16
15 6 15 7
17 19 18 19
18 13 18 15
18 13 22 13
18 15 18 19
18 15 20 15
20 15 20 17
22 13 26 13
23 11 26 11
26 11 26 13
26 13 34 13
1 31 1 33
1 33 2 33
2 33 2 37
2 33 7 33
2 37 2 38
7 33 8 33
8 29 8 33
8 33 8 34
23 30 23 32
23 30 27 30
24 29 27 29
27 29 27 30
27 30 33 30
27 23 27 24
27 23 28 23
27 24 27 26
27 26 29 26
12 21 22 21
22 21 22 22
22 22 25 22
25 22 25 27
28 2 36 2
36 0 36 1
36 1 36 2
36 2 36 11
17 37 22 37
22 34 22 37
22 37 22 38
20 30 20 34
20 30 21 30
21 26 21 30
11 18 11 19
11 19 11 20
11 20 11 21
3 12 6 12
6 12 7 12
7 10 7 12
28 10 30 10
30 7 30 10
30 7 34 7
0 7 0 13
0 7 5 7
0 13 0 14
8 4 8 6
8 4 9 4
9 4 9 5
31 34 31 35
31 35 32 35
24 34 30 34
30 34 30 35
16 30 16 32
16 32 16 35
9 29 9 30
9 30 15 30
3 25 3 28
3 28 4 28
2 23 8 23
8 23 11 23
28 21 36 21
36 21 37 21
0 21 0 29
0 29 1 29
20 19 22 19
22 16 22 19
2 19 2 21
2 19 4 19
28 17 30 17
30 17 32 17
16 16 16 18
16 18 16 20
4 9 8 9
8 9 8 11
27 5 27 7
27 7 27 9
16 5 21 5
21 5 21 8
6 38 10 38
28 37 32 37
32 36 35 36
27 36 27 37
3 36 3 38
5 35 10 35
36 34 36 36
10 34 15 34
4 34 4 38
23 33 23 34
13 33 14 33
24 32 26 32
31 31 35 31
18 31 18 33
17 31 17 32
0 30 0 33
7 29 7 31
4 29 4 31
18 27 18 30
7 27 11 27
9 26 11 26
28 25 29 25
20 25 20 26
36 24 38 24
31 24 33 24
19 24 19 31
26 23 26 24
37 22 37 23
27 22 28 22
32 19 35 19
1 18 1 21
38 17 38 18
7 17 7 19
3 15 4 15
37 14 37 15
29 14 36 14
25 14 25 16
1 14 4 14
12 13 14 13
22 12 25 12
38 10 38 13
35 10 35 12
17 9 18 9
16 9 16 11
37 8 37 9
14 8 19 8
1 8 1 9
28 7 28 9
9 6 9 14
30 5 32 5
38 4 38 7
26 4 26 6
18 4 25 4
23 3 25 3
25 2 26 2
19 2 20 2
12 1 12 3
20 0 21 0
10
7 13 8 13
6 19 5 19
34 12 34 11
30 6 31 6
28 6 28 5
5 19 4 19
27 6 26 6
26 12 27 12
18 14 18 13
17 13 17 12
157
16 13 18 13
17 19 18 19
18 13 18 15
18 13 22 13
18 15 18 19
18 15 20 15
20 15 20 17
22 13 26 13
23 11 26 11
26 11 26 13
26 13 34 13
7 21 7 22
7 21 10 21
10 7 10 15
10 7 11 7
10 15 10 21
10 15 13 15
11 7 13 7
13 1 13 7
13 7 15 7
13 15 13 16
15 6 15 7
1 31 1 33
1 33 2 33
2 33 2 37
2 33 7 33
2 37 2 38
7 33 8 33
8 29 8 33
8 33 8 34
23 30 23 32
23 30 27 30
24 29 27 29
27 29 27 30
27 30 33 30
27 23 27 24
27 23 28 23
27 24 27 26
27 26 29 26
12 21 22 21
22 21 22 22
22 22 25 22
25 22 25 27
28 2 36 2
36 0 36 1
36 1 36 2
36 2 36 11
17 37 22 37
22 34 22 37
22 37 22 38
20 30 20 34
20 30 21 30
21 26 21 30
11 18 11 19
11 19 11 20
11 20 11 21
3 12 6 12
6 12 7 12
7 10 7 12
28 10 30 10
30 7 30 10
30 7 34 7
0 7 0 13
0 7 5 7
0 13 0 14
8 4 8 6
8 4 9 4
9 4 9 5
31 34 31 35
31 35 32 35
24 34 30 34
30 34 30 35
16 30 16 32
16 32 16 35
9 29 9 30
9 30 15 30
3 25 3 28
3 28 4 28
2 23 8 23
8 23 11 23
28 21 36 21
36 21 37 21
0 21 0 29
0 29 1 29
20 19 22 19
22 16 22 19
2 19 2 21
2 19 4 19
28 17 30 17
30 17 32 17
16 16 16 18
16 18 16 20
17 12 22 12
22 12 25 12
4 9 8 9
8 9 8 11
27 5 27 7
27 7 27 9
16 5 21 5
21 5 21 8
6 38 10 38
28 37 32 37
32 36 35 36
27 36 27 37
3 36 3 38
5 35 10 35
36 34 36 36
10 34 15 34
4 34 4 38
23 33 23 34
13 33 14 33
24 32 26 32
31 31 35 31
18 31 18 33
17 31 17 32
0 30 0 33
7 29 7 31
4 29 4 31
18 27 18 30
7 27 11 27
9 26 11 26
28 25 29 25
20 25 20 26
36 24 38 24
31 24 33 24
19 24 19 31
26 23 26 24
37 22 37 23
27 22 28 22
32 19 35 19
1 18 1 21
38 17 38 18
7 17 7 19
3 15 4 15
37 14 37 15
29 14 36 14
25 14 25 16
1 14 4 14
12 13 14 13
38 10 38 13
35 10 35 12
17 9 18 9
16 9 16 11
37 8 37 9
14 8 19 8
1 8 1 9
28 7 28 9
9 6 9 14
30 5 32 5
38 4 38 7
26 4 26 6
18 4 25 4
23 3 25 3
25 2 26 2
19 2 20 2
12 1 12 3
20 0 21 0
11
7 13 8 13
6 19 5 19
34 12 34 11
30 6 31 6
28 6 28 5
5 19 4 19
27 6 26 6
26 12 27 12
18 14 18 13
17 13 17 12
8 29 8 30
158
16 13 18 13
17 19 18 19
18 13 18 15
18 13 22 13
18 15 18 19
18 15 20 15
20 15 20 17
22 13 26 13
23 11 26 11
26 11 26 13
26 13 34 13
7 21 7 22
7 21 10 21
10 7 10 15
10 7 11 7
10 15 10 21
10 15 13 15
11 7 13 7
13 1 13 7
13 7 15 7
13 15 13 16
15 6 15 7
1 31 1 33
1 33 2 33
2 33 2 37
2 33 7 33
2 37 2 38
5 30 8 30
7 33 8 33
8 30 8 33
8 33 8 34
23 30 23 32
23 30 27 30
24 29 27 29
27 29 27 30
27 30 33 30
27 23 27 24
27 23 28 23
27 24 27 26
27 26 29 26
12 21 22 21
22 21 22 22
22 22 25 22
25 22 25 27
28 2 36 2
36 0 36 1
36 1 36 2
36 2 36 11
17 37 22 37
22 34 22 37
22 37 22 38
20 30 20 34
20 30 21 30
21 26 21 30
7 29 9 29
9 29 9 30
9 30 15 30
11 18 11 19
11 19 11 20
11 20 11 21
3 12 6 12
6 12 7 12
7 10 7 12
28 10 30 10
30 7 30 10
30 7 34 7
0 7 0 13
0 7 5 7
0 13 0 14
8 4 8 6
8 4 9 4
9 4 9 5
31 34 31 35
31 35 32 35
24 34 30 34
30 34 30 35
16 30 16 32
16 32 16 35
3 25 3 28
3 28 4 28
2 23 8 23
8 23 11 23
28 21 36 21
36 21 37 21
0 21 0 29
0 29 1 29
20 19 22 19
22 16 22 19
2 19 2 21
2 19 4 19
28 17 30 17
30 17 32 17
16 16 16 18
16 18 16 20
17 12 22 12
22 12 25 12
4 9 8 9
8 9 8 11
27 5 27 7
27 7 27 9
16 5 21 5
21 5 21 8
6 38 10 38
28 37 32 37
32 36 35 36
27 36 27 37
3 36 3 38
5 35 10 35
36 34 36 36
10 34 15 34
4 34 4 38
23 33 23 34
13 33 14 33
24 32 26 32
31 31 35 31
18 31 18 33
17 31 17 32
0 30 0 33
4 29 4 31
18 27 18 30
7 27 11 27
9 26 11 26
28 25 29 25
20 25 20 26
36 24 38 24
31 24 33 24
19 24 19 31
26 23 26 24
37 22 37 23
27 22 28 22
32 19 35 19
1 18 1 21
38 17 38 18
7 17 7 19
3 15 4 15
37 14 37 15
29 14 36 14
25 14 25 16
1 14 4 14
12 13 14 13
38 10 38 13
35 10 35 12
17 9 18 9
16 9 16 11
37 8 37 9
14 8 19 8
1 8 1 9
28 7 28 9
9 6 9 14
30 5 32 5
38 4 38 7
26 4 26 6
18 4 25 4
23 3 25 3
25 2 26 2
19 2 20 2
12 1 12 3
20 0 21 0
12
7 13 8 13
6 19 5 19
34 12 34 11
30 6 31 6
28 6 28 5
5 19 4 19
27 6 26 6
26 12 27 12
18 14 18 13
17 13 17 12
8 29 8 30
9 30 10 30
157
16 13 18 13
17 19 18 19
18 13 18 15
18 13 22 13
18 15 18 19
18 15 20 15
20 15 20 17
22 13 26 13
23 11 26 11
26 11 26 13
26 13 34 13
7 21 7 22
7 21 10 21
10 7 10 15
10 7 11 7
10 15 10 21
10 15 13 15
11 7 13 7
13 1 13 7
13 7 15 7
13 15 13 16
15 6 15 7
1 31 1 33
1 33 2 33
2 33 2 37
2 33 7 33
2 37 2 38
5 30 8 30
7 33 8 33
8 30 8 33
8 33 8 34
23 30 23 32
23 30 27 30
24 29 27 29
27 29 27 30
27 30 33 30
27 23 27 24
27 23 28 23
27 24 27 26
27 26 29 26
12 21 22 21
22 21 22 22
22 22 25 22
25 22 25 27
28 2 36 2
36 0 36 1
36 1 36 2
36 2 36 11
17 37 22 37
22 34 22 37
22 37 22 38
20 30 20 34
20 30 21 30
21 26 21 30
11 18 11 19
11 19 11 20
11 20 11 21
3 12 6 12
6 12 7 12
7 10 7 12
28 10 30 10
30 7 30 10
30 7 34 7
0 7 0 13
0 7 5 7
0 13 0 14
8 4 8 6
8 4 9 4
9 4 9 5
31 34 31 35
31 35 32 35
24 34 30 34
30 34 30 35
16 30 16 32
16 32 16 35
3 25 3 28
3 28 4 28
2 23 8 23
8 23 11 23
28 21 36 21
36 21 37 21
0 21 0 29
0 29 1 29
20 19 22 19
22 16 22 19
2 19 2 21
2 19 4 19
28 17 30 17
30 17 32 17
16 16 16 18
16 18 16 20
17 12 22 12
22 12 25 12
4 9 8 9
8 9 8 11
27 5 27 7
27 7 27 9
16 5 21 5
21 5 21 8
6 38 10 38
28 37 32 37
32 36 35 36
27 36 27 37
3 36 3 38
5 35 10 35
36 34 36 36
10 34 15 34
4 34 4 38
23 33 23 34
13 33 14 33
24 32 26 32
31 31 35 31
18 31 18 33
17 31 17 32
10 30 15 30
0 30 0 33
7 29 9 29
4 29 4 31
18 27 18 30
7 27 11 27
9 26 11 26
28 25 29 25
20 25 20 26
36 24 38 24
31 24 33 24
19 24 19 31
26 23 26 24
37 22 37 23
27 22 28 22
32 19 35 19
1 18 1 21
38 17 38 18
7 17 7 19
3 15 4 15
37 14 37 15
29 14 36 14
25 14 25 16
1 14 4 14
12 13 14 13
38 10 38 13
35 10 35 12
17 9 18 9
16 9 16 11
37 8 37 9
14 8 19 8
1 8 1 9
28 7 28 9
9 6 9 14
30 5 32 5
38 4 38 7
26 4 26 6
18 4 25 4
23 3 25 3
25 2 26 2
19 2 20 2
12 1 12 3
20 0 21 0
13
7 13 8 13
6 19 5 19
34 12 34 11
30 6 31 6
28 6 28 5
5 19 4 19
27 6 26 6
26 12 27 12
18 14 18 13
17 13 17 12
8 29 8 30
9 30 10 30
7 28 6 28
157
16 13 18 13
17 19 18 19
18 13 18 15
18 13 22 13
18 15 18 19
18 15 20 15
20 15 20 17
22 13 26 13
23 11 26 11
26 11 26 13
26 13 34 13
7 21 7 22
7 21 10 21
10 7 10 15
10 7 11 7
10 15 10 21
10 15 13 15
11 7 13 7
13 1 13 7
13 7 15 7
13 15 13 16
15 6 15 7
1 31 1 33
1 33 2 33
2 33 2 37
2 33 7 33
2 37 2 38
5 30 8 30
7 33 8 33
8 30 8 33
8 33 8 34
23 30 23 32
23 30 27 30
24 29 27 29
27 29 27 30
27 30 33 30
27 23 27 24
27 23 28 23
27 24 27 26
27 26 29 26
12 21 22 21
22 21 22 22
22 22 25 22
25 22 25 27
28 2 36 2
36 0 36 1
36 1 36 2
36 2 36 11
17 37 22 37
22 34 22 37
22 37 22 38
20 30 20 34
20 30 21 30
21 26 21 30
11 18 11 19
11 19 11 20
11 20 11 21
3 12 6 12
6 12 7 12
7 10 7 12
28 10 30 10
30 7 30 10
30 7 34 7
0 7 0 13
0 7 5 7
0 13 0 14
8 4 8 6
8 4 9 4
9 4 9 5
31 34 31 35
31 35 32 35
24 34 30 34
30 34 30 35
16 30 16 32
16 32 16 35
3 25 3 28
3 28 4 28
2 23 8 23
8 23 11 23
28 21 36 21
36 21 37 21
0 21 0 29
0 29 1 29
20 19 22 19
22 16 22 19
2 19 2 21
2 19 4 19
28 17 30 17
30 17 32 17
16 16 16 18
16 18 16 20
17 12 22 12
22 12 25 12
4 9 8 9
8 9 8 11
27 5 27 7
27 7 27 9
16 5 21 5
21 5 21 8
6 38 10 38
28 37 32 37
32 36 35 36
27 36 27 37
3 36 3 38
5 35 10 35
36 34 36 36
10 34 15 34
4 34 4 38
23 33 23 34
13 33 14 33
24 32 26 32
31 31 35 31
18 31 18 33
17 31 17 32
10 30 15 30
0 30 0 33
7 29 9 29
4 29 4 31
18 27 18 30
7 27 11 27
9 26 11 26
28 25 29 25
20 25 20 26
36 24 38 24
31 24 33 24
19 24 19 31
26 23 26 24
37 22 37 23
27 22 28 22
32 19 35 19
1 18 1 21
38 17 38 18
7 17 7 19
3 15 4 15
37 14 37 15
29 14 36 14
25 14 25 16
1 14 4 14
12 13 14 13
38 10 38 13
35 10 35 12
17 9 18 9
16 9 16 11
37 8 37 9
14 8 19 8
1 8 1 9
28 7 28 9
9 6 9 14
30 5 32 5
38 4 38 7
26 4 26 6
18 4 25 4
23 3 25 3
25 2 26 2
19 2 20 2
12 1 12 3
20 0 21 0
14
7 13 8 13
6 19 5 19
34 12 34 11
30 6 31 6
28 6 28 5
5 19 4 19
27 6 26 6
26 12 27 12
18 14 18 13
17 13 17 12
8 29 8 30
9 30 10 30
7 28 6 28
6 13 5 13
157
16 13 18 13
17 19 18 19
18 13 18 15
18 13 22 13
18 15 18 19
18 15 20 15
20 15 20 17
22 13 26 13
23 11 26 11
26 11 26 13
26 13 34 13
7 21 7 22
7 21 10 21
10 7 10 15
10 7 11 7
10 15 10 21
10 15 13 15
11 7 13 7
13 1 13 7
13 7 15 7
13 15 13 16
15 6 15 7
1 31 1 33
1 33 2 33
2 33 2 37
2 33 7 33
2 37 2 38
5 30 8 30
7 33 8 33
8 30 8 33
8 33 8 34
23 30 23 32
23 30 27 30
24 29 27 29
27 29 27 30
27 30 33 30
27 23 27 24
27 23 28 23
27 24 27 26
27 26 29 26
12 21 22 21
22 21 22 22
22 22 25 22
25 22 25 27
28 2 36 2
36 0 36 1
36 1 36 2
36 2 36 11
17 37 22 37
22 34 22 37
22 37 22 38
20 30 20 34
20 30 21 30
21 26 21 30
11 18 11 19
11 19 11 20
11 20 11 21
3 12 6 12
6 12 7 12
7 10 7 12
28 10 30 10
30 7 30 10
30 7 34 7
0 7 0 13
0 7 5 7
0 13 0 14
8 4 8 6
8 4 9 4
9 4 9 5
31 34 31 35
31 35 32 35
24 34 30 34
30 34 30 35
16 30 16 32
16 32 16 35
3 25 3 28
3 28 4 28
2 23 8 23
8 23 11 23
28 21 36 21
36 21 37 21
0 21 0 29
0 29 1 29
20 19 22 19
22 16 22 19
2 19 2 21
2 19 4 19
28 17 30 17
30 17 32 17
16 16 16 18
16 18 16 20
17 12 22 12
22 12 25 12
4 9 8 9
8 9 8 11
27 5 27 7
27 7 27 9
16 5 21 5
21 5 21 8
6 38 10 38
28 37 32 37
32 36 35 36
27 36 27 37
3 36 3 38
5 35 10 35
36 34 36 36
10 34 15 34
4 34 4 38
23 33 23 34
13 33 14 33
24 32 26 32
31 31 35 31
18 31 18 33
17 31 17 32
10 30 15 30
0 30 0 33
7 29 9 29
4 29 4 31
18 27 18 30
7 27 11 27
9 26 11 26
28 25 29 25
20 25 20 26
36 24 38 24
31 24 33 24
19 24 19 31
26 23 26 24
37 22 37 23
27 22 28 22
32 19 35 19
1 18 1 21
38 17 38 18
7 17 7 19
3 15 4 15
37 14 37 15
29 14 36 14
25 14 25 16
1 14 4 14
12 13 14 13
38 10 38 13
35 10 35 12
17 9 18 9
16 9 16 11
37 8 37 9
14 8 19 8
1 8 1 9
28 7 28 9
9 6 9 14
30 5 32 5
38 4 38 7
26 4 26 6
18 4 25 4
23 3 25 3
25 2 26 2
19 2 20 2
12 1 12 3
20 0 21 0
15
7 13 8 13
6 19 5 19
34 12 34 11
30 6 31 6
28 6 28 5
5 19 4 19
27 6 26 6
26 12 27 12
18 14 18 13
17 13 17 12
8 29 8 30
9 30 10 30
7 28 6 28
6 13 5 13
13 33 13 34
156
16 13 18 13
17 19 18 19
18 13 18 15
18 13 22 13
18 15 18 19
18 15 20 15
20 15 20 17
22 13 26 13
23 11 26 11
26 11 26 13
26 13 34 13
7 21 7 22
7 21 10 21
10 7 10 15
10 7 11 7
10 15 10 21
10 15 13 15
11 7 13 7
13 1 13 7
13 7 15 7
13 15 13 16
15 6 15 7
1 31 1 33
1 33 2 33
2 33 2 37
2 33 7 33
2 37 2 38
5 30 8 30
7 33 8 33
8 30 8 33
8 33 8 34
23 30 23 32
23 30 27 30
24 29 27 29
27 29 27 30
27 30 33 30
27 23 27 24
27 23 28 23
27 24 27 26
27 26 29 26
12 21 22 21
22 21 22 22
22 22 25 22
25 22 25 27
28 2 36 2
36 0 36 1
36 1 36 2
36 2 36 11
17 37 22 37
22 34 22 37
22 37 22 38
20 30 20 34
20 30 21 30
21 26 21 30
11 18 11 19
11 19 11 20
11 20 11 21
3 12 6 12
6 12 7 12
7 10 7 12
28 10 30 10
30 7 30 10
30 7 34 7
0 7 0 13
0 7 5 7
0 13 0 14
8 4 8 6
8 4 9 4
9 4 9 5
31 34 31 35
31 35 32 35
24 34 30 34
30 34 30 35
16 30 16 32
16 32 16 35
3 25 3 28
3 28 4 28
2 23 8 23
8 23 11 23
28 21 36 21
36 21 37 21
0 21 0 29
0 29 1 29
20 19 22 19
22 16 22 19
2 19 2 21
2 19 4 19
28 17 30 17
30 17 32 17
16 16 16 18
16 18 16 20
17 12 22 12
22 12 25 12
4 9 8 9
8 9 8 11
27 5 27 7
27 7 27 9
16 5 21 5
21 5 21 8
6 38 10 38
28 37 32 37
32 36 35 36
27 36 27 37
3 36 3 38
5 35 10 35
36 34 36 36
4 34 4 38
23 33 23 34
12 33 12 35
24 32 26 32
31 31 35 31
18 31 18 33
17 31 17 32
10 30 15 30
0 30 0 33
7 29 9 29
4 29 4 31
18 27 18 30
7 27 11 27
9 26 11 26
28 25 29 25
20 25 20 26
36 24 38 24
31 24 33 24
19 24 19 31
26 23 26 24
37 22 37 23
27 22 28 22
32 19 35 19
1 18 1 21
38 17 38 18
7 17 7 19
3 15 4 15
37 14 37 15
29 14 36 14
25 14 25 16
1 14 4 14
12 13 14 13
38 10 38 13
35 10 35 12
17 9 18 9
16 9 16 11
37 8 37 9
14 8 19 8
1 8 1 9
28 7 28 9
9 6 9 14
30 5 32 5
38 4 38 7
26 4 26 6
18 4 25 4
23 3 25 3
25 2 26 2
19 2 20 2
12 1 12 3
20 0 21 0
16
7 13 8 13
6 19 5 19
34 12 34 11
30 6 31 6
28 6 28 5
5 19 4 19
27 6 26 6
26 12 27 12
18 14 18 13
17 13 17 12
8 29 8 30
9 30 10 30
7 28 6 28
6 13 5 13
13 33 13 34
13 35 14 35
156
16 13 18 13
17 19 18 19
18 13 18 15
18 13 22 13
18 15 18 19
18 15 20 15
20 15 20 17
22 13 26 13
23 11 26 11
26 11 26 13
26 13 34 13
7 21 7 22
7 21 10 21
10 7 10 15
10 7 11 7
10 15 10 21
10 15 13 15
11 7 13 7
13 1 13 7
13 7 15 7
13 15 13 16
15 6 15 7
1 31 1 33
1 33 2 33
2 33 2 37
2 33 7 33
2 37 2 38
5 30 8 30
7 33 8 33
8 30 8 33
8 33 8 34
23 30 23 32
23 30 27 30
24 29 27 29
27 29 27 30
27 30 33 30
27 23 27 24
27 23 28 23
27 24 27 26
27 26 29 26
12 21 22 21
22 21 22 22
22 22 25 22
25 22 25 27
28 2 36 2
36 0 36 1
36 1 36 2
36 2 36 11
17 37 22 37
22 34 22 37
22 37 22 38
20 30 20 34
20 30 21 30
21 26 21 30
11 18 11 19
11 19 11 20
11 20 11 21
3 12 6 12
6 12 7 12
7 10 7 12
28 10 30 10
30 7 30 10
30 7 34 7
0 7 0 13
0 7 5 7
0 13 0 14
8 4 8 6
8 4 9 4
9 4 9 5
31 34 31 35
31 35 32 35
24 34 30 34
30 34 30 35
16 30 16 32
16 32 16 35
3 25 3 28
3 28 4 28
2 23 8 23
8 23 11 23
28 21 36 21
36 21 37 21
0 21 0 29
0 29 1 29
20 19 22 19
22 16 22 19
2 19 2 21
2 19 4 19
28 17 30 17
30 17 32 17
16 16 16 18
16 18 16 20
17 12 22 12
22 12 25 12
4 9 8 9
8 9 8 11
27 5 27 7
27 7 27 9
16 5 21 5
21 5 21 8
6 38 10 38
28 37 32 37
32 36 35 36
27 36 27 37
3 36 3 38
5 35 10 35
36 34 36 36
4 34 4 38
23 33 23 34
12 33 12 35
24 32 26 32
31 31 35 31
18 31 18 33
17 31 17 32
10 30 15 30
0 30 0 33
7 29 9 29
4 29 4 31
18 27 18 30
7 27 11 27
9 26 11 26
28 25 29 25
20 25 20 26
36 24 38 24
31 24 33 24
19 24 19 31
26 23 26 24
37 22 37 23
27 22 28 22
32 19 35 19
1 18 1 21
38 17 38 18
7 17 7 19
3 15 4 15
37 14 37 15
29 14 36 14
25 14 25 16
1 14 4 14
12 13 14 13
38 10 38 13
35 10 35 12
17 9 18 9
16 9 16 11
37 8 37 9
14 8 19 8
1 8 1 9
28 7 28 9
9 6 9 14
30 5 32 5
38 4 38 7
26 4 26 6
18 4 25 4
23 3 25 3
25 2 26 2
19 2 20 2
12 1 12 3
20 0 21 0
17
7 13 8 13
6 19 5 19
34 12 34 11
30 6 31 6
28 6 28 5
5 19 4 19
27 6 26 6
26 12 27 12
18 14 18 13
17 13 17 12
8 29 8 30
9 30 10 30
7 28 6 28
6 13 5 13
13 33 13 34
13 35 14 35
3 21 4 21
156
16 13 18 13
17 19 18 19
18 13 18 15
18 13 22 13
18 15 18 19
18 15 20 15
20 15 20 17
22 13 26 13
23 11 26 11
26 11 26 13
26 13 34 13
7 21 7 22
7 21 10 21
10 7 10 15
10 7 11 7
10 15 10 21
10 15 13 15
11 7 13 7
13 1 13 7
13 7 15 7
13 15 13 16
15 6 15 7
1 31 1 33
1 33 2 33
2 33 2 37
2 33 7 33
2 37 2 38
5 30 8 30
7 33 8 33
8 30 8 33
8 33 8 34
23 30 23 32
23 30 27 30
24 29 27 29
27 29 27 30
27 30 33 30
27 23 27 24
27 23 28 23
27 24 27 26
27 26 29 26
12 21 22 21
22 21 22 22
22 22 25 22
25 22 25 27
28 2 36 2
36 0 36 1
36 1 36 2
36 2 36 11
17 37 22 37
22 34 22 37
22 37 22 38
20 30 20 34
20 30 21 30
21 26 21 30
11 18 11 19
11 19 11 20
11 20 11 21
3 12 6 12
6 12 7 12
7 10 7 12
28 10 30 10
30 7 30 10
30 7 34 7
0 7 0 13
0 7 5 7
0 13 0 14
8 4 8 6
8 4 9 4
9 4 9 5
31 34 31 35
31 35 32 35
24 34 30 34
30 34 30 35
16 30 16 32
16 32 16 35
3 25 3 28
3 28 4 28
2 23 8 23
8 23 11 23
28 21 36 21
36 21 37 21
0 21 0 29
0 29 1 29
20 19 22 19
22 16 22 19
2 19 2 21
2 19 4 19
28 17 30 17
30 17 32 17
16 16 16 18
16 18 16 20
17 12 22 12
22 12 25 12
4 9 8 9
8 9 8 11
27 5 27 7
27 7 27 9
16 5 21 5
21 5 21 8
6 38 10 38
28 37 32 37
32 36 35 36
27 36 27 37
3 36 3 38
5 35 10 35
36 34 36 36
4 34 4 38
23 33 23 34
12 33 12 35
24 32 26 32
31 31 35 31
18 31 18 33
17 31 17 32
10 30 15 30
0 30 0 33
7 29 9 29
4 29 4 31
18 27 18 30
7 27 11 27
9 26 11 26
28 25 29 25
20 25 20 26
36 24 38 24
31 24 33 24
19 24 19 31
26 23 26 24
37 22 37 23
27 22 28 22
32 19 35 19
1 18 1 21
38 17 38 18
7 17 7 19
3 15 4 15
37 14 37 15
29 14 36 14
25 14 25 16
1 14 4 14
12 13 14 13
38 10 38 13
35 10 35 12
17 9 18 9
16 9 16 11
37 8 37 9
14 8 19 8
1 8 1 9
28 7 28 9
9 6 9 14
30 5 32 5
38 4 38 7
26 4 26 6
18 4 25 4
23 3 25 3
25 2 26 2
19 2 20 2
12 1 12 3
20 0 21 0
18
7 13 8 13
6 19 5 19
34 12 34 11
30 6 31 6
28 6 28 5
5 19 4 19
27 6 26 6
26 12 27 12
18 14 18 13
17 13 17 12
8 29 8 30
9 30 10 30
7 28 6 28
6 13 5 13
13 33 13 34
13 35 14 35
3 21 4 21
2 22 1 22
157
16 13 18 13
17 19 18 19
18 13 18 15
18 13 22 13
18 15 18 19
18 15 20 15
20 15 20 17
22 13 26 13
23 11 26 11
26 11 26 13
26 13 34 13
7 21 7 22
7 21 10 21
10 7 10 15
10 7 11 7
10 15 10 21
10 15 13 15
11 7 13 7
13 1 13 7
13 7 15 7
13 15 13 16
15 6 15 7
1 31 1 33
1 33 2 33
2 33 2 37
2 33 7 33
2 37 2 38
5 30 8 30
7 33 8 33
8 30 8 33
8 33 8 34
23 30 23 32
23 30 27 30
24 29 27 29
27 29 27 30
27 30 33 30
27 23 27 24
27 23 28 23
27 24 27 26
27 26 29 26
12 21 22 21
22 21 22 22
22 22 25 22
25 22 25 27
28 2 36 2
36 0 36 1
36 1 36 2
36 2 36 11
17 37 22 37
22 34 22 37
22 37 22 38
20 30 20 34
20 30 21 30
21 26 21 30
11 18 11 19
11 19 11 20
11 20 11 21
3 12 6 12
6 12 7 12
7 10 7 12
28 10 30 10
30 7 30 10
30 7 34 7
0 7 0 13
0 7 5 7
0 13 0 14
8 4 8 6
8 4 9 4
9 4 9 5
31 34 31 35
31 35 32 35
24 34 30 34
30 34 30 35
16 30 16 32
16 32 16 35
3 25 3 28
3 28 4 28
2 23 8 23
8 23 11 23
28 21 36 21
36 21 37 21
0 21 0 29
0 29 1 29
20 19 22 19
22 16 22 19
2 19 2 21
2 19 4 19
1 18 1 21
1 21 1 22
28 17 30 17
30 17 32 17
16 16 16 18
16 18 16 20
17 12 22 12
22 12 25 12
4 9 8 9
8 9 8 11
27 5 27 7
27 7 27 9
16 5 21 5
21 5 21 8
6 38 10 38
28 37 32 37
32 36 35 36
27 36 27 37
3 36 3 38
5 35 10 35
36 34 36 36
4 34 4 38
23 33 23 34
12 33 12 35
24 32 26 32
31 31 35 31
18 31 18 33
17 31 17 32
10 30 15 30
0 30 0 33
7 29 9 29
4 29 4 31
18 27 18 30
7 27 11 27
9 26 11 26
28 25 29 25
20 25 20 26
36 24 38 24
31 24 33 24
19 24 19 31
26 23 26 24
37 22 37 23
27 22 28 22
32 19 35 19
38 17 38 18
7 17 7 19
3 15 4 15
37 14 37 15
29 14 36 14
25 14 25 16
1 14 4 14
12 13 14 13
38 10 38 13
35 10 35 12
17 9 18 9
16 9 16 11
37 8 37 9
14 8 19 8
1 8 1 9
28 7 28 9
9 6 9 14
30 5 32 5
38 4 38 7
26 4 26 6
18 4 25 4
23 3 25 3
25 2 26 2
19 2 20 2
12 1 12 3
20 0 21 0
19
7 13 8 13
6 19 5 19
34 12 34 11
30 6 31 6
28 6 28 5
5 19 4 19
27 6 26 6
26 12 27 12
18 14 18 13
17 13 17 12
8 29 8 30
9 30 10 30
7 28 6 28
6 13 5 13
13 33 13 34
13 35 14 35
3 21 4 21
2 22 1 22
21 25 22 25
158
16 13 18 13
17 19 18 19
18 13 18 15
18 13 22 13
18 15 18 19
18 15 20 15
20 15 20 17
22 13 26 13
23 11 26 11
26 11 26 13
26 13 34 13
7 21 7 22
7 21 10 21
10 7 10 15
10 7 11 7
10 15 10 21
10 15 13 15
11 7 13 7
13 1 13 7
13 7 15 7
13 15 13 16
15 6 15 7
1 31 1 33
1 33 2 33
2 33 2 37
2 33 7 33
2 37 2 38
5 30 8 30
7 33 8 33
8 30 8 33
8 33 8 34
23 30 23 32
23 30 27 30
24 29 27 29
27 29 27 30
27 30 33 30
27 23 27 24
27 23 28 23
27 24 27 26
27 26 29 26
12 21 22 21
22 21 22 22
22 22 25 22
25 22 25 27
28 2 36 2
36 0 36 1
36 1 36 2
36 2 36 11
17 37 22 37
22 34 22 37
22 37 22 38
20 30 20 34
20 30 21 30
21 26 21 30
11 18 11 19
11 19 11 20
11 20 11 21
3 12 6 12
6 12 7 12
7 10 7 12
28 10 30 10
30 7 30 10
30 7 34 7
0 7 0 13
0 7 5 7
0 13 0 14
8 4 8 6
8 4 9 4
9 4 9 5
31 34 31 35
31 35 32 35
24 34 30 34
30 34 30 35
16 30 16 32
16 32 16 35
3 25 3 28
3 28 4 28
2 23 8 23
8 23 11 23
28 21 36 21
36 21 37 21
0 21 0 29
0 29 1 29
20 19 22 19
22 16 22 19
2 19 2 21
2 19 4 19
1 18 1 21
1 21 1 22
28 17 30 17
30 17 32 17
16 16 16 18
16 18 16 20
17 12 22 12
22 12 25 12
4 9 8 9
8 9 8 11
27 5 27 7
27 7 27 9
16 5 21 5
21 5 21 8
6 38 10 38
28 37 32 37
32 36 35 36
27 36 27 37
3 36 3 38
5 35 10 35
36 34 36 36
4 34 4 38
23 33 23 34
12 33 12 35
24 32 26 32
31 31 35 31
18 31 18 33
17 31 17 32
10 30 15 30
0 30 0 33
7 29 9 29
4 29 4 31
18 27 18 30
7 27 11 27
9 26 11 26
28 25 29 25
20 25 20 26
36 24 38 24
31 24 33 24
22 24 22 25
19 24 19 31
26 23 26 24
37 22 37 23
27 22 28 22
32 19 35 19
38 17 38 18
7 17 7 19
3 15 4 15
37 14 37 15
29 14 36 14
25 14 25 16
1 14 4 14
12 13 14 13
38 10 38 13
35 10 35 12
17 9 18 9
16 9 16 11
37 8 37 9
14 8 19 8
1 8 1 9
28 7 28 9
9 6 9 14
30 5 32 5
38 4 38 7
26 4 26 6
18 4 25 4
23 3 25 3
25 2 26 2
19 2 20 2
12 1 12 3
20 0 21 0
20
7 13 8 13
6 19 5 19
34 12 34 11
30 6 31 6
28 6 28 5
5 19 4 19
27 6 26 6
26 12 27 12
18 14 18 13
17 13 17 12
8 29 8 30
9 30 10 30
7 28 6 28
6 13 5 13
13 33 13 34
13 35 14 35
3 21 4 21
2 22 1 22
21 25 22 25
22 24 22 23
158
16 13 18 13
17 19 18 19
18 13 18 15
18 13 22 13
18 15 18 19
18 15 20 15
20 15 20 17
22 13 26 13
23 11 26 11
26 11 26 13
26 13 34 13
7 21 7 22
7 21 10 21
10 7 10 15
10 7 11 7
10 15 10 21
10 15 13 15
11 7 13 7
13 1 13 7
13 7 15 7
13 15 13 16
15 6 15 7
1 31 1 33
1 33 2 33
2 33 2 37
2 33 7 33
2 37 2 38
5 30 8 30
7 33 8 33
8 30 8 33
8 33 8 34
23 30 23 32
23 30 27 30
24 29 27 29
27 29 27 30
27 30 33 30
27 23 27 24
27 23 28 23
27 24 27 26
27 26 29 26
12 21 22 21
22 21 22 22
22 22 25 22
25 22 25 27
28 2 36 2
36 0 36 1
36 1 36 2
36 2 36 11
17 37 22 37
22 34 22 37
22 37 22 38
20 30 20 34
20 30 21 30
21 26 21 30
11 18 11 19
11 19 11 20
11 20 11 21
3 12 6 12
6 12 7 12
7 10 7 12
28 10 30 10
30 7 30 10
30 7 34 7
0 7 0 13
0 7 5 7
0 13 0 14
8 4 8 6
8 4 9 4
9 4 9 5
31 34 31 35
31 35 32 35
24 34 30 34
30 34 30 35
16 30 16 32
16 32 16 35
3 25 3 28
3 28 4 28
2 23 8 23
8 23 11 23
28 21 36 21
36 21 37 21
0 21 0 29
0 29 1 29
20 19 22 19
22 16 22 19
2 19 2 21
2 19 4 19
1 18 1 21
1 21 1 22
28 17 30 17
30 17 32 17
16 16 16 18
16 18 16 20
17 12 22 12
22 12 25 12
4 9 8 9
8 9 8 11
27 5 27 7
27 7 27 9
16 5 21 5
21 5 21 8
6 38 10 38
28 37 32 37
32 36 35 36
27 36 27 37
3 36 3 38
5 35 10 35
36 34 36 36
4 34 4 38
23 33 23 34
12 33 12 35
24 32 26 32
31 31 35 31
18 31 18 33
17 31 17 32
10 30 15 30
0 30 0 33
7 29 9 29
4 29 4 31
18 27 18 30
7 27 11 27
9 26 11 26
28 25 29 25
20 25 20 26
36 24 38 24
31 24 33 24
19 24 19 31
26 23 26 24
22 23 22 25
37 22 37 23
27 22 28 22
32 19 35 19
38 17 38 18
7 17 7 19
3 15 4 15
37 14 37 15
29 14 36 14
25 14 25 16
1 14 4 14
12 13 14 13
38 10 38 13
35 10 35 12
17 9 18 9
16 9 16 11
37 8 37 9
14 8 19 8
1 8 1 9
28 7 28 9
9 6 9 14
30 5 32 5
38 4 38 7
26 4 26 6
18 4 25 4
23 3 25 3
25 2 26 2
19 2 20 2
12 1 12 3
20 0 21 0
21
7 13 8 13
6 19 5 19
34 12 34 11
30 6 31 6
28 6 28 5
5 19 4 19
27 6 26 6
26 12 27 12
18 14 18 13
17 13 17 12
8 29 8 30
9 30 10 30
7 28 6 28
6 13 5 13
13 33 13 34
13 35 14 35
3 21 4 21
2 22 1 22
21 25 22 25
22 24 22 23
22 23 23 23
157
16 13 18 13
17 19 18 19
18 13 18 15
18 13 22 13
18 15 18 19
18 15 20 15
20 15 20 17
22 13 26 13
23 11 26 11
26 11 26 13
26 13 34 13
7 21 7 22
7 21 10 21
10 7 10 15
10 7 11 7
10 15 10 21
10 15 13 15
11 7 13 7
13 1 13 7
13 7 15 7
13 15 13 16
15 6 15 7
1 31 1 33
1 33 2 33
2 33 2 37
2 33 7 33
2 37 2 38
5 30 8 30
7 33 8 33
8 30 8 33
8 33 8 34
23 30 23 32
23 30 27 30
24 29 27 29
27 29 27 30
27 30 33 30
27 23 27 24
27 23 28 23
27 24 27 26
27 26 29 26
12 21 22 21
22 21 22 22
22 22 25 22
25 22 25 27
28 2 36 2
36 0 36 1
36 1 36 2
36 2 36 11
17 37 22 37
22 34 22 37
22 37 22 38
20 30 20 34
20 30 21 30
21 26 21 30
11 18 11 19
11 19 11 20
11 20 11 21
3 12 6 12
6 12 7 12
7 10 7 12
28 10 30 10
30 7 30 10
30 7 34 7
0 7 0 13
0 7 5 7
0 13 0 14
8 4 8 6
8 4 9 4
9 4 9 5
31 34 31 35
31 35 32 35
24 34 30 34
30 34 30 35
16 30 16 32
16 32 16 35
3 25 3 28
3 28 4 28
2 23 8 23
8 23 11 23
28 21 36 21
36 21 37 21
0 21 0 29
0 29 1 29
20 19 22 19
22 16 22 19
2 19 2 21
2 19 4 19
1 18 1 21
1 21 1 22
28 17 30 17
30 17 32 17
16 16 16 18
16 18 16 20
17 12 22 12
22 12 25 12
4 9 8 9
8 9 8 11
27 5 27 7
27 7 27 9
16 5 21 5
21 5 21 8
6 38 10 38
28 37 32 37
32 36 35 36
27 36 27 37
3 36 3 38
5 35 10 35
36 34 36 36
4 34 4 38
23 33 23 34
12 33 12 35
24 32 26 32
31 31 35 31
18 31 18 33
17 31 17 32
10 30 15 30
0 30 0 33
7 29 9 29
4 29 4 31
18 27 18 30
7 27 11 27
9 26 11 26
28 25 29 25
20 25 20 26
36 24 38 24
31 24 33 24
19 24 19 31
26 23 26 24
37 22 37 23
27 22 28 22
32 19 35 19
38 17 38 18
7 17 7 19
3 15 4 15
37 14 37 15
29 14 36 14
25 14 25 16
1 14 4 14
12 13 14 13
38 10 38 13
35 10 35 12
17 9 18 9
16 9 16 11
37 8 37 9
14 8 19 8
1 8 1 9
28 7 28 9
9 6 9 14
30 5 32 5
38 4 38 7
26 4 26 6
18 4 25 4
23 3 25 3
25 2 26 2
19 2 20 2
12 1 12 3
20 0 21 0
22
7 13 8 13
6 19 5 19
34 12 34 11
30 6 31 6
28 6 28 5
5 19 4 19
27 6 26 6
26 12 27 12
18 14 18 13
17 13 17 12
8 29 8 30
9 30 10 30
7 28 6 28
6 13 5 13
13 33 13 34
13 35 14 35
3 21 4 21
2 22 1 22
21 25 22 25
22 24 22 23
22 23 23 23
11 20 10 20
156
16 13 18 13
17 19 18 19
18 13 18 15
18 13 22 13
18 15 18 19
18 15 20 15
20 15 20 17
22 13 26 13
23 11 26 11
26 11 26 13
26 13 34 13
1 31 1 33
1 33 2 33
2 33 2 37
2 33 7 33
2 37 2 38
5 30 8 30
7 33 8 33
8 30 8 33
8 33 8 34
10 7 10 15
10 7 11 7
10 15 13 15
11 7 13 7
13 1 13 7
13 7 15 7
13 15 13 16
15 6 15 7
23 30 23 32
23 30 27 30
24 29 27 29
27 29 27 30
27 30 33 30
27 23 27 24
27 23 28 23
27 24 27 26
27 26 29 26
12 21 22 21
22 21 22 22
22 22 25 22
25 22 25 27
7 17 7 19
7 19 11 19
11 18 11 19
11 19 11 21
28 2 36 2
36 0 36 1
36 1 36 2
36 2 36 11
17 37 22 37
22 34 22 37
22 37 22 38
20 30 20 34
20 30 21 30
21 26 21 30
2 23 8 23
8 20 8 23
8 23 11 23
3 12 6 12
6 12 7 12
7 10 7 12
28 10 30 10
30 7 30 10
30 7 34 7
0 7 0 13
0 7 5 7
0 13 0 14
8 4 8 6
8 4 9 4
9 4 9 5
31 34 31 35
31 35 32 35
24 34 30 34
30 34 30 35
16 30 16 32
16 32 16 35
3 25 3 28
3 28 4 28
28 21 36 21
36 21 37 21
0 21 0 29
0 29 1 29
20 19 22 19
22 16 22 19
2 19 2 21
2 19 4 19
1 18 1 21
1 21 1 22
28 17 30 17
30 17 32 17
16 16 16 18
16 18 16 20
17 12 22 12
22 12 25 12
4 9 8 9
8 9 8 11
27 5 27 7
27 7 27 9
16 5 21 5
21 5 21 8
6 38 10 38
28 37 32 37
32 36 35 36
27 36 27 37
3 36 3 38
5 35 10 35
36 34 36 36
4 34 4 38
23 33 23 34
12 33 12 35
24 32 26 32
31 31 35 31
18 31 18 33
17 31 17 32
10 30 15 30
0 30 0 33
7 29 9 29
4 29 4 31
18 27 18 30
7 27 11 27
9 26 11 26
28 25 29 25
20 25 20 26
36 24 38 24
31 24 33 24
19 24 19 31
26 23 26 24
37 22 37 23
27 22 28 22
7 21 7 22
32 19 35 19
38 17 38 18
3 15 4 15
37 14 37 15
29 14 36 14
25 14 25 16
1 14 4 14
12 13 14 13
38 10 38 13
35 10 35 12
17 9 18 9
16 9 16 11
37 8 37 9
14 8 19 8
1 8 1 9
28 7 28 9
9 6 9 14
30 5 32 5
38 4 38 7
26 4 26 6
18 4 25 4
23 3 25 3
25 2 26 2
19 2 20 2
12 1 12 3
20 0 21 0
23
7 13 8 13
6 19 5 19
34 12 34 11
30 6 31 6
28 6 28 5
5 19 4 19
27 6 26 6
26 12 27 12
18 14 18 13
17 13 17 12
8 29 8 30
9 30 10 30
7 28 6 28
6 13 5 13
13 33 13 34
13 35 14 35
3 21 4 21
2 22 1 22
21 25 22 25
22 24 22 23
22 23 23 23
11 20 10 20
10 21 9 21
156
16 13 18 13
17 19 18 19
18 13 18 15
18 13 22 13
18 15 18 19
18 15 20 15
20 15 20 17
22 13 26 13
23 11 26 11
26 11 26 13
26 13 34 13
1 31 1 33
1 33 2 33
2 33 2 37
2 33 7 33
2 37 2 38
5 30 8 30
7 33 8 33
8 30 8 33
8 33 8 34
10 7 10 15
10 7 11 7
10 15 13 15
11 7 13 7
13 1 13 7
13 7 15 7
13 15 13 16
15 6 15 7
23 30 23 32
23 30 27 30
24 29 27 29
27 29 27 30
27 30 33 30
27 23 27 24
27 23 28 23
27 24 27 26
27 26 29 26
12 21 22 21
22 21 22 22
22 22 25 22
25 22 25 27
7 17 7 19
7 19 11 19
11 18 11 19
11 19 11 21
28 2 36 2
36 0 36 1
36 1 36 2
36 2 36 11
17 37 22 37
22 34 22 37
22 37 22 38
20 30 20 34
20 30 21 30
21 26 21 30
2 23 8 23
8 20 8 23
8 23 11 23
3 12 6 12
6 12 7 12
7 10 7 12
28 10 30 10
30 7 30 10
30 7 34 7
0 7 0 13
0 7 5 7
0 13 0 14
8 4 8 6
8 4 9 4
9 4 9 5
31 34 31 35
31 35 32 35
24 34 30 34
30 34 30 35
16 30 16 32
16 32 16 35
3 25 3 28
3 28 4 28
28 21 36 21
36 21 37 21
0 21 0 29
0 29 1 29
20 19 22 19
22 16 22 19
2 19 2 21
2 19 4 19
1 18 1 21
1 21 1 22
28 17 30 17
30 17 32 17
16 16 16 18
16 18 16 20
17 12 22 12
22 12 25 12
4 9 8 9
8 9 8 11
27 5 27 7
27 7 27 9
16 5 21 5
21 5 21 8
6 38 10 38
28 37 32 37
32 36 35 36
27 36 27 37
3 36 3 38
5 35 10 35
36 34 36 36
4 34 4 38
23 33 23 34
12 33 12 35
24 32 26 32
31 31 35 31
18 31 18 33
17 31 17 32
10 30 15 30
0 30 0 33
7 29 9 29
4 29 4 31
18 27 18 30
7 27 11 27
9 26 11 26
28 25 29 25
20 25 20 26
36 24 38 24
31 24 33 24
19 24 19 31
26 23 26 24
37 22 37 23
27 22 28 22
7 21 7 22
32 19 35 19
38 17 38 18
3 15 4 15
37 14 37 15
29 14 36 14
25 14 25 16
1 14 4 14
12 13 14 13
38 10 38 13
35 10 35 12
17 9 18 9
16 9 16 11
37 8 37 9
14 8 19 8
1 8 1 9
28 7 28 9
9 6 9 14
30 5 32 5
38 4 38 7
26 4 26 6
18 4 25 4
23 3 25 3
25 2 26 2
19 2 20 2
12 1 12 3
20 0 21 0
24
7 13 8 13
6 19 5 19
34 12 34 11
30 6 31 6
28 6 28 5
5 19 4 19
27 6 26 6
26 12 27 12
18 14 18 13
17 13 17 12
8 29 8 30
9 30 10 30
7 28 6 28
6 13 5 13
13 33 13 34
13 35 14 35
3 21 4 21
2 22 1 22
21 25 22 25
22 24 22 23
22 23 23 23
11 20 10 20
10 21 9 21
12 21 13 21
157
16 13 18 13
17 19 18 19
18 13 18 15
18 13 22 13
18 15 18 19
18 15 20 15
20 15 20 17
22 13 26 13
23 11 26 11
26 11 26 13
26 13 34 13
1 31 1 33
1 33 2 33
2 33 2 37
2 33 7 33
2 37 2 38
5 30 8 30
7 33 8 33
8 30 8 33
8 33 8 34
10 7 10 15
10 7 11 7
10 15 13 15
11 7 13 7
13 1 13 7
13 7 15 7
13 15 13 16
15 6 15 7
23 30 23 32
23 30 27 30
24 29 27 29
27 29 27 30
27 30 33 30
13 21 13 22
13 21 22 21
22 21 22 22
22 22 25 22
25 22 25 27
27 23 27 24
27 23 28 23
27 24 27 26
27 26 29 26
7 17 7 19
7 19 11 19
11 18 11 19
11 19 11 21
28 2 36 2
36 0 36 1
36 1 36 2
36 2 36 11
17 37 22 37
22 34 22 37
22 37 22 38
20 30 20 34
20 30 21 30
21 26 21 30
2 23 8 23
8 20 8 23
8 23 11 23
3 12 6 12
6 12 7 12
7 10 7 12
28 10 30 10
30 7 30 10
30 7 34 7
0 7 0 13
0 7 5 7
0 13 0 14
8 4 8 6
8 4 9 4
9 4 9 5
31 34 31 35
31 35 32 35
24 34 30 34
30 34 30 35
16 30 16 32
16 32 16 35
3 25 3 28
3 28 4 28
28 21 36 21
36 21 37 21
0 21 0 29
0 29 1 29
20 19 22 19
22 16 22 19
2 19 2 21
2 19 4 19
1 18 1 21
1 21 1 22
28 17 30 17
30 17 32 17
16 16 16 18
16 18 16 20
17 12 22 12
22 12 25 12
4 9 8 9
8 9 8 11
27 5 27 7
27 7 27 9
16 5 21 5
21 5 21 8
6 38 10 38
28 37 32 37
32 36 35 36
27 36 27 37
3 36 3 38
5 35 10 35
36 34 36 36
4 34 4 38
23 33 23 34
12 33 12 35
24 32 26 32
31 31 35 31
18 31 18 33
17 31 17 32
10 30 15 30
0 30 0 33
7 29 9 29
4 29 4 31
18 27 18 30
7 27 11 27
9 26 11 26
28 25 29 25
20 25 20 26
36 24 38 24
31 24 33 24
19 24 19 31
26 23 26 24
37 22 37 23
27 22 28 22
7 21 7 22
32 19 35 19
38 17 38 18
3 15 4 15
37 14 37 15
29 14 36 14
25 14 25 16
1 14 4 14
12 13 14 13
38 10 38 13
35 10 35 12
17 9 18 9
16 9 16 11
37 8 37 9
14 8 19 8
1 8 1 9
28 7 28 9
9 6 9 14
30 5 32 5
38 4 38 7
26 4 26 6
18 4 25 4
23 3 25 3
25 2 26 2
19 2 20 2
12 1 12 3
20 0 21 0
25
7 13 8 13
6 19 5 19
34 12 34 11
30 6 31 6
28 6 28 5
5 19 4 19
27 6 26 6
26 12 27 12
18 14 18 13
17 13 17 12
8 29 8 30
9 30 10 30
7 28 6 28
6 13 5 13
13 33 13 34
13 35 14 35
3 21 4 21
2 22 1 22
21 25 22 25
22 24 22 23
22 23 23 23
11 20 10 20
10 21 9 21
12 21 13 21
26 24 25 24
156
16 13 18 13
17 19 18 19
18 13 18 15
18 13 22 13
18 15 18 19
18 15 20 15
20 15 20 17
22 13 26 13
23 11 26 11
26 11 26 13
26 13 34 13
1 31 1 33
1 33 2 33
2 33 2 37
2 33 7 33
2 37 2 38
5 30 8 30
7 33 8 33
8 30 8 33
8 33 8 34
10 7 10 15
10 7 11 7
10 15 13 15
11 7 13 7
13 1 13 7
13 7 15 7
13 15 13 16
15 6 15 7
23 30 23 32
23 30 27 30
24 29 27 29
27 29 27 30
27 30 33 30
27 23 27 24
27 23 28 23
27 24 27 26
27 26 29 26
13 21 13 22
13 21 22 21
22 21 22 22
22 22 25 22
7 17 7 19
7 19 11 19
11 18 11 19
11 19 11 21
28 2 36 2
36 0 36 1
36 1 36 2
36 2 36 11
17 37 22 37
22 34 22 37
22 37 22 38
20 30 20 34
20 30 21 30
21 26 21 30
2 23 8 23
8 20 8 23
8 23 11 23
3 12 6 12
6 12 7 12
7 10 7 12
28 10 30 10
30 7 30 10
30 7 34 7
0 7 0 13
0 7 5 7
0 13 0 14
8 4 8 6
8 4 9 4
9 4 9 5
31 34 31 35
31 35 32 35
24 34 30 34
30 34 30 35
16 30 16 32
16 32 16 35
3 25 3 28
3 28 4 28
28 21 36 21
36 21 37 21
0 21 0 29
0 29 1 29
20 19 22 19
22 16 22 19
2 19 2 21
2 19 4 19
1 18 1 21
1 21 1 22
28 17 30 17
30 17 32 17
16 16 16 18
16 18 16 20
17 12 22 12
22 12 25 12
4 9 8 9
8 9 8 11
27 5 27 7
27 7 27 9
16 5 21 5
21 5 21 8
6 38 10 38
28 37 32 37
32 36 35 36
27 36 27 37
3 36 3 38
5 35 10 35
36 34 36 36
4 34 4 38
23 33 23 34
12 33 12 35
24 32 26 32
31 31 35 31
18 31 18 33
17 31 17 32
10 30 15 30
0 30 0 33
7 29 9 29
4 29 4 31
18 27 18 30
7 27 11 27
9 26 11 26
28 25 29 25
24 25 26 25
20 25 20 26
36 24 38 24
31 24 33 24
19 24 19 31
37 22 37 23
27 22 28 22
7 21 7 22
32 19 35 19
38 17 38 18
3 15 4 15
37 14 37 15
29 14 36 14
25 14 25 16
1 14 4 14
12 13 14 13
38 10 38 13
35 10 35 12
17 9 18 9
16 9 16 11
37 8 37 9
14 8 19 8
1 8 1 9
28 7 28 9
9 6 9 14
30 5 32 5
38 4 38 7
26 4 26 6
18 4 25 4
23 3 25 3
25 2 26 2
19 2 20 2
12 1 12 3
20 0 21 0
26
7 13 8 13
6 19 5 19
34 12 34 11
30 6 31 6
28 6 28 5
5 19 4 19
27 6 26 6
26 12 27 12
18 14 18 13
17 13 17 12
8 29 8 30
9 30 10 30
7 28 6 28
6 13 5 13
13 33 13 34
13 35 14 35
3 21 4 21
2 22 1 22
21 25 22 25
22 24 22 23
22 23 23 23
11 20 10 20
10 21 9 21
12 21 13 21
26 24 25 24
8 33 8 32
156
16 13 18 13
17 19 18 19
18 13 18 15
18 13 22 13
18 15 18 19
18 15 20 15
20 15 20 17
22 13 26 13
23 11 26 11
26 11 26 13
26 13 34 13
10 7 10 15
10 7 11 7
10 15 13 15
11 7 13 7
13 1 13 7
13 7 15 7
13 15 13 16
15 6 15 7
1 31 1 33
1 33 2 33
2 33 2 37
2 33 7 33
2 37 2 38
23 30 23 32
23 30 27 30
24 29 27 29
27 29 27 30
27 30 33 30
5 30 8 30
8 30 8 32
8 32 8 34
8 32 9 32
27 23 27 24
27 23 28 23
27 24 27 26
27 26 29 26
13 21 13 22
13 21 22 21
22 21 22 22
22 22 25 22
7 17 7 19
7 19 11 19
11 18 11 19
11 19 11 21
28 2 36 2
36 0 36 1
36 1 36 2
36 2 36 11
17 37 22 37
22 34 22 37
22 37 22 38
20 30 20 34
20 30 21 30
21 26 21 30
2 23 8 23
8 20 8 23
8 23 11 23
3 12 6 12
6 12 7 12
7 10 7 12
28 10 30 10
30 7 30 10
30 7 34 7
0 7 0 13
0 7 5 7
0 13 0 14
8 4 8 6
8 4 9 4
9 4 9 5
31 34 31 35
31 35 32 35
24 34 30 34
30 34 30 35
16 30 16 32
16 32 16 35
3 25 3 28
3 28 4 28
28 21 36 21
36 21 37 21
0 21 0 29
0 29 1 29
20 19 22 19
22 16 22 19
2 19 2 21
2 19 4 19
1 18 1 21
1 21 1 22
28 17 30 17
30 17 32 17
16 16 16 18
16 18 16 20
17 12 22 12
22 12 25 12
4 9 8 9
8 9 8 11
27 5 27 7
27 7 27 9
16 5 21 5
21 5 21 8
6 38 10 38
28 37 32 37
32 36 35 36
27 36 27 37
3 36 3 38
5 35 10 35
36 34 36 36
4 34 4 38
23 33 23 34
12 33 12 35
24 32 26 32
31 31 35 31
18 31 18 33
17 31 17 32
10 30 15 30
0 30 0 33
7 29 9 29
4 29 4 31
18 27 18 30
7 27 11 27
9 26 11 26
28 25 29 25
24 25 26 25
20 25 20 26
36 24 38 24
31 24 33 24
19 24 19 31
37 22 37 23
27 22 28 22
7 21 7 22
32 19 35 19
38 17 38 18
3 15 4 15
37 14 37 15
29 14 36 14
25 14 25 16
1 14 4 14
12 13 14 13
38 10 38 13
35 10 35 12
17 9 18 9
16 9 16 11
37 8 37 9
14 8 19 8
1 8 1 9
28 7 28 9
9 6 9 14
30 5 32 5
38 4 38 7
26 4 26 6
18 4 25 4
23 3 25 3
25 2 26 2
19 2 20 2
12 1 12 3
20 0 21 0
27
7 13 8 13
6 19 5 19
34 12 34 11
30 6 31 6
28 6 28 5
5 19 4 19
27 6 26 6
26 12 27 12
18 14 18 13
17 13 17 12
8 29 8 30
9 30 10 30
7 28 6 28
6 13 5 13
13 33 13 34
13 35 14 35
3 21 4 21
2 22 1 22
21 25 22 25
22 24 22 23
22 23 23 23
11 20 10 20
10 21 9 21
12 21 13 21
26 24 25 24
8 33 8 32
9 32 10 32
156
16 13 18 13
17 19 18 19
18 13 18 15
18 13 22 13
18 15 18 19
18 15 20 15
20 15 20 17
22 13 26 13
23 11 26 11
26 11 26 13
26 13 34 13
10 7 10 15
10 7 11 7
10 15 13 15
11 7 13 7
13 1 13 7
13 7 15 7
13 15 13 16
15 6 15 7
1 31 1 33
1 33 2 33
2 33 2 37
2 33 7 33
2 37 2 38
23 30 23 32
23 30 27 30
24 29 27 29
27 29 27 30
27 30 33 30
5 30 8 30
8 30 8 32
8 32 8 34
8 32 10 32
27 23 27 24
27 23 28 23
27 24 27 26
27 26 29 26
13 21 13 22
13 21 22 21
22 21 22 22
22 22 25 22
7 17 7 19
7 19 11 19
11 18 11 19
11 19 11 21
28 2 36 2
36 0 36 1
36 1 36 2
36 2 36 11
17 37 22 37
22 34 22 37
22 37 22 38
20 30 20 34
20 30 21 30
21 26 21 30
2 23 8 23
8 20 8 23
8 23 11 23
3 12 6 12
6 12 7 12
7 10 7 12
28 10 30 10
30 7 30 10
30 7 34 7
0 7 0 13
0 7 5 7
0 13 0 14
8 4 8 6
8 4 9 4
9 4 9 5
31 34 31 35
31 35 32 35
24 34 30 34
30 34 30 35
16 30 16 32
16 32 16 35
3 25 3 28
3 28 4 28
28 21 36 21
36 21 37 21
0 21 0 29
0 29 1 29
20 19 22 19
22 16 22 19
2 19 2 21
2 19 4 19
1 18 1 21
1 21 1 22
28 17 30 17
30 17 32 17
16 16 16 18
16 18 16 20
17 12 22 12
22 12 25 12
4 9 8 9
8 9 8 11
27 5 27 7
27 7 27 9
16 5 21 5
21 5 21 8
6 38 10 38
28 37 32 37
32 36 35 36
27 36 27 37
3 36 3 38
5 35 10 35
36 34 36 36
4 34 4 38
23 33 23 34
12 33 12 35
24 32 26 32
31 31 35 31
18 31 18 33
17 31 17 32
10 30 15 30
0 30 0 33
7 29 9 29
4 29 4 31
18 27 18 30
7 27 11 27
9 26 11 26
28 25 29 25
24 25 26 25
20 25 20 26
36 24 38 24
31 24 33 24
19 24 19 31
37 22 37 23
27 22 28 22
7 21 7 22
32 19 35 19
38 17 38 18
3 15 4 15
37 14 37 15
29 14 36 14
25 14 25 16
1 14 4 14
12 13 14 13
38 10 38 13
35 10 35 12
17 9 18 9
16 9 16 11
37 8 37 9
14 8 19 8
1 8 1 9
28 7 28 9
9 6 9 14
30 5 32 5
38 4 38 7
26 4 26 6
18 4 25 4
23 3 25 3
25 2 26 2
19 2 20 2
12 1 12 3
20 0 21 0
28
7 13 8 13
6 19 5 19
34 12 34 11
30 6 31 6
28 6 28 5
5 19 4 19
27 6 26 6
26 12 27 12
18 14 18 13
17 13 17 12
8 29 8 30
9 30 10 30
7 28 6 28
6 13 5 13
13 33 13 34
13 35 14 35
3 21 4 21
2 22 1 22
21 25 22 25
22 24 22 23
22 23 23 23
11 20 10 20
10 21 9 21
12 21 13 21
26 24 25 24
8 33 8 32
9 32 10 32
8 30 7 30
155
16 13 18 13
17 19 18 19
18 13 18 15
18 13 22 13
18 15 18 19
18 15 20 15
20 15 20 17
22 13 26 13
23 11 26 11
26 11 26 13
26 13 34 13
10 7 10 15
10 7 11 7
10 15 13 15
11 7 13 7
13 1 13 7
13 7 15 7
13 15 13 16
15 6 15 7
1 31 1 33
1 33 2 33
2 33 2 37
2 33 7 33
2 37 2 38
23 30 23 32
23 30 27 30
24 29 27 29
27 29 27 30
27 30 33 30
27 23 27 24
27 23 28 23
27 24 27 26
27 26 29 26
13 21 13 22
13 21 22 21
22 21 22 22
22 22 25 22
7 17 7 19
7 19 11 19
11 18 11 19
11 19 11 21
28 2 36 2
36 0 36 1
36 1 36 2
36 2 36 11
17 37 22 37
22 34 22 37
22 37 22 38
20 30 20 34
20 30 21 30
21 26 21 30
2 23 8 23
8 20 8 23
8 23 11 23
3 12 6 12
6 12 7 12
7 10 7 12
28 10 30 10
30 7 30 10
30 7 34 7
0 7 0 13
0 7 5 7
0 13 0 14
8 4 8 6
8 4 9 4
9 4 9 5
31 34 31 35
31 35 32 35
24 34 30 34
30 34 30 35
8 32 8 34
8 32 10 32
16 30 16 32
16 32 16 35
3 25 3 28
3 28 4 28
28 21 36 21
36 21 37 21
0 21 0 29
0 29 1 29
20 19 22 19
22 16 22 19
2 19 2 21
2 19 4 19
1 18 1 21
1 21 1 22
28 17 30 17
30 17 32 17
16 16 16 18
16 18 16 20
17 12 22 12
22 12 25 12
4 9 8 9
8 9 8 11
27 5 27 7
27 7 27 9
16 5 21 5
21 5 21 8
6 38 10 38
28 37 32 37
32 36 35 36
27 36 27 37
3 36 3 38
5 35 10 35
36 34 36 36
4 34 4 38
23 33 23 34
12 33 12 35
24 32 26 32
31 31 35 31
18 31 18 33
17 31 17 32
10 30 15 30
5 30 7 30
0 30 0 33
7 29 9 29
4 29 4 31
18 27 18 30
7 27 11 27
9 26 11 26
28 25 29 25
24 25 26 25
20 25 20 26
36 24 38 24
31 24 33 24
19 24 19 31
37 22 37 23
27 22 28 22
7 21 7 22
32 19 35 19
38 17 38 18
3 15 4 15
37 14 37 15
29 14 36 14
25 14 25 16
1 14 4 14
12 13 14 13
38 10 38 13
35 10 35 12
17 9 18 9
16 9 16 11
37 8 37 9
14 8 19 8
1 8 1 9
28 7 28 9
9 6 9 14
30 5 32 5
38 4 38 7
26 4 26 6
18 4 25 4
23 3 25 3
25 2 26 2
19 2 20 2
12 1 12 3
20 0 21 0
29
7 13 8 13
6 19 5 19
34 12 34 11
30 6 31 6
28 6 28 5
5 19 4 19
27 6 26 6
26 12 27 12
18 14 18 13
17 13 17 12
8 29 8 30
9 30 10 30
7 28 6 28
6 13 5 13
13 33 13 34
13 35 14 35
3 21 4 21
2 22 1 22
21 25 22 25
22 24 22 23
22 23 23 23
11 20 10 20
10 21 9 21
12 21 13 21
26 24 25 24
8 33 8 32
9 32 10 32
8 30 7 30
25 4 24 4
155
16 13 18 13
17 19 18 19
18 13 18 15
18 13 22 13
18 15 18 19
18 15 20 15
20 15 20 17
22 13 26 13
23 11 26 11
26 11 26 13
26 13 34 13
10 7 10 15
10 7 11 7
10 15 13 15
11 7 13 7
13 1 13 7
13 7 15 7
13 15 13 16
15 6 15 7
1 31 1 33
1 33 2 33
2 33 2 37
2 33 7 33
2 37 2 38
23 30 23 32
23 30 27 30
24 29 27 29
27 29 27 30
27 30 33 30
27 23 27 24
27 23 28 23
27 24 27 26
27 26 29 26
13 21 13 22
13 21 22 21
22 21 22 22
22 22 25 22
7 17 7 19
7 19 11 19
11 18 11 19
11 19 11 21
28 2 36 2
36 0 36 1
36 1 36 2
36 2 36 11
17 37 22 37
22 34 22 37
22 37 22 38
20 30 20 34
20 30 21 30
21 26 21 30
2 23 8 23
8 20 8 23
8 23 11 23
3 12 6 12
6 12 7 12
7 10 7 12
28 10 30 10
30 7 30 10
30 7 34 7
0 7 0 13
0 7 5 7
0 13 0 14
8 4 8 6
8 4 9 4
9 4 9 5
31 34 31 35
31 35 32 35
24 34 30 34
30 34 30 35
8 32 8 34
8 32 10 32
16 30 16 32
16 32 16 35
3 25 3 28
3 28 4 28
28 21 36 21
36 21 37 21
0 21 0 29
0 29 1 29
20 19 22 19
22 16 22 19
2 19 2 21
2 19 4 19
1 18 1 21
1 21 1 22
28 17 30 17
30 17 32 17
16 16 16 18
16 18 16 20
17 12 22 12
22 12 25 12
4 9 8 9
8 9 8 11
27 5 27 7
27 7 27 9
16 5 21 5
21 5 21 8
6 38 10 38
28 37 32 37
32 36 35 36
27 36 27 37
3 36 3 38
5 35 10 35
36 34 36 36
4 34 4 38
23 33 23 34
12 33 12 35
24 32 26 32
31 31 35 31
18 31 18 33
17 31 17 32
10 30 15 30
5 30 7 30
0 30 0 33
7 29 9 29
4 29 4 31
18 27 18 30
7 27 11 27
9 26 11 26
28 25 29 25
24 25 26 25
20 25 20 26
36 24 38 24
31 24 33 24
19 24 19 31
37 22 37 23
27 22 28 22
7 21 7 22
32 19 35 19
38 17 38 18
3 15 4 15
37 14 37 15
29 14 36 14
25 14 25 16
1 14 4 14
12 13 14 13
38 10 38 13
35 10 35 12
17 9 18 9
16 9 16 11
37 8 37 9
14 8 19 8
1 8 1 9
28 7 28 9
9 6 9 14
30 5 32 5
38 4 38 7
26 4 26 6
18 4 24 4
23 3 25 3
25 2 26 2
19 2 20 2
12 1 12 3
20 0 21 0
30
7 13 8 13
6 19 5 19
34 12 34 11
30 6 31 6
28 6 28 5
5 19 4 19
27 6 26 6
26 12 27 12
18 14 18 13
17 13 17 12
8 29 8 30
9 30 10 30
7 28 6 28
6 13 5 13
13 33 13 34
13 35 14 35
3 21 4 21
2 22 1 22
21 25 22 25
22 24 22 23
22 23 23 23
11 20 10 20
10 21 9 21
12 21 13 21
26 24 25 24
8 33 8 32
9 32 10 32
8 30 7 30
25 4 24 4
26 3 27 3
156
16 13 18 13
17 19 18 19
18 13 18 15
18 13 22 13
18 15 18 19
18 15 20 15
20 15 20 17
22 13 26 13
23 11 26 11
26 11 26 13
26 13 34 13
10 7 10 15
10 7 11 7
10 15 13 15
11 7 13 7
13 1 13 7
13 7 15 7
13 15 13 16
15 6 15 7
1 31 1 33
1 33 2 33
2 33 2 37
2 33 7 33
2 37 2 38
23 30 23 32
23 30 27 30
24 29 27 29
27 29 27 30
27 30 33 30
27 23 27 24
27 23 28 23
27 24 27 26
27 26 29 26
13 21 13 22
13 21 22 21
22 21 22 22
22 22 25 22
7 17 7 19
7 19 11 19
11 18 11 19
11 19 11 21
28 2 36 2
36 0 36 1
36 1 36 2
36 2 36 11
17 37 22 37
22 34 22 37
22 37 22 38
20 30 20 34
20 30 21 30
21 26 21 30
2 23 8 23
8 20 8 23
8 23 11 23
3 12 6 12
6 12 7 12
7 10 7 12
28 10 30 10
30 7 30 10
30 7 34 7
0 7 0 13
0 7 5 7
0 13 0 14
8 4 8 6
8 4 9 4
9 4 9 5
25 2 26 2
26 2 26 4
26 4 26 6
31 34 31 35
31 35 32 35
24 34 30 34
30 34 30 35
8 32 8 34
8 32 10 32
16 30 16 32
16 32 16 35
3 25 3 28
3 28 4 28
28 21 36 21
36 21 37 21
0 21 0 29
0 29 1 29
20 19 22 19
22 16 22 19
2 19 2 21
2 19 4 19
1 18 1 21
1 21 1 22
28 17 30 17
30 17 32 17
16 16 16 18
16 18 16 20
17 12 22 12
22 12 25 12
4 9 8 9
8 9 8 11
27 5 27 7
27 7 27 9
16 5 21 5
21 5 21 8
6 38 10 38
28 37 32 37
32 36 35 36
27 36 27 37
3 36 3 38
5 35 10 35
36 34 36 36
4 34 4 38
23 33 23 34
12 33 12 35
24 32 26 32
31 31 35 31
18 31 18 33
17 31 17 32
10 30 15 30
5 30 7 30
0 30 0 33
7 29 9 29
4 29 4 31
18 27 18 30
7 27 11 27
9 26 11 26
28 25 29 25
24 25 26 25
20 25 20 26
36 24 38 24
31 24 33 24
19 24 19 31
37 22 37 23
27 22 28 22
7 21 7 22
32 19 35 19
38 17 38 18
3 15 4 15
37 14 37 15
29 14 36 14
25 14 25 16
1 14 4 14
12 13 14 13
38 10 38 13
35 10 35 12
17 9 18 9
16 9 16 11
37 8 37 9
14 8 19 8
1 8 1 9
28 7 28 9
9 6 9 14
30 5 32 5
38 4 38 7
18 4 24 4
23 3 25 3
19 2 20 2
12 1 12 3
20 0 21 0
31
7 13 8 13
6 19 5 19
34 12 34 11
30 6 31 6
28 6 28 5
5 19 4 19
27 6 26 6
26 12 27 12
18 14 18 13
17 13 17 12
8 29 8 30
9 30 10 30
7 28 6 28
6 13 5 13
13 33 13 34
13 35 14 35
3 21 4 21
2 22 1 22
21 25 22 25
22 24 22 23
22 23 23 23
11 20 10 20
10 21 9 21
12 21 13 21
26 24 25 24
8 33 8 32
9 32 10 32
8 30 7 30
25 4 24 4
26 3 27 3
35 32 34 32
158
16 13 18 13
17 19 18 19
18 13 18 15
18 13 22 13
18 15 18 19
18 15 20 15
20 15 20 17
22 13 26 13
23 11 26 11
26 11 26 13
26 13 34 13
10 7 10 15
10 7 11 7
10 15 13 15
11 7 13 7
13 1 13 7
13 7 15 7
13 15 13 16
15 6 15 7
1 31 1 33
1 33 2 33
2 33 2 37
2 33 7 33
2 37 2 38
23 30 23 32
23 30 27 30
24 29 27 29
27 29 27 30
27 30 33 30
27 23 27 24
27 23 28 23
27 24 27 26
27 26 29 26
13 21 13 22
13 21 22 21
22 21 22 22
22 22 25 22
7 17 7 19
7 19 11 19
11 18 11 19
11 19 11 21
28 2 36 2
36 0 36 1
36 1 36 2
36 2 36 11
17 37 22 37
22 34 22 37
22 37 22 38
20 30 20 34
20 30 21 30
21 26 21 30
2 23 8 23
8 20 8 23
8 23 11 23
3 12 6 12
6 12 7 12
7 10 7 12
28 10 30 10
30 7 30 10
30 7 34 7
0 7 0 13
0 7 5 7
0 13 0 14
8 4 8 6
8 4 9 4
9 4 9 5
25 2 26 2
26 2 26 4
26 4 26 6
31 34 31 35
31 35 32 35
24 34 30 34
30 34 30 35
8 32 8 34
8 32 10 32
31 31 35 31
35 31 35 33
16 30 16 32
16 32 16 35
3 25 3 28
3 28 4 28
28 21 36 21
36 21 37 21
0 21 0 29
0 29 1 29
20 19 22 19
22 16 22 19
2 19 2 21
2 19 4 19
1 18 1 21
1 21 1 22
28 17 30 17
30 17 32 17
16 16 16 18
16 18 16 20
17 12 22 12
22 12 25 12
4 9 8 9
8 9 8 11
27 5 27 7
27 7 27 9
16 5 21 5
21 5 21 8
6 38 10 38
28 37 32 37
32 36 35 36
27 36 27 37
3 36 3 38
5 35 10 35
36 34 36 36
4 34 4 38
23 33 23 34
12 33 12 35
34 32 34 33
24 32 26 32
18 31 18 33
17 31 17 32
10 30 15 30
5 30 7 30
0 30 0 33
7 29 9 29
4 29 4 31
18 27 18 30
7 27 11 27
9 26 11 26
28 25 29 25
24 25 26 25
20 25 20 26
36 24 38 24
31 24 33 24
19 24 19 31
37 22 37 23
27 22 28 22
7 21 7 22
32 19 35 19
38 17 38 18
3 15 4 15
37 14 37 15
29 14 36 14
25 14 25 16
1 14 4 14
12 13 14 13
38 10 38 13
35 10 35 12
17 9 18 9
16 9 16 11
37 8 37 9
14 8 19 8
1 8 1 9
28 7 28 9
9 6 9 14
30 5 32 5
38 4 38 7
18 4 24 4
23 3 25 3
19 2 20 2
12 1 12 3
20 0 21 0
32
7 13 8 13
6 19 5 19
34 12 34 11
30 6 31 6
28 6 28 5
5 19 4 19
27 6 26 6
26 12 27 12
18 14 18 13
17 13 17 12
8 29 8 30
9 30 10 30
7 28 6 28
6 13 5 13
13 33 13 34
13 35 14 35
3 21 4 21
2 22 1 22
21 25 22 25
22 24 22 23
22 23 23 23
11 20 10 20
10 21 9 21
12 21 13 21
26 24 25 24
8 33 8 32
9 32 10 32
8 30 7 30
25 4 24 4
26 3 27 3
35 32 34 32
34 33 34 34
159
16 13 18 13
17 19 18 19
18 13 18 15
18 13 22 13
18 15 18 19
18 15 20 15
20 15 20 17
22 13 26 13
23 11 26 11
26 11 26 13
26 13 34 13
10 7 10 15
10 7 11 7
10 15 13 15
11 7 13 7
13 1 13 7
13 7 15 7
13 15 13 16
15 6 15 7
1 31 1 33
1 33 2 33
2 33 2 37
2 33 7 33
2 37 2 38
23 30 23 32
23 30 27 30
24 29 27 29
27 29 27 30
27 30 33 30
27 23 27 24
27 23 28 23
27 24 27 26
27 26 29 26
13 21 13 22
13 21 22 21
22 21 22 22
22 22 25 22
7 17 7 19
7 19 11 19
11 18 11 19
11 19 11 21
28 2 36 2
36 0 36 1
36 1 36 2
36 2 36 11
17 37 22 37
22 34 22 37
22 37 22 38
34 32 34 34
34 34 36 34
36 34 36 36
20 30 20 34
20 30 21 30
21 26 21 30
2 23 8 23
8 20 8 23
8 23 11 23
3 12 6 12
6 12 7 12
7 10 7 12
28 10 30 10
30 7 30 10
30 7 34 7
0 7 0 13
0 7 5 7
0 13 0 14
8 4 8 6
8 4 9 4
9 4 9 5
25 2 26 2
26 2 26 4
26 4 26 6
31 34 31 35
31 35 32 35
24 34 30 34
30 34 30 35
8 32 8 34
8 32 10 32
31 31 35 31
35 31 35 33
16 30 16 32
16 32 16 35
3 25 3 28
3 28 4 28
28 21 36 21
36 21 37 21
0 21 0 29
0 29 1 29
20 19 22 19
22 16 22 19
2 19 2 21
2 19 4 19
1 18 1 21
1 21 1 22
28 17 30 17
30 17 32 17
16 16 16 18
16 18 16 20
17 12 22 12
22 12 25 12
4 9 8 9
8 9 8 11
27 5 27 7
27 7 27 9
16 5 21 5
21 5 21 8
6 38 10 38
28 37 32 37
32 36 35 36
27 36 27 37
3 36 3 38
5 35 10 35
4 34 4 38
23 33 23 34
12 33 12 35
24 32 26 32
18 31 18 33
17 31 17 32
10 30 15 30
5 30 7 30
0 30 0 33
7 29 9 29
4 29 4 31
18 27 18 30
7 27 11 27
9 26 11 26
28 25 29 25
24 25 26 25
20 25 20 26
36 24 38 24
31 24 33 24
19 24 19 31
37 22 37 23
27 22 28 22
7 21 7 22
32 19 35 19
38 17 38 18
3 15 4 15
37 14 37 15
29 14 36 14
25 14 25 16
1 14 4 14
12 13 14 13
38 10 38 13
35 10 35 12
17 9 18 9
16 9 16 11
37 8 37 9
14 8 19 8
1 8 1 9
28 7 28 9
9 6 9 14
30 5 32 5
38 4 38 7
18 4 24 4
23 3 25 3
19 2 20 2
12 1 12 3
20 0 21 0
33
7 13 8 13
6 19 5 19
34 12 34 11
30 6 31 6
28 6 28 5
5 19 4 19
27 6 26 6
26 12 27 12
18 14 18 13
17 13 17 12
8 29 8 30
9 30 10 30
7 28 6 28
6 13 5 13
13 33 13 34
13 35 14 35
3 21 4 21
2 22 1 22
21 25 22 25
22 24 22 23
22 23 23 23
11 20 10 20
10 21 9 21
12 21 13 21
26 24 25 24
8 33 8 32
9 32 10 32
8 30 7 30
25 4 24 4
26 3 27 3
35 32 34 32
34 33 34 34
37 22 38 22
158
16 13 18 13
17 19 18 19
18 13 18 15
18 13 22 13
18 15 18 19
18 15 20 15
20 15 20 17
22 13 26 13
23 11 26 11
26 11 26 13
26 13 34 13
10 7 10 15
10 7 11 7
10 15 13 15
11 7 13 7
13 1 13 7
13 7 15 7
13 15 13 16
15 6 15 7
1 31 1 33
1 33 2 33
2 33 2 37
2 33 7 33
2 37 2 38
23 30 23 32
23 30 27 30
24 29 27 29
27 29 27 30
27 30 33 30
27 23 27 24
27 23 28 23
27 24 27 26
27 26 29 26
13 21 13 22
13 21 22 21
22 21 22 22
22 22 25 22
7 17 7 19
7 19 11 19
11 18 11 19
11 19 11 21
28 2 36 2
36 0 36 1
36 1 36 2
36 2 36 11
17 37 22 37
22 34 22 37
22 37 22 38
34 32 34 34
34 34 36 34
36 34 36 36
20 30 20 34
20 30 21 30
21 26 21 30
2 23 8 23
8 20 8 23
8 23 11 23
3 12 6 12
6 12 7 12
7 10 7 12
28 10 30 10
30 7 30 10
30 7 34 7
0 7 0 13
0 7 5 7
0 13 0 14
8 4 8 6
8 4 9 4
9 4 9 5
25 2 26 2
26 2 26 4
26 4 26 6
31 34 31 35
31 35 32 35
24 34 30 34
30 34 30 35
8 32 8 34
8 32 10 32
31 31 35 31
35 31 35 33
16 30 16 32
16 32 16 35
3 25 3 28
3 28 4 28
28 21 36 21
36 21 37 21
0 21 0 29
0 29 1 29
20 19 22 19
22 16 22 19
2 19 2 21
2 19 4 19
1 18 1 21
1 21 1 22
28 17 30 17
30 17 32 17
16 16 16 18
16 18 16 20
17 12 22 12
22 12 25 12
4 9 8 9
8 9 8 11
27 5 27 7
27 7 27 9
16 5 21 5
21 5 21 8
6 38 10 38
28 37 32 37
32 36 35 36
27 36 27 37
3 36 3 38
5 35 10 35
4 34 4 38
23 33 23 34
12 33 12 35
24 32 26 32
18 31 18 33
17 31 17 32
10 30 15 30
5 30 7 30
0 30 0 33
7 29 9 29
4 29 4 31
18 27 18 30
7 27 11 27
9 26 11 26
28 25 29 25
24 25 26 25
20 25 20 26
36 24 38 24
31 24 33 24
19 24 19 31
27 22 28 22
7 21 7 22
32 19 35 19
38 17 38 18
3 15 4 15
37 14 37 15
29 14 36 14
25 14 25 16
1 14 4 14
12 13 14 13
38 10 38 13
35 10 35 12
17 9 18 9
16 9 16 11
37 8 37 9
14 8 19 8
1 8 1 9
28 7 28 9
9 6 9 14
30 5 32 5
38 4 38 7
18 4 24 4
23 3 25 3
19 2 20 2
12 1 12 3
20 0 21 0
34
7 13 8 13
6 19 5 19
34 12 34 11
30 6 31 6
28 6 28 5
5 19 4 19
27 6 26 6
26 12 27 12
18 14 18 13
17 13 17 12
8 29 8 30
9 30 10 30
7 28 6 28
6 13 5 13
13 33 13 34
13 35 14 35
3 21 4 21
2 22 1 22
21 25 22 25
22 24 22 23
22 23 23 23
11 20 10 20
10 21 9 21
12 21 13 21
26 24 25 24
8 33 8 32
9 32 10 32
8 30 7 30
25 4 24 4
26 3 27 3
35 32 34 32
34 33 34 34
37 22 38 22
17 15 16 15
158
16 13 18 13
17 19 18 19
18 13 18 15
18 13 22 13
18 15 18 19
18 15 20 15
20 15 20 17
22 13 26 13
23 11 26 11
26 11 26 13
26 13 34 13
10 7 10 15
10 7 11 7
10 15 13 15
11 7 13 7
13 1 13 7
13 7 15 7
13 15 13 16
15 6 15 7
1 31 1 33
1 33 2 33
2 33 2 37
2 33 7 33
2 37 2 38
23 30 23 32
23 30 27 30
24 29 27 29
27 29 27 30
27 30 33 30
27 23 27 24
27 23 28 23
27 24 27 26
27 26 29 26
13 21 13 22
13 21 22 21
22 21 22 22
22 22 25 22
7 17 7 19
7 19 11 19
11 18 11 19
11 19 11 21
28 2 36 2
36 0 36 1
36 1 36 2
36 2 36 11
17 37 22 37
22 34 22 37
22 37 22 38
34 32 34 34
34 34 36 34
36 34 36 36
20 30 20 34
20 30 21 30
21 26 21 30
2 23 8 23
8 20 8 23
8 23 11 23
3 12 6 12
6 12 7 12
7 10 7 12
28 10 30 10
30 7 30 10
30 7 34 7
0 7 0 13
0 7 5 7
0 13 0 14
8 4 8 6
8 4 9 4
9 4 9 5
25 2 26 2
26 2 26 4
26 4 26 6
31 34 31 35
31 35 32 35
24 34 30 34
30 34 30 35
8 32 8 34
8 32 10 32
31 31 35 31
35 31 35 33
16 30 16 32
16 32 16 35
3 25 3 28
3 28 4 28
28 21 36 21
36 21 37 21
0 21 0 29
0 29 1 29
20 19 22 19
22 16 22 19
2 19 2 21
2 19 4 19
1 18 1 21
1 21 1 22
28 17 30 17
30 17 32 17
16 16 16 18
16 18 16 20
17 12 22 12
22 12 25 12
4 9 8 9
8 9 8 11
27 5 27 7
27 7 27 9
16 5 21 5
21 5 21 8
6 38 10 38
28 37 32 37
32 36 35 36
27 36 27 37
3 36 3 38
5 35 10 35
4 34 4 38
23 33 23 34
12 33 12 35
24 32 26 32
18 31 18 33
17 31 17 32
10 30 15 30
5 30 7 30
0 30 0 33
7 29 9 29
4 29 4 31
18 27 18 30
7 27 11 27
9 26 11 26
28 25 29 25
24 25 26 25
20 25 20 26
36 24 38 24
31 24 33 24
19 24 19 31
27 22 28 22
7 21 7 22
32 19 35 19
38 17 38 18
3 15 4 15
37 14 37 15
29 14 36 14
25 14 25 16
1 14 4 14
12 13 14 13
38 10 38 13
35 10 35 12
17 9 18 9
16 9 16 11
37 8 37 9
14 8 19 8
1 8 1 9
28 7 28 9
9 6 9 14
30 5 32 5
38 4 38 7
18 4 24 4
23 3 25 3
19 2 20 2
12 1 12 3
20 0 21 0
35
7 13 8 13
6 19 5 19
34 12 34 11
30 6 31 6
28 6 28 5
5 19 4 19
27 6 26 6
26 12 27 12
18 14 18 13
17 13 17 12
8 29 8 30
9 30 10 30
7 28 6 28
6 13 5 13
13 33 13 34
13 35 14 35
3 21 4 21
2 22 1 22
21 25 22 25
22 24 22 23
22 23 23 23
11 20 10 20
10 21 9 21
12 21 13 21
26 24 25 24
8 33 8 32
9 32 10 32
8 30 7 30
25 4 24 4
26 3 27 3
35 32 34 32
34 33 34 34
37 22 38 22
17 15 16 15
19 9 19 10
158
16 13 18 13
17 19 18 19
18 13 18 15
18 13 22 13
18 15 18 19
18 15 20 15
20 15 20 17
22 13 26 13
23 11 26 11
26 11 26 13
26 13 34 13
10 7 10 15
10 7 11 7
10 15 13 15
11 7 13 7
13 1 13 7
13 7 15 7
13 15 13 16
15 6 15 7
1 31 1 33
1 33 2 33
2 33 2 37
2 33 7 33
2 37 2 38
23 30 23 32
23 30 27 30
24 29 27 29
27 29 27 30
27 30 33 30
27 23 27 24
27 23 28 23
27 24 27 26
27 26 29 26
13 21 13 22
13 21 22 21
22 21 22 22
22 22 25 22
7 17 7 19
7 19 11 19
11 18 11 19
11 19 11 21
28 2 36 2
36 0 36 1
36 1 36 2
36 2 36 11
17 37 22 37
22 34 22 37
22 37 22 38
34 32 34 34
34 34 36 34
36 34 36 36
20 30 20 34
20 30 21 30
21 26 21 30
2 23 8 23
8 20 8 23
8 23 11 23
3 12 6 12
6 12 7 12
7 10 7 12
28 10 30 10
30 7 30 10
30 7 34 7
0 7 0 13
0 7 5 7
0 13 0 14
8 4 8 6
8 4 9 4
9 4 9 5
25 2 26 2
26 2 26 4
26 4 26 6
31 34 31 35
31 35 32 35
24 34 30 34
30 34 30 35
8 32 8 34
8 32 10 32
31 31 35 31
35 31 35 33
16 30 16 32
16 32 16 35
3 25 3 28
3 28 4 28
28 21 36 21
36 21 37 21
0 21 0 29
0 29 1 29
20 19 22 19
22 16 22 19
2 19 2 21
2 19 4 19
1 18 1 21
1 21 1 22
28 17 30 17
30 17 32 17
16 16 16 18
16 18 16 20
17 12 22 12
22 12 25 12
4 9 8 9
8 9 8 11
27 5 27 7
27 7 27 9
16 5 21 5
21 5 21 8
6 38 10 38
28 37 32 37
32 36 35 36
27 36 27 37
3 36 3 38
5 35 10 35
4 34 4 38
23 33 23 34
12 33 12 35
24 32 26 32
18 31 18 33
17 31 17 32
10 30 15 30
5 30 7 30
0 30 0 33
7 29 9 29
4 29 4 31
18 27 18 30
7 27 11 27
9 26 11 26
28 25 29 25
24 25 26 25
20 25 20 26
36 24 38 24
31 24 33 24
19 24 19 31
27 22 28 22
7 21 7 22
32 19 35 19
38 17 38 18
3 15 4 15
37 14 37 15
29 14 36 14
25 14 25 16
1 14 4 14
12 13 14 13
38 10 38 13
35 10 35 12
17 9 18 9
16 9 16 11
37 8 37 9
14 8 19 8
1 8 1 9
28 7 28 9
9 6 9 14
30 5 32 5
38 4 38 7
18 4 24 4
23 3 25 3
19 2 20 2
12 1 12 3
20 0 21 0
36
7 13 8 13
6 19 5 19
34 12 34 11
30 6 31 6
28 6 28 5
5 19 4 19
27 6 26 6
26 12 27 12
18 14 18 13
17 13 17 12
8 29 8 30
9 30 10 30
7 28 6 28
6 13 5 13
13 33 13 34
13 35 14 35
3 21 4 21
2 22 1 22
21 25 22 25
22 24 22 23
22 23 23 23
11 20 10 20
10 21 9 21
12 21 13 21
26 24 25 24
8 33 8 32
9 32 10 32
8 30 7 30
25 4 24 4
26 3 27 3
35 32 34 32
34 33 34 34
37 22 38 22
17 15 16 15
19 9 19 10
5 20 5 21
158
16 13 18 13
17 19 18 19
18 13 18 15
18 13 22 13
18 15 18 19
18 15 20 15
20 15 20 17
22 13 26 13
23 11 26 11
26 11 26 13
26 13 34 13
10 7 10 15
10 7 11 7
10 15 13 15
11 7 13 7
13 1 13 7
13 7 15 7
13 15 13 16
15 6 15 7
1 31 1 33
1 33 2 33
2 33 2 37
2 33 7 33
2 37 2 38
23 30 23 32
23 30 27 30
24 29 27 29
27 29 27 30
27 30 33 30
27 23 27 24
27 23 28 23
27 24 27 26
27 26 29 26
13 21 13 22
13 21 22 21
22 21 22 22
22 22 25 22
7 17 7 19
7 19 11 19
11 18 11 19
11 19 11 21
28 2 36 2
36 0 36 1
36 1 36 2
36 2 36 11
17 37 22 37
22 34 22 37
22 37 22 38
34 32 34 34
34 34 36 34
36 34 36 36
20 30 20 34
20 30 21 30
21 26 21 30
2 23 8 23
8 20 8 23
8 23 11 23
3 12 6 12
6 12 7 12
7 10 7 12
28 10 30 10
30 7 30 10
30 7 34 7
0 7 0 13
0 7 5 7
0 13 0 14
8 4 8 6
8 4 9 4
9 4 9 5
25 2 26 2
26 2 26 4
26 4 26 6
31 34 31 35
31 35 32 35
24 34 30 34
30 34 30 35
8 32 8 34
8 32 10 32
31 31 35 31
35 31 35 33
16 30 16 32
16 32 16 35
3 25 3 28
3 28 4 28
28 21 36 21
36 21 37 21
0 21 0 29
0 29 1 29
20 19 22 19
22 16 22 19
2 19 2 21
2 19 4 19
1 18 1 21
1 21 1 22
28 17 30 17
30 17 32 17
16 16 16 18
16 18 16 20
17 12 22 12
22 12 25 12
4 9 8 9
8 9 8 11
27 5 27 7
27 7 27 9
16 5 21 5
21 5 21 8
6 38 10 38
28 37 32 37
32 36 35 36
27 36 27 37
3 36 3 38
5 35 10 35
4 34 4 38
23 33 23 34
12 33 12 35
24 32 26 32
18 31 18 33
17 31 17 32
10 30 15 30
5 30 7 30
0 30 0 33
7 29 9 29
4 29 4 31
18 27 18 30
7 27 11 27
9 26 11 26
28 25 29 25
24 25 26 25
20 25 20 26
36 24 38 24
31 24 33 24
19 24 19 31
27 22 28 22
7 21 7 22
32 19 35 19
38 17 38 18
3 15 4 15
37 14 37 15
29 14 36 14
25 14 25 16
1 14 4 14
12 13 14 13
38 10 38 13
35 10 35 12
17 9 18 9
16 9 16 11
37 8 37 9
14 8 19 8
1 8 1 9
28 7 28 9
9 6 9 14
30 5 32 5
38 4 38 7
18 4 24 4
23 3 25 3
19 2 20 2
12 1 12 3
20 0 21 0
37
7 13 8 13
6 19 5 19
34 12 34 11
30 6 31 6
28 6 28 5
5 19 4 19
27 6 26 6
26 12 27 12
18 14 18 13
17 13 17 12
8 29 8 30
9 30 10 30
7 28 6 28
6 13 5 13
13 33 13 34
13 35 14 35
3 21 4 21
2 22 1 22
21 25 22 25
22 24 22 23
22 23 23 23
11 20 10 20
10 21 9 21
12 21 13 21
26 24 25 24
8 33 8 32
9 32 10 32
8 30 7 30
25 4 24 4
26 3 27 3
35 32 34 32
34 33 34 34
37 22 38 22
17 15 16 15
19 9 19 10
5 20 5 21
15 6 15 5
159
8 4 8 6
8 4 9 4
9 4 9 5
9 5 15 5
10 7 10 15
10 7 11 7
10 15 13 15
11 7 13 7
13 7 15 7
13 15 13 16
15 5 15 7
16 13 18 13
17 19 18 19
18 13 18 15
18 13 22 13
18 15 18 19
18 15 20 15
20 15 20 17
22 13 26 13
23 11 26 11
26 11 26 13
26 13 34 13
1 31 1 33
1 33 2 33
2 33 2 37
2 33 7 33
2 37 2 38
23 30 23 32
23 30 27 30
24 29 27 29
27 29 27 30
27 30 33 30
27 23 27 24
27 23 28 23
27 24 27 26
27 26 29 26
13 21 13 22
13 21 22 21
22 21 22 22
22 22 25 22
7 17 7 19
7 19 11 19
11 18 11 19
11 19 11 21
28 2 36 2
36 0 36 1
36 1 36 2
36 2 36 11
17 37 22 37
22 34 22 37
22 37 22 38
34 32 34 34
34 34 36 34
36 34 36 36
20 30 20 34
20 30 21 30
21 26 21 30
2 23 8 23
8 20 8 23
8 23 11 23
3 12 6 12
6 12 7 12
7 10 7 12
28 10 30 10
30 7 30 10
30 7 34 7
0 7 0 13
0 7 5 7
0 13 0 14
25 2 26 2
26 2 26 4
26 4 26 6
31 34 31 35
31 35 32 35
24 34 30 34
30 34 30 35
8 32 8 34
8 32 10 32
31 31 35 31
35 31 35 33
16 30 16 32
16 32 16 35
3 25 3 28
3 28 4 28
28 21 36 21
36 21 37 21
0 21 0 29
0 29 1 29
20 19 22 19
22 16 22 19
2 19 2 21
2 19 4 19
1 18 1 21
1 21 1 22
28 17 30 17
30 17 32 17
16 16 16 18
16 18 16 20
17 12 22 12
22 12 25 12
4 9 8 9
8 9 8 11
27 5 27 7
27 7 27 9
16 5 21 5
21 5 21 8
12 1 12 3
12 3 14 3
6 38 10 38
28 37 32 37
32 36 35 36
27 36 27 37
3 36 3 38
5 35 10 35
4 34 4 38
23 33 23 34
12 33 12 35
24 32 26 32
18 31 18 33
17 31 17 32
10 30 15 30
5 30 7 30
0 30 0 33
7 29 9 29
4 29 4 31
18 27 18 30
7 27 11 27
9 26 11 26
28 25 29 25
24 25 26 25
20 25 20 26
36 24 38 24
31 24 33 24
19 24 19 31
27 22 28 22
7 21 7 22
32 19 35 19
38 17 38 18
3 15 4 15
37 14 37 15
29 14 36 14
25 14 25 16
1 14 4 14
12 13 14 13
38 10 38 13
35 10 35 12
17 9 18 9
16 9 16 11
37 8 37 9
14 8 19 8
1 8 1 9
28 7 28 9
9 6 9 14
30 5 32 5
38 4 38 7
18 4 24 4
23 3 25 3
19 2 20 2
20 0 21 0
38
7 13 8 13
6 19 5 19
34 12 34 11
30 6 31 6
28 6 28 5
5 19 4 19
27 6 26 6
26 12 27 12
18 14 18 13
17 13 17 12
8 29 8 30
9 30 10 30
7 28 6 28
6 13 5 13
13 33 13 34
13 35 14 35
3 21 4 21
2 22 1 22
21 25 22 25
22 24 22 23
22 23 23 23
11 20 10 20
10 21 9 21
12 21 13 21
26 24 25 24
8 33 8 32
9 32 10 32
8 30 7 30
25 4 24 4
26 3 27 3
35 32 34 32
34 33 34 34
37 22 38 22
17 15 16 15
19 9 19 10
5 20 5 21
15 6 15 5
28 5 28 4
159
8 4 8 6
8 4 9 4
9 4 9 5
9 5 15 5
10 7 10 15
10 7 11 7
10 15 13 15
11 7 13 7
13 7 15 7
13 15 13 16
15 5 15 7
16 13 18 13
17 19 18 19
18 13 18 15
18 13 22 13
18 15 18 19
18 15 20 15
20 15 20 17
22 13 26 13
23 11 26 11
26 11 26 13
26 13 34 13
1 31 1 33
1 33 2 33
2 33 2 37
2 33 7 33
2 37 2 38
23 30 23 32
23 30 27 30
24 29 27 29
27 29 27 30
27 30 33 30
27 23 27 24
27 23 28 23
27 24 27 26
27 26 29 26
13 21 13 22
13 21 22 21
22 21 22 22
22 22 25 22
7 17 7 19
7 19 11 19
11 18 11 19
11 19 11 21
28 2 36 2
36 0 36 1
36 1 36 2
36 2 36 11
17 37 22 37
22 34 22 37
22 37 22 38
34 32 34 34
34 34 36 34
36 34 36 36
20 30 20 34
20 30 21 30
21 26 21 30
2 23 8 23
8 20 8 23
8 23 11 23
3 12 6 12
6 12 7 12
7 10 7 12
28 10 30 10
30 7 30 10
30 7 34 7
0 7 0 13
0 7 5 7
0 13 0 14
25 2 26 2
26 2 26 4
26 4 26 6
31 34 31 35
31 35 32 35
24 34 30 34
30 34 30 35
8 32 8 34
8 32 10 32
31 31 35 31
35 31 35 33
16 30 16 32
16 32 16 35
3 25 3 28
3 28 4 28
28 21 36 21
36 21 37 21
0 21 0 29
0 29 1 29
20 19 22 19
22 16 22 19
2 19 2 21
2 19 4 19
1 18 1 21
1 21 1 22
28 17 30 17
30 17 32 17
16 16 16 18
16 18 16 20
17 12 22 12
22 12 25 12
4 9 8 9
8 9 8 11
27 5 27 7
27 7 27 9
16 5 21 5
21 5 21 8
12 1 12 3
12 3 14 3
6 38 10 38
28 37 32 37
32 36 35 36
27 36 27 37
3 36 3 38
5 35 10 35
4 34 4 38
23 33 23 34
12 33 12 35
24 32 26 32
18 31 18 33
17 31 17 32
10 30 15 30
5 30 7 30
0 30 0 33
7 29 9 29
4 29 4 31
18 27 18 30
7 27 11 27
9 26 11 26
28 25 29 25
24 25 26 25
20 25 20 26
36 24 38 24
31 24 33 24
19 24 19 31
27 22 28 22
7 21 7 22
32 19 35 19
38 17 38 18
3 15 4 15
37 14 37 15
29 14 36 14
25 14 25 16
1 14 4 14
12 13 14 13
38 10 38 13
35 10 35 12
17 9 18 9
16 9 16 11
37 8 37 9
14 8 19 8
1 8 1 9
28 7 28 9
9 6 9 14
30 5 32 5
38 4 38 7
18 4 24 4
23 3 25 3
19 2 20 2
20 0 21 0
39
7 13 8 13
6 19 5 19
34 12 34 11
30 6 31 6
28 6 28 5
5 19 4 19
27 6 26 6
26 12 27 12
18 14 18 13
17 13 17 12
8 29 8 30
9 30 10 30
7 28 6 28
6 13 5 13
13 33 13 34
13 35 14 35
3 21 4 21
2 22 1 22
21 25 22 25
22 24 22 23
22 23 23 23
11 20 10 20
10 21 9 21
12 21 13 21
26 24 25 24
8 33 8 32
9 32 10 32
8 30 7 30
25 4 24 4
26 3 27 3
35 32 34 32
34 33 34 34
37 22 38 22
17 15 16 15
19 9 19 10
5 20 5 21
15 6 15 5
28 5 28 4
18 35 19 35
160
8 4 8 6
8 4 9 4
9 4 9 5
9 5 15 5
10 7 10 15
10 7 11 7
10 15 13 15
11 7 13 7
13 7 15 7
13 15 13 16
15 5 15 7
16 13 18 13
17 19 18 19
18 13 18 15
18 13 22 13
18 15 18 19
18 15 20 15
20 15 20 17
22 13 26 13
23 11 26 11
26 11 26 13
26 13 34 13
1 31 1 33
1 33 2 33
2 33 2 37
2 33 7 33
2 37 2 38
23 30 23 32
23 30 27 30
24 29 27 29
27 29 27 30
27 30 33 30
27 23 27 24
27 23 28 23
27 24 27 26
27 26 29 26
13 21 13 22
13 21 22 21
22 21 22 22
22 22 25 22
7 17 7 19
7 19 11 19
11 18 11 19
11 19 11 21
28 2 36 2
36 0 36 1
36 1 36 2
36 2 36 11
17 37 22 37
22 34 22 37
22 37 22 38
34 32 34 34
34 34 36 34
36 34 36 36
20 30 20 34
20 30 21 30
21 26 21 30
2 23 8 23
8 20 8 23
8 23 11 23
3 12 6 12
6 12 7 12
7 10 7 12
28 10 30 10
30 7 30 10
30 7 34 7
0 7 0 13
0 7 5 7
0 13 0 14
25 2 26 2
26 2 26 4
26 4 26 6
31 34 31 35
31 35 32 35
24 34 30 34
30 34 30 35
8 32 8 34
8 32 10 32
31 31 35 31
35 31 35 33
16 30 16 32
16 32 16 35
3 25 3 28
3 28 4 28
28 21 36 21
36 21 37 21
0 21 0 29
0 29 1 29
20 19 22 19
22 16 22 19
2 19 2 21
2 19 4 19
1 18 1 21
1 21 1 22
28 17 30 17
30 17 32 17
16 16 16 18
16 18 16 20
17 12 22 12
22 12 25 12
4 9 8 9
8 9 8 11
27 5 27 7
27 7 27 9
16 5 21 5
21 5 21 8
12 1 12 3
12 3 14 3
6 38 10 38
28 37 32 37
32 36 35 36
27 36 27 37
3 36 3 38
5 35 10 35
18 34 18 36
4 34 4 38
23 33 23 34
12 33 12 35
24 32 26 32
18 31 18 33
17 31 17 32
10 30 15 30
5 30 7 30
0 30 0 33
7 29 9 29
4 29 4 31
18 27 18 30
7 27 11 27
9 26 11 26
28 25 29 25
24 25 26 25
20 25 20 26
36 24 38 24
31 24 33 24
19 24 19 31
27 22 28 22
7 21 7 22
32 19 35 19
38 17 38 18
3 15 4 15
37 14 37 15
29 14 36 14
25 14 25 16
1 14 4 14
12 13 14 13
38 10 38 13
35 10 35 12
17 9 18 9
16 9 16 11
37 8 37 9
14 8 19 8
1 8 1 9
28 7 28 9
9 6 9 14
30 5 32 5
38 4 38 7
18 4 24 4
23 3 25 3
19 2 20 2
20 0 21 0
40
7 13 8 13
6 19 5 19
34 12 34 11
30 6 31 6
28 6 28 5
5 19 4 19
27 6 26 6
26 12 27 12
18 14 18 13
17 13 17 12
8 29 8 30
9 30 10 30
7 28 6 28
6 13 5 13
13 33 13 34
13 35 14 35
3 21 4 21
2 22 1 22
21 25 22 25
22 24 22 23
22 23 23 23
11 20 10 20
10 21 9 21
12 21 13 21
26 24 25 24
8 33 8 32
9 32 10 32
8 30 7 30
25 4 24 4
26 3 27 3
35 32 34 32
34 33 34 34
37 22 38 22
17 15 16 15
19 9 19 10
5 20 5 21
15 6 15 5
28 5 28 4
18 35 19 35
20 35 21 35
161
8 4 8 6
8 4 9 4
9 4 9 5
9 5 15 5
10 7 10 15
10 7 11 7
10 15 13 15
11 7 13 7
13 7 15 7
13 15 13 16
15 5 15 7
16 13 18 13
17 19 18 19
18 13 18 15
18 13 22 13
18 15 18 19
18 15 20 15
20 15 20 17
22 13 26 13
23 11 26 11
26 11 26 13
26 13 34 13
1 31 1 33
1 33 2 33
2 33 2 37
2 33 7 33
2 37 2 38
23 30 23 32
23 30 27 30
24 29 27 29
27 29 27 30
27 30 33 30
20 30 20 34
20 30 21 30
20 34 20 36
21 26 21 30
27 23 27 24
27 23 28 23
27 24 27 26
27 26 29 26
13 21 13 22
13 21 22 21
22 21 22 22
22 22 25 22
7 17 7 19
7 19 11 19
11 18 11 19
11 19 11 21
28 2 36 2
36 0 36 1
36 1 36 2
36 2 36 11
17 37 22 37
22 34 22 37
22 37 22 38
34 32 34 34
34 34 36 34
36 34 36 36
2 23 8 23
8 20 8 23
8 23 11 23
3 12 6 12
6 12 7 12
7 10 7 12
28 10 30 10
30 7 30 10
30 7 34 7
0 7 0 13
0 7 5 7
0 13 0 14
25 2 26 2
26 2 26 4
26 4 26 6
31 34 31 35
31 35 32 35
24 34 30 34
30 34 30 35
8 32 8 34
8 32 10 32
31 31 35 31
35 31 35 33
16 30 16 32
16 32 16 35
3 25 3 28
3 28 4 28
28 21 36 21
36 21 37 21
0 21 0 29
0 29 1 29
20 19 22 19
22 16 22 19
2 19 2 21
2 19 4 19
1 18 1 21
1 21 1 22
28 17 30 17
30 17 32 17
16 16 16 18
16 18 16 20
17 12 22 12
22 12 25 12
4 9 8 9
8 9 8 11
27 5 27 7
27 7 27 9
16 5 21 5
21 5 21 8
12 1 12 3
12 3 14 3
6 38 10 38
28 37 32 37
32 36 35 36
27 36 27 37
3 36 3 38
5 35 10 35
18 34 18 36
4 34 4 38
23 33 23 34
12 33 12 35
24 32 26 32
18 31 18 33
17 31 17 32
10 30 15 30
5 30 7 30
0 30 0 33
7 29 9 29
4 29 4 31
18 27 18 30
7 27 11 27
9 26 11 26
28 25 29 25
24 25 26 25
20 25 20 26
36 24 38 24
31 24 33 24
19 24 19 31
27 22 28 22
7 21 7 22
32 19 35 19
38 17 38 18
3 15 4 15
37 14 37 15
29 14 36 14
25 14 25 16
1 14 4 14
12 13 14 13
38 10 38 13
35 10 35 12
17 9 18 9
16 9 16 11
37 8 37 9
14 8 19 8
1 8 1 9
28 7 28 9
9 6 9 14
30 5 32 5
38 4 38 7
18 4 24 4
23 3 25 3
19 2 20 2
20 0 21 0
11
7 13 8 13
6 19 5 19
34 12 34 11
30 6 31 6
28 6 28 5
5 19 4 19
27 6 26 6
26 12 27 12
18 14 18 13
17 13 17 12
8 29 8 30
158
16 13 18 13
17 19 18 19
18 13 18 15
18 13 22 13
18 15 18 19
18 15 20 15
20 15 20 17
22 13 26 13
23 11 26 11
26 11 26 13
26 13 34 13
7 21 7 22
7 21 10 21
10 7 10 15
10 7 11 7
10 15 10 21
10 15 13 15
11 7 13 7
13 1 13 7
13 7 15 7
13 15 13 16
15 6 15 7
1 31 1 33
1 33 2 33
2 33 2 37
2 33 7 33
2 37 2 38
5 30 8 30
7 33 8 33
8 30 8 33
8 33 8 34
23 30 23 32
23 30 27 30
24 29 27 29
27 29 27 30
27 30 33 30
27 23 27 24
27 23 28 23
27 24 27 26
27 26 29 26
12 21 22 21
22 21 22 22
22 22 25 22
25 22 25 27
28 2 36 2
36 0 36 1
36 1 36 2
36 2 36 11
17 37 22 37
22 34 22 37
22 37 22 38
20 30 20 34
20 30 21 30
21 26 21 30
7 29 9 29
9 29 9 30
9 30 15 30
11 18 11 19
11 19 11 20
11 20 11 21
3 12 6 12
6 12 7 12
7 10 7 12
28 10 30 10
30 7 30 10
30 7 34 7
0 7 0 13
0 7 5 7
0 13 0 14
8 4 8 6
8 4 9 4
9 4 9 5
31 34 31 35
31 35 32 35
24 34 30 34
30 34 30 35
16 30 16 32
16 32 16 35
3 25 3 28
3 28 4 28
2 23 8 23
8 23 11 23
28 21 36 21
36 21 37 21
0 21 0 29
0 29 1 29
20 19 22 19
22 16 22 19
2 19 2 21
2 19 4 19
28 17 30 17
30 17 32 17
16 16 16 18
16 18 16 20
17 12 22 12
22 12 25 12
4 9 8 9
8 9 8 11
27 5 27 7
27 7 27 9
16 5 21 5
21 5 21 8
6 38 10 38
28 37 32 37
32 36 35 36
27 36 27 37
3 36 3 38
5 35 10 35
36 34 36 36
10 34 15 34
4 34 4 38
23 33 23 34
13 33 14 33
24 32 26 32
31 31 35 31
18 31 18 33
17 31 17 32
0 30 0 33
4 29 4 31
18 27 18 30
7 27 11 27
9 26 11 26
28 25 29 25
20 25 20 26
36 24 38 24
31 24 33 24
19 24 19 31
26 23 26 24
37 22 37 23
27 22 28 22
32 19 35 19
1 18 1 21
38 17 38 18
7 17 7 19
3 15 4 15
37 14 37 15
29 14 36 14
25 14 25 16
1 14 4 14
12 13 14 13
38 10 38 13
35 10 35 12
17 9 18 9
16 9 16 11
37 8 37 9
14 8 19 8
1 8 1 9
28 7 28 9
9 6 9 14
30 5 32 5
38 4 38 7
26 4 26 6
18 4 25 4
23 3 25 3
25 2 26 2
19 2 20 2
12 1 12 3
20 0 21 0
