0
148
22 33 22 38
22 33 25 33
22 38 23 38
23 38 31 38
25 33 29 33
29 28 29 29
29 29 29 33
29 33 29 37
33 9 35 9
35 9 35 19
35 19 38 19
38 17 38 19
38 19 40 19
40 19 40 24
40 19 44 19
44 17 44 19
3 22 3 23
3 22 6 22
3 23 3 24
6 21 6 22
6 21 12 21
12 21 14 21
4 44 6 44
6 42 6 44
6 42 10 42
6 44 10 44
10 38 10 42
6 12 6 13
6 13 15 13
14 14 14 19
14 14 15 14
15 13 15 14
12 3 12 7
12 7 18 7
18 7 19 7
19 4 19 5
19 5 19 7
16 30 19 30
19 28 19 29
19 29 19 30
19 30 19 31
22 2 22 6
22 6 25 6
25 5 25 6
25 6 27 6
23 36 25 36
25 36 25 37
25 36 26 36
29 26 35 26
35 26 39 26
39 26 39 27
25 13 32 13
32 12 32 13
32 13 32 15
1 5 1 6
1 6 1 9
1 9 1 12
30 3 37 3
37 3 40 3
40 3 40 7
39 1 41 1
41 0 41 1
41 1 41 4
13 40 15 40
15 36 15 40
5 36 11 36
11 30 11 36
14 35 14 38
14 35 16 35
40 34 40 38
40 34 42 34
34 32 35 32
35 32 37 32
24 32 26 32
26 28 26 32
0 31 0 42
0 31 10 31
34 25 35 25
35 25 39 25
7 25 8 25
8 25 10 25
34 24 35 24
35 24 36 24
0 21 0 24
0 21 2 21
42 20 44 20
44 20 44 27
4 19 5 19
5 19 12 19
21 12 21 19
21 19 21 26
3 10 5 10
5 10 15 10
5 9 10 9
10 9 11 9
21 8 22 8
22 8 34 8
26 3 26 4
26 3 27 3
3 3 8 3
8 2 8 3
44 43 44 44
20 43 34 43
35 42 35 43
14 42 15 42
13 42 13 44
37 39 42 39
21 39 22 39
16 36 21 36
36 35 37 35
34 34 34 36
44 33 44 34
18 33 20 33
8 30 9 30
40 29 42 29
15 28 15 30
8 28 13 28
21 27 28 27
7 27 16 27
0 27 0 29
40 26 41 26
4 25 4 27
10 24 20 24
2 24 2 29
11 23 16 23
32 22 39 22
23 22 26 22
37 20 37 21
22 19 22 20
27 18 27 24
18 18 18 19
23 16 23 19
5 16 10 16
33 15 33 19
24 14 31 14
2 13 2 15
37 12 44 12
3 12 3 13
22 11 22 15
15 11 16 11
21 10 23 10
15 9 21 9
3 8 3 9
33 5 33 6
37 4 38 4
27 4 32 4
15 0 15 6
13 0 13 1
1
14 28 14 27
148
22 33 22 38
22 33 25 33
22 38 23 38
23 38 31 38
25 33 29 33
29 28 29 29
29 29 29 33
29 33 29 37
33 9 35 9
35 9 35 19
35 19 38 19
38 17 38 19
38 19 40 19
40 19 40 24
40 19 44 19
44 17 44 19
3 22 3 23
3 22 6 22
3 23 3 24
6 21 6 22
6 21 12 21
12 21 14 21
4 44 6 44
6 42 6 44
6 42 10 42
6 44 10 44
10 38 10 42
6 12 6 13
6 13 15 13
14 14 14 19
14 14 15 14
15 13 15 14
12 3 12 7
12 7 18 7
18 7 19 7
19 4 19 5
19 5 19 7
16 30 19 30
19 28 19 29
19 29 19 30
19 30 19 31
22 2 22 6
22 6 25 6
25 5 25 6
25 6 27 6
23 36 25 36
25 36 25 37
25 36 26 36
8 28 13 28
13 28 15 28
15 28 15 30
29 26 35 26
35 26 39 26
39 26 39 27
25 13 32 13
32 12 32 13
32 13 32 15
1 5 1 6
1 6 1 9
1 9 1 12
30 3 37 3
37 3 40 3
40 3 40 7
39 1 41 1
41 0 41 1
41 1 41 4
13 40 15 40
15 36 15 40
5 36 11 36
11 30 11 36
14 35 14 38
14 35 16 35
40 34 40 38
40 34 42 34
34 32 35 32
35 32 37 32
24 32 26 32
26 28 26 32
0 31 0 42
0 31 10 31
34 25 35 25
35 25 39 25
7 25 8 25
8 25 10 25
34 24 35 24
35 24 36 24
0 21 0 24
0 21 2 21
42 20 44 20
44 20 44 27
4 19 5 19
5 19 12 19
21 12 21 19
21 19 21 26
3 10 5 10
5 10 15 10
5 9 10 9
10 9 11 9
21 8 22 8
22 8 34 8
26 3 26 4
26 3 27 3
3 3 8 3
8 2 8 3
44 43 44 44
20 43 34 43
35 42 35 43
14 42 15 42
13 42 13 44
37 39 42 39
21 39 22 39
16 36 21 36
36 35 37 35
34 34 34 36
44 33 44 34
18 33 20 33
8 30 9 30
40 29 42 29
21 27 28 27
0 27 0 29
40 26 41 26
4 25 4 27
10 24 20 24
2 24 2 29
11 23 16 23
32 22 39 22
23 22 26 22
37 20 37 21
22 19 22 20
27 18 27 24
18 18 18 19
23 16 23 19
5 16 10 16
33 15 33 19
24 14 31 14
2 13 2 15
37 12 44 12
3 12 3 13
22 11 22 15
15 11 16 11
21 10 23 10
15 9 21 9
3 8 3 9
33 5 33 6
37 4 38 4
27 4 32 4
15 0 15 6
13 0 13 1
2
14 28 14 27
18 34 17 34
149
22 33 22 38
22 33 25 33
22 38 23 38
23 38 31 38
25 33 29 33
29 28 29 29
29 29 29 33
29 33 29 37
33 9 35 9
35 9 35 19
35 19 38 19
38 17 38 19
38 19 40 19
40 19 40 24
40 19 44 19
44 17 44 19
3 22 3 23
3 22 6 22
3 23 3 24
6 21 6 22
6 21 12 21
12 21 14 21
4 44 6 44
6 42 6 44
6 42 10 42
6 44 10 44
10 38 10 42
6 12 6 13
6 13 15 13
14 14 14 19
14 14 15 14
15 13 15 14
12 3 12 7
12 7 18 7
18 7 19 7
19 4 19 5
19 5 19 7
16 30 19 30
19 28 19 29
19 29 19 30
19 30 19 31
22 2 22 6
22 6 25 6
25 5 25 6
25 6 27 6
23 36 25 36
25 36 25 37
25 36 26 36
8 28 13 28
13 28 15 28
15 28 15 30
29 26 35 26
35 26 39 26
39 26 39 27
25 13 32 13
32 12 32 13
32 13 32 15
1 5 1 6
1 6 1 9
1 9 1 12
30 3 37 3
37 3 40 3
40 3 40 7
39 1 41 1
41 0 41 1
41 1 41 4
13 40 15 40
15 36 15 40
5 36 11 36
11 30 11 36
14 35 14 38
14 35 16 35
40 34 40 38
40 34 42 34
18 33 18 35
18 33 20 33
34 32 35 32
35 32 37 32
24 32 26 32
26 28 26 32
0 31 0 42
0 31 10 31
34 25 35 25
35 25 39 25
7 25 8 25
8 25 10 25
34 24 35 24
35 24 36 24
0 21 0 24
0 21 2 21
42 20 44 20
44 20 44 27
4 19 5 19
5 19 12 19
21 12 21 19
21 19 21 26
3 10 5 10
5 10 15 10
5 9 10 9
10 9 11 9
21 8 22 8
22 8 34 8
26 3 26 4
26 3 27 3
3 3 8 3
8 2 8 3
44 43 44 44
20 43 34 43
35 42 35 43
14 42 15 42
13 42 13 44
37 39 42 39
21 39 22 39
16 36 21 36
36 35 37 35
34 34 34 36
44 33 44 34
8 30 9 30
40 29 42 29
21 27 28 27
0 27 0 29
40 26 41 26
4 25 4 27
10 24 20 24
2 24 2 29
11 23 16 23
32 22 39 22
23 22 26 22
37 20 37 21
22 19 22 20
27 18 27 24
18 18 18 19
23 16 23 19
5 16 10 16
33 15 33 19
24 14 31 14
2 13 2 15
37 12 44 12
3 12 3 13
22 11 22 15
15 11 16 11
21 10 23 10
15 9 21 9
3 8 3 9
33 5 33 6
37 4 38 4
27 4 32 4
15 0 15 6
13 0 13 1
3
14 28 14 27
18 34 17 34
26 4 25 4
149
22 33 22 38
22 33 25 33
22 38 23 38
23 38 31 38
25 33 29 33
29 28 29 29
29 29 29 33
29 33 29 37
33 9 35 9
35 9 35 19
35 19 38 19
38 17 38 19
38 19 40 19
40 19 40 24
40 19 44 19
44 17 44 19
3 22 3 23
3 22 6 22
3 23 3 24
6 21 6 22
6 21 12 21
12 21 14 21
20 4 25 4
22 6 25 6
25 4 25 5
25 5 25 6
25 6 27 6
4 44 6 44
6 42 6 44
6 42 10 42
6 44 10 44
10 38 10 42
6 12 6 13
6 13 15 13
14 14 14 19
14 14 15 14
15 13 15 14
12 3 12 7
12 7 18 7
18 7 19 7
19 4 19 5
19 5 19 7
16 30 19 30
19 28 19 29
19 29 19 30
19 30 19 31
23 36 25 36
25 36 25 37
25 36 26 36
8 28 13 28
13 28 15 28
15 28 15 30
29 26 35 26
35 26 39 26
39 26 39 27
25 13 32 13
32 12 32 13
32 13 32 15
1 5 1 6
1 6 1 9
1 9 1 12
30 3 37 3
37 3 40 3
40 3 40 7
39 1 41 1
41 0 41 1
41 1 41 4
13 40 15 40
15 36 15 40
5 36 11 36
11 30 11 36
14 35 14 38
14 35 16 35
40 34 40 38
40 34 42 34
18 33 18 35
18 33 20 33
34 32 35 32
35 32 37 32
24 32 26 32
26 28 26 32
0 31 0 42
0 31 10 31
34 25 35 25
35 25 39 25
7 25 8 25
8 25 10 25
34 24 35 24
35 24 36 24
0 21 0 24
0 21 2 21
42 20 44 20
44 20 44 27
4 19 5 19
5 19 12 19
21 12 21 19
21 19 21 26
3 10 5 10
5 10 15 10
5 9 10 9
10 9 11 9
21 8 22 8
22 8 34 8
3 3 8 3
8 2 8 3
44 43 44 44
20 43 34 43
35 42 35 43
14 42 15 42
13 42 13 44
37 39 42 39
21 39 22 39
16 36 21 36
36 35 37 35
34 34 34 36
44 33 44 34
8 30 9 30
40 29 42 29
21 27 28 27
0 27 0 29
40 26 41 26
4 25 4 27
10 24 20 24
2 24 2 29
11 23 16 23
32 22 39 22
23 22 26 22
37 20 37 21
22 19 22 20
27 18 27 24
18 18 18 19
23 16 23 19
5 16 10 16
33 15 33 19
24 14 31 14
2 13 2 15
37 12 44 12
3 12 3 13
22 11 22 15
15 11 16 11
21 10 23 10
15 9 21 9
3 8 3 9
33 5 33 6
37 4 38 4
27 4 32 4
26 3 27 3
15 0 15 6
13 0 13 1
4
14 28 14 27
18 34 17 34
26 4 25 4
25 5 24 5
148
22 33 22 38
22 33 25 33
22 38 23 38
23 38 31 38
25 33 29 33
29 28 29 29
29 29 29 33
29 33 29 37
33 9 35 9
35 9 35 19
35 19 38 19
38 17 38 19
38 19 40 19
40 19 40 24
40 19 44 19
44 17 44 19
3 22 3 23
3 22 6 22
3 23 3 24
6 21 6 22
6 21 12 21
12 21 14 21
4 44 6 44
6 42 6 44
6 42 10 42
6 44 10 44
10 38 10 42
6 12 6 13
6 13 15 13
14 14 14 19
14 14 15 14
15 13 15 14
12 3 12 7
12 7 18 7
18 7 19 7
19 4 19 5
19 5 19 7
20 4 25 4
22 6 25 6
25 4 25 6
25 6 27 6
16 30 19 30
19 28 19 29
19 29 19 30
19 30 19 31
23 36 25 36
25 36 25 37
25 36 26 36
8 28 13 28
13 28 15 28
15 28 15 30
29 26 35 26
35 26 39 26
39 26 39 27
25 13 32 13
32 12 32 13
32 13 32 15
1 5 1 6
1 6 1 9
1 9 1 12
30 3 37 3
37 3 40 3
40 3 40 7
39 1 41 1
41 0 41 1
41 1 41 4
13 40 15 40
15 36 15 40
5 36 11 36
11 30 11 36
14 35 14 38
14 35 16 35
40 34 40 38
40 34 42 34
18 33 18 35
18 33 20 33
34 32 35 32
35 32 37 32
24 32 26 32
26 28 26 32
0 31 0 42
0 31 10 31
34 25 35 25
35 25 39 25
7 25 8 25
8 25 10 25
34 24 35 24
35 24 36 24
0 21 0 24
0 21 2 21
42 20 44 20
44 20 44 27
4 19 5 19
5 19 12 19
21 12 21 19
21 19 21 26
3 10 5 10
5 10 15 10
5 9 10 9
10 9 11 9
21 8 22 8
22 8 34 8
3 3 8 3
8 2 8 3
44 43 44 44
20 43 34 43
35 42 35 43
14 42 15 42
13 42 13 44
37 39 42 39
21 39 22 39
16 36 21 36
36 35 37 35
34 34 34 36
44 33 44 34
8 30 9 30
40 29 42 29
21 27 28 27
0 27 0 29
40 26 41 26
4 25 4 27
10 24 20 24
2 24 2 29
11 23 16 23
32 22 39 22
23 22 26 22
37 20 37 21
22 19 22 20
27 18 27 24
18 18 18 19
23 16 23 19
5 16 10 16
33 15 33 19
24 14 31 14
2 13 2 15
37 12 44 12
3 12 3 13
22 11 22 15
15 11 16 11
21 10 23 10
15 9 21 9
3 8 3 9
33 5 33 6
37 4 38 4
27 4 32 4
26 3 27 3
15 0 15 6
13 0 13 1
5
14 28 14 27
18 34 17 34
26 4 25 4
25 5 24 5
21 9 20 9
149
22 33 22 38
22 33 25 33
22 38 23 38
23 38 31 38
25 33 29 33
29 28 29 29
29 29 29 33
29 33 29 37
33 9 35 9
35 9 35 19
35 19 38 19
38 17 38 19
38 19 40 19
40 19 40 24
40 19 44 19
44 17 44 19
3 22 3 23
3 22 6 22
3 23 3 24
6 21 6 22
6 21 12 21
12 21 14 21
4 44 6 44
6 42 6 44
6 42 10 42
6 44 10 44
10 38 10 42
6 12 6 13
6 13 15 13
14 14 14 19
14 14 15 14
15 13 15 14
12 3 12 7
12 7 18 7
18 7 19 7
19 4 19 5
19 5 19 7
20 4 25 4
22 6 25 6
25 4 25 6
25 6 27 6
16 30 19 30
19 28 19 29
19 29 19 30
19 30 19 31
23 36 25 36
25 36 25 37
25 36 26 36
8 28 13 28
13 28 15 28
15 28 15 30
29 26 35 26
35 26 39 26
39 26 39 27
25 13 32 13
32 12 32 13
32 13 32 15
1 5 1 6
1 6 1 9
1 9 1 12
30 3 37 3
37 3 40 3
40 3 40 7
39 1 41 1
41 0 41 1
41 1 41 4
13 40 15 40
15 36 15 40
5 36 11 36
11 30 11 36
14 35 14 38
14 35 16 35
40 34 40 38
40 34 42 34
18 33 18 35
18 33 20 33
34 32 35 32
35 32 37 32
24 32 26 32
26 28 26 32
0 31 0 42
0 31 10 31
34 25 35 25
35 25 39 25
7 25 8 25
8 25 10 25
34 24 35 24
35 24 36 24
0 21 0 24
0 21 2 21
42 20 44 20
44 20 44 27
4 19 5 19
5 19 12 19
21 12 21 19
21 19 21 26
3 10 5 10
5 10 15 10
15 9 20 9
20 8 20 9
5 9 10 9
10 9 11 9
21 8 22 8
22 8 34 8
3 3 8 3
8 2 8 3
44 43 44 44
20 43 34 43
35 42 35 43
14 42 15 42
13 42 13 44
37 39 42 39
21 39 22 39
16 36 21 36
36 35 37 35
34 34 34 36
44 33 44 34
8 30 9 30
40 29 42 29
21 27 28 27
0 27 0 29
40 26 41 26
4 25 4 27
10 24 20 24
2 24 2 29
11 23 16 23
32 22 39 22
23 22 26 22
37 20 37 21
22 19 22 20
27 18 27 24
18 18 18 19
23 16 23 19
5 16 10 16
33 15 33 19
24 14 31 14
2 13 2 15
37 12 44 12
3 12 3 13
22 11 22 15
15 11 16 11
21 10 23 10
3 8 3 9
33 5 33 6
37 4 38 4
27 4 32 4
26 3 27 3
15 0 15 6
13 0 13 1
6
14 28 14 27
18 34 17 34
26 4 25 4
25 5 24 5
21 9 20 9
21 11 20 11
150
22 33 22 38
22 33 25 33
22 38 23 38
23 38 31 38
25 33 29 33
29 28 29 29
29 29 29 33
29 33 29 37
33 9 35 9
35 9 35 19
35 19 38 19
38 17 38 19
38 19 40 19
40 19 40 24
40 19 44 19
44 17 44 19
3 22 3 23
3 22 6 22
3 23 3 24
6 21 6 22
6 21 12 21
12 21 14 21
4 44 6 44
6 42 6 44
6 42 10 42
6 44 10 44
10 38 10 42
6 12 6 13
6 13 15 13
14 14 14 19
14 14 15 14
15 13 15 14
12 3 12 7
12 7 18 7
18 7 19 7
19 4 19 5
19 5 19 7
20 4 25 4
22 6 25 6
25 4 25 6
25 6 27 6
16 30 19 30
19 28 19 29
19 29 19 30
19 30 19 31
21 10 21 12
21 10 23 10
21 12 21 19
21 19 21 26
23 36 25 36
25 36 25 37
25 36 26 36
8 28 13 28
13 28 15 28
15 28 15 30
29 26 35 26
35 26 39 26
39 26 39 27
25 13 32 13
32 12 32 13
32 13 32 15
1 5 1 6
1 6 1 9
1 9 1 12
30 3 37 3
37 3 40 3
40 3 40 7
39 1 41 1
41 0 41 1
41 1 41 4
13 40 15 40
15 36 15 40
5 36 11 36
11 30 11 36
14 35 14 38
14 35 16 35
40 34 40 38
40 34 42 34
18 33 18 35
18 33 20 33
34 32 35 32
35 32 37 32
24 32 26 32
26 28 26 32
0 31 0 42
0 31 10 31
34 25 35 25
35 25 39 25
7 25 8 25
8 25 10 25
34 24 35 24
35 24 36 24
0 21 0 24
0 21 2 21
42 20 44 20
44 20 44 27
4 19 5 19
5 19 12 19
3 10 5 10
5 10 15 10
15 9 20 9
20 8 20 9
5 9 10 9
10 9 11 9
21 8 22 8
22 8 34 8
3 3 8 3
8 2 8 3
44 43 44 44
20 43 34 43
35 42 35 43
14 42 15 42
13 42 13 44
37 39 42 39
21 39 22 39
16 36 21 36
36 35 37 35
34 34 34 36
44 33 44 34
8 30 9 30
40 29 42 29
21 27 28 27
0 27 0 29
40 26 41 26
4 25 4 27
10 24 20 24
2 24 2 29
11 23 16 23
32 22 39 22
23 22 26 22
37 20 37 21
22 19 22 20
27 18 27 24
18 18 18 19
23 16 23 19
5 16 10 16
33 15 33 19
24 14 31 14
2 13 2 15
37 12 44 12
3 12 3 13
22 11 22 15
15 11 16 11
3 8 3 9
33 5 33 6
37 4 38 4
27 4 32 4
26 3 27 3
15 0 15 6
13 0 13 1
7
14 28 14 27
18 34 17 34
26 4 25 4
25 5 24 5
21 9 20 9
21 11 20 11
34 25 34 26
148
22 33 22 38
22 33 25 33
22 38 23 38
23 38 31 38
25 33 29 33
29 28 29 29
29 29 29 33
29 33 29 37
33 9 35 9
35 9 35 19
35 19 38 19
38 17 38 19
38 19 40 19
40 19 40 24
40 19 44 19
44 17 44 19
3 22 3 23
3 22 6 22
3 23 3 24
6 21 6 22
6 21 12 21
12 21 14 21
4 44 6 44
6 42 6 44
6 42 10 42
6 44 10 44
10 38 10 42
6 12 6 13
6 13 15 13
14 14 14 19
14 14 15 14
15 13 15 14
12 3 12 7
12 7 18 7
18 7 19 7
19 4 19 5
19 5 19 7
20 4 25 4
22 6 25 6
25 4 25 6
25 6 27 6
16 30 19 30
19 28 19 29
19 29 19 30
19 30 19 31
21 10 21 12
21 10 23 10
21 12 21 19
21 19 21 26
23 36 25 36
25 36 25 37
25 36 26 36
8 28 13 28
13 28 15 28
15 28 15 30
25 13 32 13
32 12 32 13
32 13 32 15
1 5 1 6
1 6 1 9
1 9 1 12
30 3 37 3
37 3 40 3
40 3 40 7
39 1 41 1
41 0 41 1
41 1 41 4
13 40 15 40
15 36 15 40
5 36 11 36
11 30 11 36
14 35 14 38
14 35 16 35
40 34 40 38
40 34 42 34
18 33 18 35
18 33 20 33
34 32 35 32
35 32 37 32
24 32 26 32
26 28 26 32
0 31 0 42
0 31 10 31
35 26 39 26
39 26 39 27
7 25 8 25
8 25 10 25
34 24 35 24
35 24 36 24
0 21 0 24
0 21 2 21
42 20 44 20
44 20 44 27
4 19 5 19
5 19 12 19
3 10 5 10
5 10 15 10
15 9 20 9
20 8 20 9
5 9 10 9
10 9 11 9
21 8 22 8
22 8 34 8
3 3 8 3
8 2 8 3
44 43 44 44
20 43 34 43
35 42 35 43
14 42 15 42
13 42 13 44
37 39 42 39
21 39 22 39
16 36 21 36
36 35 37 35
34 34 34 36
44 33 44 34
8 30 9 30
40 29 42 29
21 27 28 27
0 27 0 29
40 26 41 26
35 25 39 25
4 25 4 27
10 24 20 24
2 24 2 29
11 23 16 23
32 22 39 22
23 22 26 22
37 20 37 21
22 19 22 20
27 18 27 24
18 18 18 19
23 16 23 19
5 16 10 16
33 15 33 19
24 14 31 14
2 13 2 15
37 12 44 12
3 12 3 13
22 11 22 15
15 11 16 11
3 8 3 9
33 5 33 6
37 4 38 4
27 4 32 4
26 3 27 3
15 0 15 6
13 0 13 1
8
14 28 14 27
18 34 17 34
26 4 25 4
25 5 24 5
21 9 20 9
21 11 20 11
34 25 34 26
35 24 35 23
148
22 33 22 38
22 33 25 33
22 38 23 38
23 38 31 38
25 33 29 33
29 28 29 29
29 29 29 33
29 33 29 37
33 9 35 9
35 9 35 19
35 19 38 19
38 17 38 19
38 19 40 19
40 19 40 24
40 19 44 19
44 17 44 19
3 22 3 23
3 22 6 22
3 23 3 24
6 21 6 22
6 21 12 21
12 21 14 21
4 44 6 44
6 42 6 44
6 42 10 42
6 44 10 44
10 38 10 42
6 12 6 13
6 13 15 13
14 14 14 19
14 14 15 14
15 13 15 14
12 3 12 7
12 7 18 7
18 7 19 7
19 4 19 5
19 5 19 7
20 4 25 4
22 6 25 6
25 4 25 6
25 6 27 6
16 30 19 30
19 28 19 29
19 29 19 30
19 30 19 31
21 10 21 12
21 10 23 10
21 12 21 19
21 19 21 26
23 36 25 36
25 36 25 37
25 36 26 36
8 28 13 28
13 28 15 28
15 28 15 30
25 13 32 13
32 12 32 13
32 13 32 15
1 5 1 6
1 6 1 9
1 9 1 12
30 3 37 3
37 3 40 3
40 3 40 7
39 1 41 1
41 0 41 1
41 1 41 4
13 40 15 40
15 36 15 40
5 36 11 36
11 30 11 36
14 35 14 38
14 35 16 35
40 34 40 38
40 34 42 34
18 33 18 35
18 33 20 33
34 32 35 32
35 32 37 32
24 32 26 32
26 28 26 32
0 31 0 42
0 31 10 31
35 26 39 26
39 26 39 27
7 25 8 25
8 25 10 25
0 21 0 24
0 21 2 21
42 20 44 20
44 20 44 27
4 19 5 19
5 19 12 19
3 10 5 10
5 10 15 10
15 9 20 9
20 8 20 9
5 9 10 9
10 9 11 9
21 8 22 8
22 8 34 8
3 3 8 3
8 2 8 3
44 43 44 44
20 43 34 43
35 42 35 43
14 42 15 42
13 42 13 44
37 39 42 39
21 39 22 39
16 36 21 36
36 35 37 35
34 34 34 36
44 33 44 34
8 30 9 30
40 29 42 29
21 27 28 27
0 27 0 29
40 26 41 26
35 25 39 25
4 25 4 27
34 24 36 24
10 24 20 24
2 24 2 29
33 23 35 23
11 23 16 23
32 22 39 22
23 22 26 22
37 20 37 21
22 19 22 20
27 18 27 24
18 18 18 19
23 16 23 19
5 16 10 16
33 15 33 19
24 14 31 14
2 13 2 15
37 12 44 12
3 12 3 13
22 11 22 15
15 11 16 11
3 8 3 9
33 5 33 6
37 4 38 4
27 4 32 4
26 3 27 3
15 0 15 6
13 0 13 1
9
14 28 14 27
18 34 17 34
26 4 25 4
25 5 24 5
21 9 20 9
21 11 20 11
34 25 34 26
35 24 35 23
39 26 38 26
147
22 33 22 38
22 33 25 33
22 38 23 38
23 38 31 38
25 33 29 33
29 28 29 29
29 29 29 33
29 33 29 37
33 9 35 9
35 9 35 19
35 19 38 19
38 17 38 19
38 19 40 19
40 19 40 24
40 19 44 19
44 17 44 19
3 22 3 23
3 22 6 22
3 23 3 24
6 21 6 22
6 21 12 21
12 21 14 21
4 44 6 44
6 42 6 44
6 42 10 42
6 44 10 44
10 38 10 42
6 12 6 13
6 13 15 13
14 14 14 19
14 14 15 14
15 13 15 14
12 3 12 7
12 7 18 7
18 7 19 7
19 4 19 5
19 5 19 7
20 4 25 4
22 6 25 6
25 4 25 6
25 6 27 6
16 30 19 30
19 28 19 29
19 29 19 30
19 30 19 31
21 10 21 12
21 10 23 10
21 12 21 19
21 19 21 26
23 36 25 36
25 36 25 37
25 36 26 36
8 28 13 28
13 28 15 28
15 28 15 30
25 13 32 13
32 12 32 13
32 13 32 15
1 5 1 6
1 6 1 9
1 9 1 12
30 3 37 3
37 3 40 3
40 3 40 7
39 1 41 1
41 0 41 1
41 1 41 4
13 40 15 40
15 36 15 40
5 36 11 36
11 30 11 36
14 35 14 38
14 35 16 35
40 34 40 38
40 34 42 34
18 33 18 35
18 33 20 33
34 32 35 32
35 32 37 32
24 32 26 32
26 28 26 32
0 31 0 42
0 31 10 31
35 26 38 26
38 24 38 26
7 25 8 25
8 25 10 25
0 21 0 24
0 21 2 21
42 20 44 20
44 20 44 27
4 19 5 19
5 19 12 19
3 10 5 10
5 10 15 10
15 9 20 9
20 8 20 9
5 9 10 9
10 9 11 9
21 8 22 8
22 8 34 8
3 3 8 3
8 2 8 3
44 43 44 44
20 43 34 43
35 42 35 43
14 42 15 42
13 42 13 44
37 39 42 39
21 39 22 39
16 36 21 36
36 35 37 35
34 34 34 36
44 33 44 34
8 30 9 30
40 29 42 29
21 27 28 27
0 27 0 29
40 26 41 26
4 25 4 27
34 24 36 24
10 24 20 24
2 24 2 29
33 23 35 23
11 23 16 23
32 22 39 22
23 22 26 22
37 20 37 21
22 19 22 20
27 18 27 24
18 18 18 19
23 16 23 19
5 16 10 16
33 15 33 19
24 14 31 14
2 13 2 15
37 12 44 12
3 12 3 13
22 11 22 15
15 11 16 11
3 8 3 9
33 5 33 6
37 4 38 4
27 4 32 4
26 3 27 3
15 0 15 6
13 0 13 1
10
14 28 14 27
18 34 17 34
26 4 25 4
25 5 24 5
21 9 20 9
21 11 20 11
34 25 34 26
35 24 35 23
39 26 38 26
21 8 21 7
147
22 33 22 38
22 33 25 33
22 38 23 38
23 38 31 38
25 33 29 33
29 28 29 29
29 29 29 33
29 33 29 37
33 9 35 9
35 9 35 19
35 19 38 19
38 17 38 19
38 19 40 19
40 19 40 24
40 19 44 19
44 17 44 19
3 22 3 23
3 22 6 22
3 23 3 24
6 21 6 22
6 21 12 21
12 21 14 21
4 44 6 44
6 42 6 44
6 42 10 42
6 44 10 44
10 38 10 42
6 12 6 13
6 13 15 13
14 14 14 19
14 14 15 14
15 13 15 14
12 3 12 7
12 7 18 7
18 7 19 7
19 4 19 5
19 5 19 7
20 4 25 4
22 6 25 6
25 4 25 6
25 6 27 6
16 30 19 30
19 28 19 29
19 29 19 30
19 30 19 31
21 10 21 12
21 10 23 10
21 12 21 19
21 19 21 26
23 36 25 36
25 36 25 37
25 36 26 36
8 28 13 28
13 28 15 28
15 28 15 30
25 13 32 13
32 12 32 13
32 13 32 15
1 5 1 6
1 6 1 9
1 9 1 12
30 3 37 3
37 3 40 3
40 3 40 7
39 1 41 1
41 0 41 1
41 1 41 4
13 40 15 40
15 36 15 40
5 36 11 36
11 30 11 36
14 35 14 38
14 35 16 35
40 34 40 38
40 34 42 34
18 33 18 35
18 33 20 33
34 32 35 32
35 32 37 32
24 32 26 32
26 28 26 32
0 31 0 42
0 31 10 31
35 26 38 26
38 24 38 26
7 25 8 25
8 25 10 25
0 21 0 24
0 21 2 21
42 20 44 20
44 20 44 27
4 19 5 19
5 19 12 19
3 10 5 10
5 10 15 10
15 9 20 9
20 8 20 9
5 9 10 9
10 9 11 9
3 3 8 3
8 2 8 3
44 43 44 44
20 43 34 43
35 42 35 43
14 42 15 42
13 42 13 44
37 39 42 39
21 39 22 39
16 36 21 36
36 35 37 35
34 34 34 36
44 33 44 34
8 30 9 30
40 29 42 29
21 27 28 27
0 27 0 29
40 26 41 26
4 25 4 27
34 24 36 24
10 24 20 24
2 24 2 29
33 23 35 23
11 23 16 23
32 22 39 22
23 22 26 22
37 20 37 21
22 19 22 20
27 18 27 24
18 18 18 19
23 16 23 19
5 16 10 16
33 15 33 19
24 14 31 14
2 13 2 15
37 12 44 12
3 12 3 13
22 11 22 15
15 11 16 11
22 8 34 8
3 8 3 9
21 7 23 7
33 5 33 6
37 4 38 4
27 4 32 4
26 3 27 3
15 0 15 6
13 0 13 1
11
14 28 14 27
18 34 17 34
26 4 25 4
25 5 24 5
21 9 20 9
21 11 20 11
34 25 34 26
35 24 35 23
39 26 38 26
21 8 21 7
21 6 20 6
147
22 33 22 38
22 33 25 33
22 38 23 38
23 38 31 38
25 33 29 33
29 28 29 29
29 29 29 33
29 33 29 37
33 9 35 9
35 9 35 19
35 19 38 19
38 17 38 19
38 19 40 19
40 19 40 24
40 19 44 19
44 17 44 19
3 22 3 23
3 22 6 22
3 23 3 24
6 21 6 22
6 21 12 21
12 21 14 21
4 44 6 44
6 42 6 44
6 42 10 42
6 44 10 44
10 38 10 42
6 12 6 13
6 13 15 13
14 14 14 19
14 14 15 14
15 13 15 14
12 3 12 7
12 7 18 7
18 7 19 7
19 4 19 5
19 5 19 7
20 4 25 4
22 6 25 6
25 4 25 6
25 6 27 6
16 30 19 30
19 28 19 29
19 29 19 30
19 30 19 31
21 10 21 12
21 10 23 10
21 12 21 19
21 19 21 26
23 36 25 36
25 36 25 37
25 36 26 36
8 28 13 28
13 28 15 28
15 28 15 30
25 13 32 13
32 12 32 13
32 13 32 15
1 5 1 6
1 6 1 9
1 9 1 12
30 3 37 3
37 3 40 3
40 3 40 7
39 1 41 1
41 0 41 1
41 1 41 4
13 40 15 40
15 36 15 40
5 36 11 36
11 30 11 36
14 35 14 38
14 35 16 35
40 34 40 38
40 34 42 34
18 33 18 35
18 33 20 33
34 32 35 32
35 32 37 32
24 32 26 32
26 28 26 32
0 31 0 42
0 31 10 31
35 26 38 26
38 24 38 26
7 25 8 25
8 25 10 25
0 21 0 24
0 21 2 21
42 20 44 20
44 20 44 27
4 19 5 19
5 19 12 19
3 10 5 10
5 10 15 10
15 9 20 9
20 8 20 9
5 9 10 9
10 9 11 9
3 3 8 3
8 2 8 3
44 43 44 44
20 43 34 43
35 42 35 43
14 42 15 42
13 42 13 44
37 39 42 39
21 39 22 39
16 36 21 36
36 35 37 35
34 34 34 36
44 33 44 34
8 30 9 30
40 29 42 29
21 27 28 27
0 27 0 29
40 26 41 26
4 25 4 27
34 24 36 24
10 24 20 24
2 24 2 29
33 23 35 23
11 23 16 23
32 22 39 22
23 22 26 22
37 20 37 21
22 19 22 20
27 18 27 24
18 18 18 19
23 16 23 19
5 16 10 16
33 15 33 19
24 14 31 14
2 13 2 15
37 12 44 12
3 12 3 13
22 11 22 15
15 11 16 11
22 8 34 8
3 8 3 9
21 7 23 7
33 5 33 6
37 4 38 4
27 4 32 4
26 3 27 3
15 0 15 6
13 0 13 1
12
14 28 14 27
18 34 17 34
26 4 25 4
25 5 24 5
21 9 20 9
21 11 20 11
34 25 34 26
35 24 35 23
39 26 38 26
21 8 21 7
21 6 20 6
20 4 21 4
147
22 33 22 38
22 33 25 33
22 38 23 38
23 38 31 38
25 33 29 33
29 28 29 29
29 29 29 33
29 33 29 37
33 9 35 9
35 9 35 19
35 19 38 19
38 17 38 19
38 19 40 19
40 19 40 24
40 19 44 19
44 17 44 19
3 22 3 23
3 22 6 22
3 23 3 24
6 21 6 22
6 21 12 21
12 21 14 21
4 44 6 44
6 42 6 44
6 42 10 42
6 44 10 44
10 38 10 42
6 12 6 13
6 13 15 13
14 14 14 19
14 14 15 14
15 13 15 14
12 3 12 7
12 7 18 7
18 7 19 7
19 4 19 5
19 5 19 7
21 4 25 4
22 6 25 6
25 4 25 6
25 6 27 6
16 30 19 30
19 28 19 29
19 29 19 30
19 30 19 31
21 10 21 12
21 10 23 10
21 12 21 19
21 19 21 26
23 36 25 36
25 36 25 37
25 36 26 36
8 28 13 28
13 28 15 28
15 28 15 30
25 13 32 13
32 12 32 13
32 13 32 15
1 5 1 6
1 6 1 9
1 9 1 12
30 3 37 3
37 3 40 3
40 3 40 7
39 1 41 1
41 0 41 1
41 1 41 4
13 40 15 40
15 36 15 40
5 36 11 36
11 30 11 36
14 35 14 38
14 35 16 35
40 34 40 38
40 34 42 34
18 33 18 35
18 33 20 33
34 32 35 32
35 32 37 32
24 32 26 32
26 28 26 32
0 31 0 42
0 31 10 31
35 26 38 26
38 24 38 26
7 25 8 25
8 25 10 25
0 21 0 24
0 21 2 21
42 20 44 20
44 20 44 27
4 19 5 19
5 19 12 19
3 10 5 10
5 10 15 10
15 9 20 9
20 8 20 9
5 9 10 9
10 9 11 9
3 3 8 3
8 2 8 3
44 43 44 44
20 43 34 43
35 42 35 43
14 42 15 42
13 42 13 44
37 39 42 39
21 39 22 39
16 36 21 36
36 35 37 35
34 34 34 36
44 33 44 34
8 30 9 30
40 29 42 29
21 27 28 27
0 27 0 29
40 26 41 26
4 25 4 27
34 24 36 24
10 24 20 24
2 24 2 29
33 23 35 23
11 23 16 23
32 22 39 22
23 22 26 22
37 20 37 21
22 19 22 20
27 18 27 24
18 18 18 19
23 16 23 19
5 16 10 16
33 15 33 19
24 14 31 14
2 13 2 15
37 12 44 12
3 12 3 13
22 11 22 15
15 11 16 11
22 8 34 8
3 8 3 9
21 7 23 7
33 5 33 6
37 4 38 4
27 4 32 4
26 3 27 3
15 0 15 6
13 0 13 1
13
14 28 14 27
18 34 17 34
26 4 25 4
25 5 24 5
21 9 20 9
21 11 20 11
34 25 34 26
35 24 35 23
39 26 38 26
21 8 21 7
21 6 20 6
20 4 21 4
22 19 22 18
147
22 33 22 38
22 33 25 33
22 38 23 38
23 38 31 38
25 33 29 33
29 28 29 29
29 29 29 33
29 33 29 37
33 9 35 9
35 9 35 19
35 19 38 19
38 17 38 19
38 19 40 19
40 19 40 24
40 19 44 19
44 17 44 19
3 22 3 23
3 22 6 22
3 23 3 24
6 21 6 22
6 21 12 21
12 21 14 21
4 44 6 44
6 42 6 44
6 42 10 42
6 44 10 44
10 38 10 42
6 12 6 13
6 13 15 13
14 14 14 19
14 14 15 14
15 13 15 14
12 3 12 7
12 7 18 7
18 7 19 7
19 4 19 5
19 5 19 7
21 4 25 4
22 6 25 6
25 4 25 6
25 6 27 6
16 30 19 30
19 28 19 29
19 29 19 30
19 30 19 31
21 10 21 12
21 10 23 10
21 12 21 19
21 19 21 26
23 36 25 36
25 36 25 37
25 36 26 36
8 28 13 28
13 28 15 28
15 28 15 30
25 13 32 13
32 12 32 13
32 13 32 15
1 5 1 6
1 6 1 9
1 9 1 12
30 3 37 3
37 3 40 3
40 3 40 7
39 1 41 1
41 0 41 1
41 1 41 4
13 40 15 40
15 36 15 40
5 36 11 36
11 30 11 36
14 35 14 38
14 35 16 35
40 34 40 38
40 34 42 34
18 33 18 35
18 33 20 33
34 32 35 32
35 32 37 32
24 32 26 32
26 28 26 32
0 31 0 42
0 31 10 31
35 26 38 26
38 24 38 26
7 25 8 25
8 25 10 25
0 21 0 24
0 21 2 21
42 20 44 20
44 20 44 27
4 19 5 19
5 19 12 19
22 18 22 20
22 18 24 18
3 10 5 10
5 10 15 10
15 9 20 9
20 8 20 9
5 9 10 9
10 9 11 9
3 3 8 3
8 2 8 3
44 43 44 44
20 43 34 43
35 42 35 43
14 42 15 42
13 42 13 44
37 39 42 39
21 39 22 39
16 36 21 36
36 35 37 35
34 34 34 36
44 33 44 34
8 30 9 30
40 29 42 29
21 27 28 27
0 27 0 29
40 26 41 26
4 25 4 27
34 24 36 24
10 24 20 24
2 24 2 29
33 23 35 23
11 23 16 23
32 22 39 22
23 22 26 22
37 20 37 21
27 18 27 24
18 18 18 19
5 16 10 16
33 15 33 19
24 14 31 14
2 13 2 15
37 12 44 12
3 12 3 13
22 11 22 15
15 11 16 11
22 8 34 8
3 8 3 9
21 7 23 7
33 5 33 6
37 4 38 4
27 4 32 4
26 3 27 3
15 0 15 6
13 0 13 1
14
14 28 14 27
18 34 17 34
26 4 25 4
25 5 24 5
21 9 20 9
21 11 20 11
34 25 34 26
35 24 35 23
39 26 38 26
21 8 21 7
21 6 20 6
20 4 21 4
22 19 22 18
14 6 14 7
147
22 33 22 38
22 33 25 33
22 38 23 38
23 38 31 38
25 33 29 33
29 28 29 29
29 29 29 33
29 33 29 37
33 9 35 9
35 9 35 19
35 19 38 19
38 17 38 19
38 19 40 19
40 19 40 24
40 19 44 19
44 17 44 19
3 22 3 23
3 22 6 22
3 23 3 24
6 21 6 22
6 21 12 21
12 21 14 21
4 44 6 44
6 42 6 44
6 42 10 42
6 44 10 44
10 38 10 42
6 12 6 13
6 13 15 13
14 14 14 19
14 14 15 14
15 13 15 14
21 4 25 4
22 6 25 6
25 4 25 6
25 6 27 6
16 30 19 30
19 28 19 29
19 29 19 30
19 30 19 31
21 10 21 12
21 10 23 10
21 12 21 19
21 19 21 26
23 36 25 36
25 36 25 37
25 36 26 36
8 28 13 28
13 28 15 28
15 28 15 30
25 13 32 13
32 12 32 13
32 13 32 15
1 5 1 6
1 6 1 9
1 9 1 12
18 7 19 7
19 4 19 5
19 5 19 7
30 3 37 3
37 3 40 3
40 3 40 7
39 1 41 1
41 0 41 1
41 1 41 4
13 40 15 40
15 36 15 40
5 36 11 36
11 30 11 36
14 35 14 38
14 35 16 35
40 34 40 38
40 34 42 34
18 33 18 35
18 33 20 33
34 32 35 32
35 32 37 32
24 32 26 32
26 28 26 32
0 31 0 42
0 31 10 31
35 26 38 26
38 24 38 26
7 25 8 25
8 25 10 25
0 21 0 24
0 21 2 21
42 20 44 20
44 20 44 27
4 19 5 19
5 19 12 19
22 18 22 20
22 18 24 18
3 10 5 10
5 10 15 10
15 9 20 9
20 8 20 9
5 9 10 9
10 9 11 9
3 3 8 3
8 2 8 3
44 43 44 44
20 43 34 43
35 42 35 43
14 42 15 42
13 42 13 44
37 39 42 39
21 39 22 39
16 36 21 36
36 35 37 35
34 34 34 36
44 33 44 34
8 30 9 30
40 29 42 29
21 27 28 27
0 27 0 29
40 26 41 26
4 25 4 27
34 24 36 24
10 24 20 24
2 24 2 29
33 23 35 23
11 23 16 23
32 22 39 22
23 22 26 22
37 20 37 21
27 18 27 24
18 18 18 19
5 16 10 16
33 15 33 19
24 14 31 14
2 13 2 15
37 12 44 12
3 12 3 13
22 11 22 15
15 11 16 11
22 8 34 8
3 8 3 9
21 7 23 7
14 7 14 9
33 5 33 6
8 5 14 5
37 4 38 4
27 4 32 4
26 3 27 3
15 0 15 6
13 0 13 1
15
14 28 14 27
18 34 17 34
26 4 25 4
25 5 24 5
21 9 20 9
21 11 20 11
34 25 34 26
35 24 35 23
39 26 38 26
21 8 21 7
21 6 20 6
20 4 21 4
22 19 22 18
14 6 14 7
42 33 41 33
147
22 33 22 38
22 33 25 33
22 38 23 38
23 38 31 38
25 33 29 33
29 28 29 29
29 29 29 33
29 33 29 37
33 9 35 9
35 9 35 19
35 19 38 19
38 17 38 19
38 19 40 19
40 19 40 24
40 19 44 19
44 17 44 19
3 22 3 23
3 22 6 22
3 23 3 24
6 21 6 22
6 21 12 21
12 21 14 21
4 44 6 44
6 42 6 44
6 42 10 42
6 44 10 44
10 38 10 42
6 12 6 13
6 13 15 13
14 14 14 19
14 14 15 14
15 13 15 14
21 4 25 4
22 6 25 6
25 4 25 6
25 6 27 6
16 30 19 30
19 28 19 29
19 29 19 30
19 30 19 31
21 10 21 12
21 10 23 10
21 12 21 19
21 19 21 26
23 36 25 36
25 36 25 37
25 36 26 36
8 28 13 28
13 28 15 28
15 28 15 30
25 13 32 13
32 12 32 13
32 13 32 15
1 5 1 6
1 6 1 9
1 9 1 12
18 7 19 7
19 4 19 5
19 5 19 7
30 3 37 3
37 3 40 3
40 3 40 7
39 1 41 1
41 0 41 1
41 1 41 4
13 40 15 40
15 36 15 40
5 36 11 36
11 30 11 36
14 35 14 38
14 35 16 35
40 34 40 38
40 34 42 34
18 33 18 35
18 33 20 33
34 32 35 32
35 32 37 32
24 32 26 32
26 28 26 32
0 31 0 42
0 31 10 31
35 26 38 26
38 24 38 26
7 25 8 25
8 25 10 25
0 21 0 24
0 21 2 21
42 20 44 20
44 20 44 27
4 19 5 19
5 19 12 19
22 18 22 20
22 18 24 18
3 10 5 10
5 10 15 10
15 9 20 9
20 8 20 9
5 9 10 9
10 9 11 9
3 3 8 3
8 2 8 3
44 43 44 44
20 43 34 43
35 42 35 43
14 42 15 42
13 42 13 44
37 39 42 39
21 39 22 39
16 36 21 36
36 35 37 35
34 34 34 36
44 33 44 34
8 30 9 30
40 29 42 29
21 27 28 27
0 27 0 29
40 26 41 26
4 25 4 27
34 24 36 24
10 24 20 24
2 24 2 29
33 23 35 23
11 23 16 23
32 22 39 22
23 22 26 22
37 20 37 21
27 18 27 24
18 18 18 19
5 16 10 16
33 15 33 19
24 14 31 14
2 13 2 15
37 12 44 12
3 12 3 13
22 11 22 15
15 11 16 11
22 8 34 8
3 8 3 9
21 7 23 7
14 7 14 9
33 5 33 6
8 5 14 5
37 4 38 4
27 4 32 4
26 3 27 3
15 0 15 6
13 0 13 1
16
14 28 14 27
18 34 17 34
26 4 25 4
25 5 24 5
21 9 20 9
21 11 20 11
34 25 34 26
35 24 35 23
39 26 38 26
21 8 21 7
21 6 20 6
20 4 21 4
22 19 22 18
14 6 14 7
42 33 41 33
37 20 37 19
146
22 33 22 38
22 33 25 33
22 38 23 38
23 38 31 38
25 33 29 33
29 28 29 29
29 29 29 33
29 33 29 37
3 22 3 23
3 22 6 22
3 23 3 24
6 21 6 22
6 21 12 21
12 21 14 21
4 44 6 44
6 42 6 44
6 42 10 42
6 44 10 44
10 38 10 42
38 17 38 19
38 19 40 19
40 19 40 24
40 19 44 19
44 17 44 19
6 12 6 13
6 13 15 13
14 14 14 19
14 14 15 14
15 13 15 14
21 4 25 4
22 6 25 6
25 4 25 6
25 6 27 6
16 30 19 30
19 28 19 29
19 29 19 30
19 30 19 31
25 13 32 13
32 12 32 13
32 12 36 12
32 13 32 15
21 10 21 12
21 10 23 10
21 12 21 19
21 19 21 26
23 36 25 36
25 36 25 37
25 36 26 36
8 28 13 28
13 28 15 28
15 28 15 30
1 5 1 6
1 6 1 9
1 9 1 12
18 7 19 7
19 4 19 5
19 5 19 7
30 3 37 3
37 3 40 3
40 3 40 7
39 1 41 1
41 0 41 1
41 1 41 4
13 40 15 40
15 36 15 40
5 36 11 36
11 30 11 36
14 35 14 38
14 35 16 35
40 34 40 38
40 34 42 34
18 33 18 35
18 33 20 33
34 32 35 32
35 32 37 32
24 32 26 32
26 28 26 32
0 31 0 42
0 31 10 31
35 26 38 26
38 24 38 26
7 25 8 25
8 25 10 25
0 21 0 24
0 21 2 21
42 20 44 20
44 20 44 27
4 19 5 19
5 19 12 19
22 18 22 20
22 18 24 18
3 10 5 10
5 10 15 10
15 9 20 9
20 8 20 9
5 9 10 9
10 9 11 9
3 3 8 3
8 2 8 3
44 43 44 44
20 43 34 43
35 42 35 43
14 42 15 42
13 42 13 44
37 39 42 39
21 39 22 39
16 36 21 36
36 35 37 35
34 34 34 36
44 33 44 34
8 30 9 30
40 29 42 29
21 27 28 27
0 27 0 29
40 26 41 26
4 25 4 27
34 24 36 24
10 24 20 24
2 24 2 29
33 23 35 23
11 23 16 23
32 22 39 22
23 22 26 22
37 19 37 21
27 18 27 24
18 18 18 19
31 17 37 17
5 16 10 16
24 14 31 14
2 13 2 15
37 12 44 12
3 12 3 13
22 11 22 15
15 11 16 11
33 9 35 9
22 8 34 8
3 8 3 9
21 7 23 7
14 7 14 9
33 5 33 6
8 5 14 5
37 4 38 4
27 4 32 4
26 3 27 3
15 0 15 6
13 0 13 1
17
14 28 14 27
18 34 17 34
26 4 25 4
25 5 24 5
21 9 20 9
21 11 20 11
34 25 34 26
35 24 35 23
39 26 38 26
21 8 21 7
21 6 20 6
20 4 21 4
22 19 22 18
14 6 14 7
42 33 41 33
37 20 37 19
35 25 36 25
146
22 33 22 38
22 33 25 33
22 38 23 38
23 38 31 38
25 33 29 33
29 28 29 29
29 29 29 33
29 33 29 37
3 22 3 23
3 22 6 22
3 23 3 24
6 21 6 22
6 21 12 21
12 21 14 21
4 44 6 44
6 42 6 44
6 42 10 42
6 44 10 44
10 38 10 42
38 17 38 19
38 19 40 19
40 19 40 24
40 19 44 19
44 17 44 19
6 12 6 13
6 13 15 13
14 14 14 19
14 14 15 14
15 13 15 14
21 4 25 4
22 6 25 6
25 4 25 6
25 6 27 6
16 30 19 30
19 28 19 29
19 29 19 30
19 30 19 31
25 13 32 13
32 12 32 13
32 12 36 12
32 13 32 15
21 10 21 12
21 10 23 10
21 12 21 19
21 19 21 26
23 36 25 36
25 36 25 37
25 36 26 36
8 28 13 28
13 28 15 28
15 28 15 30
1 5 1 6
1 6 1 9
1 9 1 12
18 7 19 7
19 4 19 5
19 5 19 7
30 3 37 3
37 3 40 3
40 3 40 7
39 1 41 1
41 0 41 1
41 1 41 4
13 40 15 40
15 36 15 40
5 36 11 36
11 30 11 36
14 35 14 38
14 35 16 35
40 34 40 38
40 34 42 34
18 33 18 35
18 33 20 33
34 32 35 32
35 32 37 32
24 32 26 32
26 28 26 32
0 31 0 42
0 31 10 31
35 26 38 26
38 24 38 26
7 25 8 25
8 25 10 25
0 21 0 24
0 21 2 21
42 20 44 20
44 20 44 27
4 19 5 19
5 19 12 19
22 18 22 20
22 18 24 18
3 10 5 10
5 10 15 10
15 9 20 9
20 8 20 9
5 9 10 9
10 9 11 9
3 3 8 3
8 2 8 3
44 43 44 44
20 43 34 43
35 42 35 43
14 42 15 42
13 42 13 44
37 39 42 39
21 39 22 39
16 36 21 36
36 35 37 35
34 34 34 36
44 33 44 34
8 30 9 30
40 29 42 29
21 27 28 27
0 27 0 29
40 26 41 26
4 25 4 27
34 24 36 24
10 24 20 24
2 24 2 29
33 23 35 23
11 23 16 23
32 22 39 22
23 22 26 22
37 19 37 21
27 18 27 24
18 18 18 19
31 17 37 17
5 16 10 16
24 14 31 14
2 13 2 15
37 12 44 12
3 12 3 13
22 11 22 15
15 11 16 11
33 9 35 9
22 8 34 8
3 8 3 9
21 7 23 7
14 7 14 9
33 5 33 6
8 5 14 5
37 4 38 4
27 4 32 4
26 3 27 3
15 0 15 6
13 0 13 1
18
14 28 14 27
18 34 17 34
26 4 25 4
25 5 24 5
21 9 20 9
21 11 20 11
34 25 34 26
35 24 35 23
39 26 38 26
21 8 21 7
21 6 20 6
20 4 21 4
22 19 22 18
14 6 14 7
42 33 41 33
37 20 37 19
35 25 36 25
20 11 20 10
146
22 33 22 38
22 33 25 33
22 38 23 38
23 38 31 38
25 33 29 33
29 28 29 29
29 29 29 33
29 33 29 37
3 22 3 23
3 22 6 22
3 23 3 24
6 21 6 22
6 21 12 21
12 21 14 21
4 44 6 44
6 42 6 44
6 42 10 42
6 44 10 44
10 38 10 42
38 17 38 19
38 19 40 19
40 19 40 24
40 19 44 19
44 17 44 19
6 12 6 13
6 13 15 13
14 14 14 19
14 14 15 14
15 13 15 14
21 4 25 4
22 6 25 6
25 4 25 6
25 6 27 6
16 30 19 30
19 28 19 29
19 29 19 30
19 30 19 31
25 13 32 13
32 12 32 13
32 12 36 12
32 13 32 15
21 10 21 12
21 10 23 10
21 12 21 19
21 19 21 26
23 36 25 36
25 36 25 37
25 36 26 36
8 28 13 28
13 28 15 28
15 28 15 30
1 5 1 6
1 6 1 9
1 9 1 12
18 7 19 7
19 4 19 5
19 5 19 7
30 3 37 3
37 3 40 3
40 3 40 7
39 1 41 1
41 0 41 1
41 1 41 4
13 40 15 40
15 36 15 40
5 36 11 36
11 30 11 36
14 35 14 38
14 35 16 35
40 34 40 38
40 34 42 34
18 33 18 35
18 33 20 33
34 32 35 32
35 32 37 32
24 32 26 32
26 28 26 32
0 31 0 42
0 31 10 31
35 26 38 26
38 24 38 26
7 25 8 25
8 25 10 25
0 21 0 24
0 21 2 21
42 20 44 20
44 20 44 27
4 19 5 19
5 19 12 19
22 18 22 20
22 18 24 18
3 10 5 10
5 10 15 10
15 9 20 9
20 8 20 9
5 9 10 9
10 9 11 9
3 3 8 3
8 2 8 3
44 43 44 44
20 43 34 43
35 42 35 43
14 42 15 42
13 42 13 44
37 39 42 39
21 39 22 39
16 36 21 36
36 35 37 35
34 34 34 36
44 33 44 34
8 30 9 30
40 29 42 29
21 27 28 27
0 27 0 29
40 26 41 26
4 25 4 27
34 24 36 24
10 24 20 24
2 24 2 29
33 23 35 23
11 23 16 23
32 22 39 22
23 22 26 22
37 19 37 21
27 18 27 24
18 18 18 19
31 17 37 17
5 16 10 16
24 14 31 14
2 13 2 15
37 12 44 12
3 12 3 13
22 11 22 15
15 11 16 11
33 9 35 9
22 8 34 8
3 8 3 9
21 7 23 7
14 7 14 9
33 5 33 6
8 5 14 5
37 4 38 4
27 4 32 4
26 3 27 3
15 0 15 6
13 0 13 1
19
14 28 14 27
18 34 17 34
26 4 25 4
25 5 24 5
21 9 20 9
21 11 20 11
34 25 34 26
35 24 35 23
39 26 38 26
21 8 21 7
21 6 20 6
20 4 21 4
22 19 22 18
14 6 14 7
42 33 41 33
37 20 37 19
35 25 36 25
20 11 20 10
20 9 19 9
146
22 33 22 38
22 33 25 33
22 38 23 38
23 38 31 38
25 33 29 33
29 28 29 29
29 29 29 33
29 33 29 37
3 22 3 23
3 22 6 22
3 23 3 24
6 21 6 22
6 21 12 21
12 21 14 21
4 44 6 44
6 42 6 44
6 42 10 42
6 44 10 44
10 38 10 42
38 17 38 19
38 19 40 19
40 19 40 24
40 19 44 19
44 17 44 19
6 12 6 13
6 13 15 13
14 14 14 19
14 14 15 14
15 13 15 14
21 4 25 4
22 6 25 6
25 4 25 6
25 6 27 6
16 30 19 30
19 28 19 29
19 29 19 30
19 30 19 31
25 13 32 13
32 12 32 13
32 12 36 12
32 13 32 15
21 10 21 12
21 10 23 10
21 12 21 19
21 19 21 26
23 36 25 36
25 36 25 37
25 36 26 36
8 28 13 28
13 28 15 28
15 28 15 30
1 5 1 6
1 6 1 9
1 9 1 12
18 7 19 7
19 4 19 5
19 5 19 7
30 3 37 3
37 3 40 3
40 3 40 7
39 1 41 1
41 0 41 1
41 1 41 4
13 40 15 40
15 36 15 40
5 36 11 36
11 30 11 36
14 35 14 38
14 35 16 35
40 34 40 38
40 34 42 34
18 33 18 35
18 33 20 33
34 32 35 32
35 32 37 32
24 32 26 32
26 28 26 32
0 31 0 42
0 31 10 31
35 26 38 26
38 24 38 26
7 25 8 25
8 25 10 25
0 21 0 24
0 21 2 21
42 20 44 20
44 20 44 27
4 19 5 19
5 19 12 19
22 18 22 20
22 18 24 18
3 10 5 10
5 10 15 10
15 9 19 9
19 9 19 11
5 9 10 9
10 9 11 9
3 3 8 3
8 2 8 3
44 43 44 44
20 43 34 43
35 42 35 43
14 42 15 42
13 42 13 44
37 39 42 39
21 39 22 39
16 36 21 36
36 35 37 35
34 34 34 36
44 33 44 34
8 30 9 30
40 29 42 29
21 27 28 27
0 27 0 29
40 26 41 26
4 25 4 27
34 24 36 24
10 24 20 24
2 24 2 29
33 23 35 23
11 23 16 23
32 22 39 22
23 22 26 22
37 19 37 21
27 18 27 24
18 18 18 19
31 17 37 17
5 16 10 16
24 14 31 14
2 13 2 15
37 12 44 12
3 12 3 13
22 11 22 15
15 11 16 11
33 9 35 9
22 8 34 8
3 8 3 9
21 7 23 7
14 7 14 9
33 5 33 6
8 5 14 5
37 4 38 4
27 4 32 4
26 3 27 3
15 0 15 6
13 0 13 1
20
14 28 14 27
18 34 17 34
26 4 25 4
25 5 24 5
21 9 20 9
21 11 20 11
34 25 34 26
35 24 35 23
39 26 38 26
21 8 21 7
21 6 20 6
20 4 21 4
22 19 22 18
14 6 14 7
42 33 41 33
37 20 37 19
35 25 36 25
20 11 20 10
20 9 19 9
22 8 23 8
147
22 33 22 38
22 33 25 33
22 38 23 38
23 38 31 38
25 33 29 33
29 28 29 29
29 29 29 33
29 33 29 37
3 22 3 23
3 22 6 22
3 23 3 24
6 21 6 22
6 21 12 21
12 21 14 21
21 4 25 4
22 6 22 9
22 6 25 6
25 4 25 6
25 6 27 6
4 44 6 44
6 42 6 44
6 42 10 42
6 44 10 44
10 38 10 42
38 17 38 19
38 19 40 19
40 19 40 24
40 19 44 19
44 17 44 19
6 12 6 13
6 13 15 13
14 14 14 19
14 14 15 14
15 13 15 14
16 30 19 30
19 28 19 29
19 29 19 30
19 30 19 31
25 13 32 13
32 12 32 13
32 12 36 12
32 13 32 15
21 10 21 12
21 10 23 10
21 12 21 19
21 19 21 26
23 36 25 36
25 36 25 37
25 36 26 36
8 28 13 28
13 28 15 28
15 28 15 30
1 5 1 6
1 6 1 9
1 9 1 12
18 7 19 7
19 4 19 5
19 5 19 7
30 3 37 3
37 3 40 3
40 3 40 7
39 1 41 1
41 0 41 1
41 1 41 4
13 40 15 40
15 36 15 40
5 36 11 36
11 30 11 36
14 35 14 38
14 35 16 35
40 34 40 38
40 34 42 34
18 33 18 35
18 33 20 33
34 32 35 32
35 32 37 32
24 32 26 32
26 28 26 32
0 31 0 42
0 31 10 31
35 26 38 26
38 24 38 26
7 25 8 25
8 25 10 25
0 21 0 24
0 21 2 21
42 20 44 20
44 20 44 27
4 19 5 19
5 19 12 19
22 18 22 20
22 18 24 18
3 10 5 10
5 10 15 10
15 9 19 9
19 9 19 11
5 9 10 9
10 9 11 9
23 7 23 8
23 8 34 8
3 3 8 3
8 2 8 3
44 43 44 44
20 43 34 43
35 42 35 43
14 42 15 42
13 42 13 44
37 39 42 39
21 39 22 39
16 36 21 36
36 35 37 35
34 34 34 36
44 33 44 34
8 30 9 30
40 29 42 29
21 27 28 27
0 27 0 29
40 26 41 26
4 25 4 27
34 24 36 24
10 24 20 24
2 24 2 29
33 23 35 23
11 23 16 23
32 22 39 22
23 22 26 22
37 19 37 21
27 18 27 24
18 18 18 19
31 17 37 17
5 16 10 16
24 14 31 14
2 13 2 15
37 12 44 12
3 12 3 13
22 11 22 15
15 11 16 11
33 9 35 9
3 8 3 9
14 7 14 9
33 5 33 6
8 5 14 5
37 4 38 4
27 4 32 4
26 3 27 3
15 0 15 6
13 0 13 1
21
14 28 14 27
18 34 17 34
26 4 25 4
25 5 24 5
21 9 20 9
21 11 20 11
34 25 34 26
35 24 35 23
39 26 38 26
21 8 21 7
21 6 20 6
20 4 21 4
22 19 22 18
14 6 14 7
42 33 41 33
37 20 37 19
35 25 36 25
20 11 20 10
20 9 19 9
22 8 23 8
3 24 4 24
146
22 33 22 38
22 33 25 33
22 38 23 38
23 38 31 38
25 33 29 33
29 28 29 29
29 29 29 33
29 33 29 37
21 4 25 4
22 6 22 9
22 6 25 6
25 4 25 6
25 6 27 6
4 44 6 44
6 42 6 44
6 42 10 42
6 44 10 44
10 38 10 42
3 22 3 23
3 22 6 22
6 21 6 22
6 21 12 21
12 21 14 21
38 17 38 19
38 19 40 19
40 19 40 24
40 19 44 19
44 17 44 19
6 12 6 13
6 13 15 13
14 14 14 19
14 14 15 14
15 13 15 14
16 30 19 30
19 28 19 29
19 29 19 30
19 30 19 31
25 13 32 13
32 12 32 13
32 12 36 12
32 13 32 15
21 10 21 12
21 10 23 10
21 12 21 19
21 19 21 26
23 36 25 36
25 36 25 37
25 36 26 36
8 28 13 28
13 28 15 28
15 28 15 30
1 5 1 6
1 6 1 9
1 9 1 12
18 7 19 7
19 4 19 5
19 5 19 7
30 3 37 3
37 3 40 3
40 3 40 7
39 1 41 1
41 0 41 1
41 1 41 4
13 40 15 40
15 36 15 40
5 36 11 36
11 30 11 36
14 35 14 38
14 35 16 35
40 34 40 38
40 34 42 34
18 33 18 35
18 33 20 33
34 32 35 32
35 32 37 32
24 32 26 32
26 28 26 32
0 31 0 42
0 31 10 31
35 26 38 26
38 24 38 26
7 25 8 25
8 25 10 25
0 21 0 24
0 21 2 21
42 20 44 20
44 20 44 27
4 19 5 19
5 19 12 19
22 18 22 20
22 18 24 18
3 10 5 10
5 10 15 10
15 9 19 9
19 9 19 11
5 9 10 9
10 9 11 9
23 7 23 8
23 8 34 8
3 3 8 3
8 2 8 3
44 43 44 44
20 43 34 43
35 42 35 43
14 42 15 42
13 42 13 44
37 39 42 39
21 39 22 39
16 36 21 36
36 35 37 35
34 34 34 36
44 33 44 34
8 30 9 30
40 29 42 29
21 27 28 27
0 27 0 29
40 26 41 26
4 25 4 27
34 24 36 24
10 24 20 24
2 24 2 29
33 23 35 23
11 23 16 23
32 22 39 22
23 22 26 22
37 19 37 21
27 18 27 24
18 18 18 19
31 17 37 17
5 16 10 16
24 14 31 14
2 13 2 15
37 12 44 12
3 12 3 13
22 11 22 15
15 11 16 11
33 9 35 9
3 8 3 9
14 7 14 9
33 5 33 6
8 5 14 5
37 4 38 4
27 4 32 4
26 3 27 3
15 0 15 6
13 0 13 1
22
14 28 14 27
18 34 17 34
26 4 25 4
25 5 24 5
21 9 20 9
21 11 20 11
34 25 34 26
35 24 35 23
39 26 38 26
21 8 21 7
21 6 20 6
20 4 21 4
22 19 22 18
14 6 14 7
42 33 41 33
37 20 37 19
35 25 36 25
20 11 20 10
20 9 19 9
22 8 23 8
3 24 4 24
27 4 28 4
148
22 33 22 38
22 33 25 33
22 38 23 38
23 38 31 38
25 33 29 33
29 28 29 29
29 29 29 33
29 33 29 37
21 4 25 4
22 6 22 9
22 6 25 6
25 4 25 6
25 6 27 6
26 3 27 3
27 3 27 6
4 44 6 44
6 42 6 44
6 42 10 42
6 44 10 44
10 38 10 42
3 22 3 23
3 22 6 22
6 21 6 22
6 21 12 21
12 21 14 21
38 17 38 19
38 19 40 19
40 19 40 24
40 19 44 19
44 17 44 19
6 12 6 13
6 13 15 13
14 14 14 19
14 14 15 14
15 13 15 14
16 30 19 30
19 28 19 29
19 29 19 30
19 30 19 31
25 13 32 13
32 12 32 13
32 12 36 12
32 13 32 15
21 10 21 12
21 10 23 10
21 12 21 19
21 19 21 26
23 36 25 36
25 36 25 37
25 36 26 36
8 28 13 28
13 28 15 28
15 28 15 30
1 5 1 6
1 6 1 9
1 9 1 12
18 7 19 7
19 4 19 5
19 5 19 7
30 3 37 3
37 3 40 3
40 3 40 7
39 1 41 1
41 0 41 1
41 1 41 4
13 40 15 40
15 36 15 40
5 36 11 36
11 30 11 36
14 35 14 38
14 35 16 35
40 34 40 38
40 34 42 34
18 33 18 35
18 33 20 33
34 32 35 32
35 32 37 32
24 32 26 32
26 28 26 32
0 31 0 42
0 31 10 31
35 26 38 26
38 24 38 26
7 25 8 25
8 25 10 25
0 21 0 24
0 21 2 21
42 20 44 20
44 20 44 27
4 19 5 19
5 19 12 19
22 18 22 20
22 18 24 18
3 10 5 10
5 10 15 10
15 9 19 9
19 9 19 11
5 9 10 9
10 9 11 9
23 7 23 8
23 8 34 8
28 4 28 7
28 4 32 4
3 3 8 3
8 2 8 3
44 43 44 44
20 43 34 43
35 42 35 43
14 42 15 42
13 42 13 44
37 39 42 39
21 39 22 39
16 36 21 36
36 35 37 35
34 34 34 36
44 33 44 34
8 30 9 30
40 29 42 29
21 27 28 27
0 27 0 29
40 26 41 26
4 25 4 27
34 24 36 24
10 24 20 24
2 24 2 29
33 23 35 23
11 23 16 23
32 22 39 22
23 22 26 22
37 19 37 21
27 18 27 24
18 18 18 19
31 17 37 17
5 16 10 16
24 14 31 14
2 13 2 15
37 12 44 12
3 12 3 13
22 11 22 15
15 11 16 11
33 9 35 9
3 8 3 9
14 7 14 9
33 5 33 6
8 5 14 5
37 4 38 4
15 0 15 6
13 0 13 1
23
14 28 14 27
18 34 17 34
26 4 25 4
25 5 24 5
21 9 20 9
21 11 20 11
34 25 34 26
35 24 35 23
39 26 38 26
21 8 21 7
21 6 20 6
20 4 21 4
22 19 22 18
14 6 14 7
42 33 41 33
37 20 37 19
35 25 36 25
20 11 20 10
20 9 19 9
22 8 23 8
3 24 4 24
27 4 28 4
42 32 41 32
149
22 33 22 38
22 33 25 33
22 38 23 38
23 38 31 38
25 33 29 33
29 28 29 29
29 29 29 33
29 33 29 37
21 4 25 4
22 6 22 9
22 6 25 6
25 4 25 6
25 6 27 6
26 3 27 3
27 3 27 6
4 44 6 44
6 42 6 44
6 42 10 42
6 44 10 44
10 38 10 42
3 22 3 23
3 22 6 22
6 21 6 22
6 21 12 21
12 21 14 21
38 17 38 19
38 19 40 19
40 19 40 24
40 19 44 19
44 17 44 19
6 12 6 13
6 13 15 13
14 14 14 19
14 14 15 14
15 13 15 14
16 30 19 30
19 28 19 29
19 29 19 30
19 30 19 31
25 13 32 13
32 12 32 13
32 12 36 12
32 13 32 15
21 10 21 12
21 10 23 10
21 12 21 19
21 19 21 26
23 36 25 36
25 36 25 37
25 36 26 36
40 34 40 38
40 34 42 34
42 31 42 34
8 28 13 28
13 28 15 28
15 28 15 30
1 5 1 6
1 6 1 9
1 9 1 12
18 7 19 7
19 4 19 5
19 5 19 7
30 3 37 3
37 3 40 3
40 3 40 7
39 1 41 1
41 0 41 1
41 1 41 4
13 40 15 40
15 36 15 40
5 36 11 36
11 30 11 36
14 35 14 38
14 35 16 35
18 33 18 35
18 33 20 33
34 32 35 32
35 32 37 32
24 32 26 32
26 28 26 32
0 31 0 42
0 31 10 31
35 26 38 26
38 24 38 26
7 25 8 25
8 25 10 25
0 21 0 24
0 21 2 21
42 20 44 20
44 20 44 27
4 19 5 19
5 19 12 19
22 18 22 20
22 18 24 18
3 10 5 10
5 10 15 10
15 9 19 9
19 9 19 11
5 9 10 9
10 9 11 9
23 7 23 8
23 8 34 8
28 4 28 7
28 4 32 4
3 3 8 3
8 2 8 3
44 43 44 44
20 43 34 43
35 42 35 43
14 42 15 42
13 42 13 44
37 39 42 39
21 39 22 39
16 36 21 36
36 35 37 35
34 34 34 36
44 33 44 34
8 30 9 30
40 29 42 29
21 27 28 27
0 27 0 29
40 26 41 26
4 25 4 27
34 24 36 24
10 24 20 24
2 24 2 29
33 23 35 23
11 23 16 23
32 22 39 22
23 22 26 22
37 19 37 21
27 18 27 24
18 18 18 19
31 17 37 17
5 16 10 16
24 14 31 14
2 13 2 15
37 12 44 12
3 12 3 13
22 11 22 15
15 11 16 11
33 9 35 9
3 8 3 9
14 7 14 9
33 5 33 6
8 5 14 5
37 4 38 4
15 0 15 6
13 0 13 1
24
14 28 14 27
18 34 17 34
26 4 25 4
25 5 24 5
21 9 20 9
21 11 20 11
34 25 34 26
35 24 35 23
39 26 38 26
21 8 21 7
21 6 20 6
20 4 21 4
22 19 22 18
14 6 14 7
42 33 41 33
37 20 37 19
35 25 36 25
20 11 20 10
20 9 19 9
22 8 23 8
3 24 4 24
27 4 28 4
42 32 41 32
22 38 22 37
149
21 4 25 4
22 6 22 9
22 6 25 6
25 4 25 6
25 6 27 6
26 3 27 3
27 3 27 6
21 37 22 37
22 33 22 37
22 33 25 33
25 33 29 33
29 28 29 29
29 29 29 33
29 33 29 37
4 44 6 44
6 42 6 44
6 42 10 42
6 44 10 44
10 38 10 42
3 22 3 23
3 22 6 22
6 21 6 22
6 21 12 21
12 21 14 21
38 17 38 19
38 19 40 19
40 19 40 24
40 19 44 19
44 17 44 19
6 12 6 13
6 13 15 13
14 14 14 19
14 14 15 14
15 13 15 14
16 30 19 30
19 28 19 29
19 29 19 30
19 30 19 31
25 13 32 13
32 12 32 13
32 12 36 12
32 13 32 15
21 10 21 12
21 10 23 10
21 12 21 19
21 19 21 26
23 36 25 36
25 36 25 37
25 36 26 36
40 34 40 38
40 34 42 34
42 31 42 34
8 28 13 28
13 28 15 28
15 28 15 30
1 5 1 6
1 6 1 9
1 9 1 12
18 7 19 7
19 4 19 5
19 5 19 7
30 3 37 3
37 3 40 3
40 3 40 7
39 1 41 1
41 0 41 1
41 1 41 4
13 40 15 40
15 36 15 40
5 36 11 36
11 30 11 36
14 35 14 38
14 35 16 35
18 33 18 35
18 33 20 33
34 32 35 32
35 32 37 32
24 32 26 32
26 28 26 32
0 31 0 42
0 31 10 31
35 26 38 26
38 24 38 26
7 25 8 25
8 25 10 25
0 21 0 24
0 21 2 21
42 20 44 20
44 20 44 27
4 19 5 19
5 19 12 19
22 18 22 20
22 18 24 18
3 10 5 10
5 10 15 10
15 9 19 9
19 9 19 11
5 9 10 9
10 9 11 9
23 7 23 8
23 8 34 8
28 4 28 7
28 4 32 4
3 3 8 3
8 2 8 3
44 43 44 44
20 43 34 43
35 42 35 43
14 42 15 42
13 42 13 44
37 39 42 39
21 39 22 39
23 38 31 38
16 36 21 36
36 35 37 35
34 34 34 36
44 33 44 34
8 30 9 30
40 29 42 29
21 27 28 27
0 27 0 29
40 26 41 26
4 25 4 27
34 24 36 24
10 24 20 24
2 24 2 29
33 23 35 23
11 23 16 23
32 22 39 22
23 22 26 22
37 19 37 21
27 18 27 24
18 18 18 19
31 17 37 17
5 16 10 16
24 14 31 14
2 13 2 15
37 12 44 12
3 12 3 13
22 11 22 15
15 11 16 11
33 9 35 9
3 8 3 9
14 7 14 9
33 5 33 6
8 5 14 5
37 4 38 4
15 0 15 6
13 0 13 1
25
14 28 14 27
18 34 17 34
26 4 25 4
25 5 24 5
21 9 20 9
21 11 20 11
34 25 34 26
35 24 35 23
39 26 38 26
21 8 21 7
21 6 20 6
20 4 21 4
22 19 22 18
14 6 14 7
42 33 41 33
37 20 37 19
35 25 36 25
20 11 20 10
20 9 19 9
22 8 23 8
3 24 4 24
27 4 28 4
42 32 41 32
22 38 22 37
21 10 21 9
148
21 4 25 4
22 6 22 9
22 6 25 6
25 4 25 6
25 6 27 6
26 3 27 3
27 3 27 6
21 37 22 37
22 33 22 37
22 33 25 33
25 33 29 33
29 28 29 29
29 29 29 33
29 33 29 37
4 44 6 44
6 42 6 44
6 42 10 42
6 44 10 44
10 38 10 42
3 22 3 23
3 22 6 22
6 21 6 22
6 21 12 21
12 21 14 21
38 17 38 19
38 19 40 19
40 19 40 24
40 19 44 19
44 17 44 19
6 12 6 13
6 13 15 13
14 14 14 19
14 14 15 14
15 13 15 14
16 30 19 30
19 28 19 29
19 29 19 30
19 30 19 31
25 13 32 13
32 12 32 13
32 12 36 12
32 13 32 15
15 9 19 9
19 9 19 11
19 11 22 11
22 11 22 15
23 36 25 36
25 36 25 37
25 36 26 36
40 34 40 38
40 34 42 34
42 31 42 34
8 28 13 28
13 28 15 28
15 28 15 30
1 5 1 6
1 6 1 9
1 9 1 12
18 7 19 7
19 4 19 5
19 5 19 7
30 3 37 3
37 3 40 3
40 3 40 7
39 1 41 1
41 0 41 1
41 1 41 4
13 40 15 40
15 36 15 40
5 36 11 36
11 30 11 36
14 35 14 38
14 35 16 35
18 33 18 35
18 33 20 33
34 32 35 32
35 32 37 32
24 32 26 32
26 28 26 32
0 31 0 42
0 31 10 31
35 26 38 26
38 24 38 26
7 25 8 25
8 25 10 25
0 21 0 24
0 21 2 21
42 20 44 20
44 20 44 27
4 19 5 19
5 19 12 19
22 18 22 20
22 18 24 18
21 12 21 19
21 19 21 26
3 10 5 10
5 10 15 10
5 9 10 9
10 9 11 9
23 7 23 8
23 8 34 8
28 4 28 7
28 4 32 4
3 3 8 3
8 2 8 3
44 43 44 44
20 43 34 43
35 42 35 43
14 42 15 42
13 42 13 44
37 39 42 39
21 39 22 39
23 38 31 38
16 36 21 36
36 35 37 35
34 34 34 36
44 33 44 34
8 30 9 30
40 29 42 29
21 27 28 27
0 27 0 29
40 26 41 26
4 25 4 27
34 24 36 24
10 24 20 24
2 24 2 29
33 23 35 23
11 23 16 23
32 22 39 22
23 22 26 22
37 19 37 21
27 18 27 24
18 18 18 19
31 17 37 17
5 16 10 16
24 14 31 14
2 13 2 15
37 12 44 12
3 12 3 13
15 11 16 11
33 9 35 9
3 8 3 9
14 7 14 9
33 5 33 6
8 5 14 5
37 4 38 4
15 0 15 6
13 0 13 1
26
14 28 14 27
18 34 17 34
26 4 25 4
25 5 24 5
21 9 20 9
21 11 20 11
34 25 34 26
35 24 35 23
39 26 38 26
21 8 21 7
21 6 20 6
20 4 21 4
22 19 22 18
14 6 14 7
42 33 41 33
37 20 37 19
35 25 36 25
20 11 20 10
20 9 19 9
22 8 23 8
3 24 4 24
27 4 28 4
42 32 41 32
22 38 22 37
21 10 21 9
21 9 21 10
149
21 4 25 4
22 6 22 9
22 6 25 6
25 4 25 6
25 6 27 6
26 3 27 3
27 3 27 6
21 37 22 37
22 33 22 37
22 33 25 33
25 33 29 33
29 28 29 29
29 29 29 33
29 33 29 37
4 44 6 44
6 42 6 44
6 42 10 42
6 44 10 44
10 38 10 42
3 22 3 23
3 22 6 22
6 21 6 22
6 21 12 21
12 21 14 21
38 17 38 19
38 19 40 19
40 19 40 24
40 19 44 19
44 17 44 19
6 12 6 13
6 13 15 13
14 14 14 19
14 14 15 14
15 13 15 14
16 30 19 30
19 28 19 29
19 29 19 30
19 30 19 31
25 13 32 13
32 12 32 13
32 12 36 12
32 13 32 15
21 10 21 12
21 10 23 10
21 12 21 19
21 19 21 26
23 36 25 36
25 36 25 37
25 36 26 36
40 34 40 38
40 34 42 34
42 31 42 34
8 28 13 28
13 28 15 28
15 28 15 30
1 5 1 6
1 6 1 9
1 9 1 12
18 7 19 7
19 4 19 5
19 5 19 7
30 3 37 3
37 3 40 3
40 3 40 7
39 1 41 1
41 0 41 1
41 1 41 4
13 40 15 40
15 36 15 40
5 36 11 36
11 30 11 36
14 35 14 38
14 35 16 35
18 33 18 35
18 33 20 33
34 32 35 32
35 32 37 32
24 32 26 32
26 28 26 32
0 31 0 42
0 31 10 31
35 26 38 26
38 24 38 26
7 25 8 25
8 25 10 25
0 21 0 24
0 21 2 21
42 20 44 20
44 20 44 27
4 19 5 19
5 19 12 19
22 18 22 20
22 18 24 18
3 10 5 10
5 10 15 10
15 9 19 9
19 9 19 11
5 9 10 9
10 9 11 9
23 7 23 8
23 8 34 8
28 4 28 7
28 4 32 4
3 3 8 3
8 2 8 3
44 43 44 44
20 43 34 43
35 42 35 43
14 42 15 42
13 42 13 44
37 39 42 39
21 39 22 39
23 38 31 38
16 36 21 36
36 35 37 35
34 34 34 36
44 33 44 34
8 30 9 30
40 29 42 29
21 27 28 27
0 27 0 29
40 26 41 26
4 25 4 27
34 24 36 24
10 24 20 24
2 24 2 29
33 23 35 23
11 23 16 23
32 22 39 22
23 22 26 22
37 19 37 21
27 18 27 24
18 18 18 19
31 17 37 17
5 16 10 16
24 14 31 14
2 13 2 15
37 12 44 12
3 12 3 13
22 11 22 15
15 11 16 11
33 9 35 9
3 8 3 9
14 7 14 9
33 5 33 6
8 5 14 5
37 4 38 4
15 0 15 6
13 0 13 1
27
14 28 14 27
18 34 17 34
26 4 25 4
25 5 24 5
21 9 20 9
21 11 20 11
34 25 34 26
35 24 35 23
39 26 38 26
21 8 21 7
21 6 20 6
20 4 21 4
22 19 22 18
14 6 14 7
42 33 41 33
37 20 37 19
35 25 36 25
20 11 20 10
20 9 19 9
22 8 23 8
3 24 4 24
27 4 28 4
42 32 41 32
22 38 22 37
21 10 21 9
21 9 21 10
21 10 21 9
148
21 4 25 4
22 6 22 9
22 6 25 6
25 4 25 6
25 6 27 6
26 3 27 3
27 3 27 6
21 37 22 37
22 33 22 37
22 33 25 33
25 33 29 33
29 28 29 29
29 29 29 33
29 33 29 37
4 44 6 44
6 42 6 44
6 42 10 42
6 44 10 44
10 38 10 42
3 22 3 23
3 22 6 22
6 21 6 22
6 21 12 21
12 21 14 21
38 17 38 19
38 19 40 19
40 19 40 24
40 19 44 19
44 17 44 19
6 12 6 13
6 13 15 13
14 14 14 19
14 14 15 14
15 13 15 14
16 30 19 30
19 28 19 29
19 29 19 30
19 30 19 31
25 13 32 13
32 12 32 13
32 12 36 12
32 13 32 15
15 9 19 9
19 9 19 11
19 11 22 11
22 11 22 15
23 36 25 36
25 36 25 37
25 36 26 36
40 34 40 38
40 34 42 34
42 31 42 34
8 28 13 28
13 28 15 28
15 28 15 30
1 5 1 6
1 6 1 9
1 9 1 12
18 7 19 7
19 4 19 5
19 5 19 7
30 3 37 3
37 3 40 3
40 3 40 7
39 1 41 1
41 0 41 1
41 1 41 4
13 40 15 40
15 36 15 40
5 36 11 36
11 30 11 36
14 35 14 38
14 35 16 35
18 33 18 35
18 33 20 33
34 32 35 32
35 32 37 32
24 32 26 32
26 28 26 32
0 31 0 42
0 31 10 31
35 26 38 26
38 24 38 26
7 25 8 25
8 25 10 25
0 21 0 24
0 21 2 21
42 20 44 20
44 20 44 27
4 19 5 19
5 19 12 19
22 18 22 20
22 18 24 18
21 12 21 19
21 19 21 26
3 10 5 10
5 10 15 10
5 9 10 9
10 9 11 9
23 7 23 8
23 8 34 8
28 4 28 7
28 4 32 4
3 3 8 3
8 2 8 3
44 43 44 44
20 43 34 43
35 42 35 43
14 42 15 42
13 42 13 44
37 39 42 39
21 39 22 39
23 38 31 38
16 36 21 36
36 35 37 35
34 34 34 36
44 33 44 34
8 30 9 30
40 29 42 29
21 27 28 27
0 27 0 29
40 26 41 26
4 25 4 27
34 24 36 24
10 24 20 24
2 24 2 29
33 23 35 23
11 23 16 23
32 22 39 22
23 22 26 22
37 19 37 21
27 18 27 24
18 18 18 19
31 17 37 17
5 16 10 16
24 14 31 14
2 13 2 15
37 12 44 12
3 12 3 13
15 11 16 11
33 9 35 9
3 8 3 9
14 7 14 9
33 5 33 6
8 5 14 5
37 4 38 4
15 0 15 6
13 0 13 1
28
14 28 14 27
18 34 17 34
26 4 25 4
25 5 24 5
21 9 20 9
21 11 20 11
34 25 34 26
35 24 35 23
39 26 38 26
21 8 21 7
21 6 20 6
20 4 21 4
22 19 22 18
14 6 14 7
42 33 41 33
37 20 37 19
35 25 36 25
20 11 20 10
20 9 19 9
22 8 23 8
3 24 4 24
27 4 28 4
42 32 41 32
22 38 22 37
21 10 21 9
21 9 21 10
21 10 21 9
21 9 21 10
149
21 4 25 4
22 6 22 9
22 6 25 6
25 4 25 6
25 6 27 6
26 3 27 3
27 3 27 6
21 37 22 37
22 33 22 37
22 33 25 33
25 33 29 33
29 28 29 29
29 29 29 33
29 33 29 37
4 44 6 44
6 42 6 44
6 42 10 42
6 44 10 44
10 38 10 42
3 22 3 23
3 22 6 22
6 21 6 22
6 21 12 21
12 21 14 21
38 17 38 19
38 19 40 19
40 19 40 24
40 19 44 19
44 17 44 19
6 12 6 13
6 13 15 13
14 14 14 19
14 14 15 14
15 13 15 14
16 30 19 30
19 28 19 29
19 29 19 30
19 30 19 31
25 13 32 13
32 12 32 13
32 12 36 12
32 13 32 15
21 10 21 12
21 10 23 10
21 12 21 19
21 19 21 26
23 36 25 36
25 36 25 37
25 36 26 36
40 34 40 38
40 34 42 34
42 31 42 34
8 28 13 28
13 28 15 28
15 28 15 30
1 5 1 6
1 6 1 9
1 9 1 12
18 7 19 7
19 4 19 5
19 5 19 7
30 3 37 3
37 3 40 3
40 3 40 7
39 1 41 1
41 0 41 1
41 1 41 4
13 40 15 40
15 36 15 40
5 36 11 36
11 30 11 36
14 35 14 38
14 35 16 35
18 33 18 35
18 33 20 33
34 32 35 32
35 32 37 32
24 32 26 32
26 28 26 32
0 31 0 42
0 31 10 31
35 26 38 26
38 24 38 26
7 25 8 25
8 25 10 25
0 21 0 24
0 21 2 21
42 20 44 20
44 20 44 27
4 19 5 19
5 19 12 19
22 18 22 20
22 18 24 18
3 10 5 10
5 10 15 10
15 9 19 9
19 9 19 11
5 9 10 9
10 9 11 9
23 7 23 8
23 8 34 8
28 4 28 7
28 4 32 4
3 3 8 3
8 2 8 3
44 43 44 44
20 43 34 43
35 42 35 43
14 42 15 42
13 42 13 44
37 39 42 39
21 39 22 39
23 38 31 38
16 36 21 36
36 35 37 35
34 34 34 36
44 33 44 34
8 30 9 30
40 29 42 29
21 27 28 27
0 27 0 29
40 26 41 26
4 25 4 27
34 24 36 24
10 24 20 24
2 24 2 29
33 23 35 23
11 23 16 23
32 22 39 22
23 22 26 22
37 19 37 21
27 18 27 24
18 18 18 19
31 17 37 17
5 16 10 16
24 14 31 14
2 13 2 15
37 12 44 12
3 12 3 13
22 11 22 15
15 11 16 11
33 9 35 9
3 8 3 9
14 7 14 9
33 5 33 6
8 5 14 5
37 4 38 4
15 0 15 6
13 0 13 1
29
14 28 14 27
18 34 17 34
26 4 25 4
25 5 24 5
21 9 20 9
21 11 20 11
34 25 34 26
35 24 35 23
39 26 38 26
21 8 21 7
21 6 20 6
20 4 21 4
22 19 22 18
14 6 14 7
42 33 41 33
37 20 37 19
35 25 36 25
20 11 20 10
20 9 19 9
22 8 23 8
3 24 4 24
27 4 28 4
42 32 41 32
22 38 22 37
21 10 21 9
21 9 21 10
21 10 21 9
21 9 21 10
21 10 21 9
148
21 4 25 4
22 6 22 9
22 6 25 6
25 4 25 6
25 6 27 6
26 3 27 3
27 3 27 6
21 37 22 37
22 33 22 37
22 33 25 33
25 33 29 33
29 28 29 29
29 29 29 33
29 33 29 37
4 44 6 44
6 42 6 44
6 42 10 42
6 44 10 44
10 38 10 42
3 22 3 23
3 22 6 22
6 21 6 22
6 21 12 21
12 21 14 21
38 17 38 19
38 19 40 19
40 19 40 24
40 19 44 19
44 17 44 19
6 12 6 13
6 13 15 13
14 14 14 19
14 14 15 14
15 13 15 14
16 30 19 30
19 28 19 29
19 29 19 30
19 30 19 31
25 13 32 13
32 12 32 13
32 12 36 12
32 13 32 15
15 9 19 9
19 9 19 11
19 11 22 11
22 11 22 15
23 36 25 36
25 36 25 37
25 36 26 36
40 34 40 38
40 34 42 34
42 31 42 34
8 28 13 28
13 28 15 28
15 28 15 30
1 5 1 6
1 6 1 9
1 9 1 12
18 7 19 7
19 4 19 5
19 5 19 7
30 3 37 3
37 3 40 3
40 3 40 7
39 1 41 1
41 0 41 1
41 1 41 4
13 40 15 40
15 36 15 40
5 36 11 36
11 30 11 36
14 35 14 38
14 35 16 35
18 33 18 35
18 33 20 33
34 32 35 32
35 32 37 32
24 32 26 32
26 28 26 32
0 31 0 42
0 31 10 31
35 26 38 26
38 24 38 26
7 25 8 25
8 25 10 25
0 21 0 24
0 21 2 21
42 20 44 20
44 20 44 27
4 19 5 19
5 19 12 19
22 18 22 20
22 18 24 18
21 12 21 19
21 19 21 26
3 10 5 10
5 10 15 10
5 9 10 9
10 9 11 9
23 7 23 8
23 8 34 8
28 4 28 7
28 4 32 4
3 3 8 3
8 2 8 3
44 43 44 44
20 43 34 43
35 42 35 43
14 42 15 42
13 42 13 44
37 39 42 39
21 39 22 39
23 38 31 38
16 36 21 36
36 35 37 35
34 34 34 36
44 33 44 34
8 30 9 30
40 29 42 29
21 27 28 27
0 27 0 29
40 26 41 26
4 25 4 27
34 24 36 24
10 24 20 24
2 24 2 29
33 23 35 23
11 23 16 23
32 22 39 22
23 22 26 22
37 19 37 21
27 18 27 24
18 18 18 19
31 17 37 17
5 16 10 16
24 14 31 14
2 13 2 15
37 12 44 12
3 12 3 13
15 11 16 11
33 9 35 9
3 8 3 9
14 7 14 9
33 5 33 6
8 5 14 5
37 4 38 4
15 0 15 6
13 0 13 1
30
14 28 14 27
18 34 17 34
26 4 25 4
25 5 24 5
21 9 20 9
21 11 20 11
34 25 34 26
35 24 35 23
39 26 38 26
21 8 21 7
21 6 20 6
20 4 21 4
22 19 22 18
14 6 14 7
42 33 41 33
37 20 37 19
35 25 36 25
20 11 20 10
20 9 19 9
22 8 23 8
3 24 4 24
27 4 28 4
42 32 41 32
22 38 22 37
21 10 21 9
21 9 21 10
21 10 21 9
21 9 21 10
21 10 21 9
21 9 21 10
149
21 4 25 4
22 6 22 9
22 6 25 6
25 4 25 6
25 6 27 6
26 3 27 3
27 3 27 6
21 37 22 37
22 33 22 37
22 33 25 33
25 33 29 33
29 28 29 29
29 29 29 33
29 33 29 37
4 44 6 44
6 42 6 44
6 42 10 42
6 44 10 44
10 38 10 42
3 22 3 23
3 22 6 22
6 21 6 22
6 21 12 21
12 21 14 21
38 17 38 19
38 19 40 19
40 19 40 24
40 19 44 19
44 17 44 19
6 12 6 13
6 13 15 13
14 14 14 19
14 14 15 14
15 13 15 14
16 30 19 30
19 28 19 29
19 29 19 30
19 30 19 31
25 13 32 13
32 12 32 13
32 12 36 12
32 13 32 15
21 10 21 12
21 10 23 10
21 12 21 19
21 19 21 26
23 36 25 36
25 36 25 37
25 36 26 36
40 34 40 38
40 34 42 34
42 31 42 34
8 28 13 28
13 28 15 28
15 28 15 30
1 5 1 6
1 6 1 9
1 9 1 12
18 7 19 7
19 4 19 5
19 5 19 7
30 3 37 3
37 3 40 3
40 3 40 7
39 1 41 1
41 0 41 1
41 1 41 4
13 40 15 40
15 36 15 40
5 36 11 36
11 30 11 36
14 35 14 38
14 35 16 35
18 33 18 35
18 33 20 33
34 32 35 32
35 32 37 32
24 32 26 32
26 28 26 32
0 31 0 42
0 31 10 31
35 26 38 26
38 24 38 26
7 25 8 25
8 25 10 25
0 21 0 24
0 21 2 21
42 20 44 20
44 20 44 27
4 19 5 19
5 19 12 19
22 18 22 20
22 18 24 18
3 10 5 10
5 10 15 10
15 9 19 9
19 9 19 11
5 9 10 9
10 9 11 9
23 7 23 8
23 8 34 8
28 4 28 7
28 4 32 4
3 3 8 3
8 2 8 3
44 43 44 44
20 43 34 43
35 42 35 43
14 42 15 42
13 42 13 44
37 39 42 39
21 39 22 39
23 38 31 38
16 36 21 36
36 35 37 35
34 34 34 36
44 33 44 34
8 30 9 30
40 29 42 29
21 27 28 27
0 27 0 29
40 26 41 26
4 25 4 27
34 24 36 24
10 24 20 24
2 24 2 29
33 23 35 23
11 23 16 23
32 22 39 22
23 22 26 22
37 19 37 21
27 18 27 24
18 18 18 19
31 17 37 17
5 16 10 16
24 14 31 14
2 13 2 15
37 12 44 12
3 12 3 13
22 11 22 15
15 11 16 11
33 9 35 9
3 8 3 9
14 7 14 9
33 5 33 6
8 5 14 5
37 4 38 4
15 0 15 6
13 0 13 1
31
14 28 14 27
18 34 17 34
26 4 25 4
25 5 24 5
21 9 20 9
21 11 20 11
34 25 34 26
35 24 35 23
39 26 38 26
21 8 21 7
21 6 20 6
20 4 21 4
22 19 22 18
14 6 14 7
42 33 41 33
37 20 37 19
35 25 36 25
20 11 20 10
20 9 19 9
22 8 23 8
3 24 4 24
27 4 28 4
42 32 41 32
22 38 22 37
21 10 21 9
21 9 21 10
21 10 21 9
21 9 21 10
21 10 21 9
21 9 21 10
21 10 21 9
148
21 4 25 4
22 6 22 9
22 6 25 6
25 4 25 6
25 6 27 6
26 3 27 3
27 3 27 6
21 37 22 37
22 33 22 37
22 33 25 33
25 33 29 33
29 28 29 29
29 29 29 33
29 33 29 37
4 44 6 44
6 42 6 44
6 42 10 42
6 44 10 44
10 38 10 42
3 22 3 23
3 22 6 22
6 21 6 22
6 21 12 21
12 21 14 21
38 17 38 19
38 19 40 19
40 19 40 24
40 19 44 19
44 17 44 19
6 12 6 13
6 13 15 13
14 14 14 19
14 14 15 14
15 13 15 14
16 30 19 30
19 28 19 29
19 29 19 30
19 30 19 31
25 13 32 13
32 12 32 13
32 12 36 12
32 13 32 15
15 9 19 9
19 9 19 11
19 11 22 11
22 11 22 15
23 36 25 36
25 36 25 37
25 36 26 36
40 34 40 38
40 34 42 34
42 31 42 34
8 28 13 28
13 28 15 28
15 28 15 30
1 5 1 6
1 6 1 9
1 9 1 12
18 7 19 7
19 4 19 5
19 5 19 7
30 3 37 3
37 3 40 3
40 3 40 7
39 1 41 1
41 0 41 1
41 1 41 4
13 40 15 40
15 36 15 40
5 36 11 36
11 30 11 36
14 35 14 38
14 35 16 35
18 33 18 35
18 33 20 33
34 32 35 32
35 32 37 32
24 32 26 32
26 28 26 32
0 31 0 42
0 31 10 31
35 26 38 26
38 24 38 26
7 25 8 25
8 25 10 25
0 21 0 24
0 21 2 21
42 20 44 20
44 20 44 27
4 19 5 19
5 19 12 19
22 18 22 20
22 18 24 18
21 12 21 19
21 19 21 26
3 10 5 10
5 10 15 10
5 9 10 9
10 9 11 9
23 7 23 8
23 8 34 8
28 4 28 7
28 4 32 4
3 3 8 3
8 2 8 3
44 43 44 44
20 43 34 43
35 42 35 43
14 42 15 42
13 42 13 44
37 39 42 39
21 39 22 39
23 38 31 38
16 36 21 36
36 35 37 35
34 34 34 36
44 33 44 34
8 30 9 30
40 29 42 29
21 27 28 27
0 27 0 29
40 26 41 26
4 25 4 27
34 24 36 24
10 24 20 24
2 24 2 29
33 23 35 23
11 23 16 23
32 22 39 22
23 22 26 22
37 19 37 21
27 18 27 24
18 18 18 19
31 17 37 17
5 16 10 16
24 14 31 14
2 13 2 15
37 12 44 12
3 12 3 13
15 11 16 11
33 9 35 9
3 8 3 9
14 7 14 9
33 5 33 6
8 5 14 5
37 4 38 4
15 0 15 6
13 0 13 1
32
14 28 14 27
18 34 17 34
26 4 25 4
25 5 24 5
21 9 20 9
21 11 20 11
34 25 34 26
35 24 35 23
39 26 38 26
21 8 21 7
21 6 20 6
20 4 21 4
22 19 22 18
14 6 14 7
42 33 41 33
37 20 37 19
35 25 36 25
20 11 20 10
20 9 19 9
22 8 23 8
3 24 4 24
27 4 28 4
42 32 41 32
22 38 22 37
21 10 21 9
21 9 21 10
21 10 21 9
21 9 21 10
21 10 21 9
21 9 21 10
21 10 21 9
21 9 21 10
149
21 4 25 4
22 6 22 9
22 6 25 6
25 4 25 6
25 6 27 6
26 3 27 3
27 3 27 6
21 37 22 37
22 33 22 37
22 33 25 33
25 33 29 33
29 28 29 29
29 29 29 33
29 33 29 37
4 44 6 44
6 42 6 44
6 42 10 42
6 44 10 44
10 38 10 42
3 22 3 23
3 22 6 22
6 21 6 22
6 21 12 21
12 21 14 21
38 17 38 19
38 19 40 19
40 19 40 24
40 19 44 19
44 17 44 19
6 12 6 13
6 13 15 13
14 14 14 19
14 14 15 14
15 13 15 14
16 30 19 30
19 28 19 29
19 29 19 30
19 30 19 31
25 13 32 13
32 12 32 13
32 12 36 12
32 13 32 15
21 10 21 12
21 10 23 10
21 12 21 19
21 19 21 26
23 36 25 36
25 36 25 37
25 36 26 36
40 34 40 38
40 34 42 34
42 31 42 34
8 28 13 28
13 28 15 28
15 28 15 30
1 5 1 6
1 6 1 9
1 9 1 12
18 7 19 7
19 4 19 5
19 5 19 7
30 3 37 3
37 3 40 3
40 3 40 7
39 1 41 1
41 0 41 1
41 1 41 4
13 40 15 40
15 36 15 40
5 36 11 36
11 30 11 36
14 35 14 38
14 35 16 35
18 33 18 35
18 33 20 33
34 32 35 32
35 32 37 32
24 32 26 32
26 28 26 32
0 31 0 42
0 31 10 31
35 26 38 26
38 24 38 26
7 25 8 25
8 25 10 25
0 21 0 24
0 21 2 21
42 20 44 20
44 20 44 27
4 19 5 19
5 19 12 19
22 18 22 20
22 18 24 18
3 10 5 10
5 10 15 10
15 9 19 9
19 9 19 11
5 9 10 9
10 9 11 9
23 7 23 8
23 8 34 8
28 4 28 7
28 4 32 4
3 3 8 3
8 2 8 3
44 43 44 44
20 43 34 43
35 42 35 43
14 42 15 42
13 42 13 44
37 39 42 39
21 39 22 39
23 38 31 38
16 36 21 36
36 35 37 35
34 34 34 36
44 33 44 34
8 30 9 30
40 29 42 29
21 27 28 27
0 27 0 29
40 26 41 26
4 25 4 27
34 24 36 24
10 24 20 24
2 24 2 29
33 23 35 23
11 23 16 23
32 22 39 22
23 22 26 22
37 19 37 21
27 18 27 24
18 18 18 19
31 17 37 17
5 16 10 16
24 14 31 14
2 13 2 15
37 12 44 12
3 12 3 13
22 11 22 15
15 11 16 11
33 9 35 9
3 8 3 9
14 7 14 9
33 5 33 6
8 5 14 5
37 4 38 4
15 0 15 6
13 0 13 1
33
14 28 14 27
18 34 17 34
26 4 25 4
25 5 24 5
21 9 20 9
21 11 20 11
34 25 34 26
35 24 35 23
39 26 38 26
21 8 21 7
21 6 20 6
20 4 21 4
22 19 22 18
14 6 14 7
42 33 41 33
37 20 37 19
35 25 36 25
20 11 20 10
20 9 19 9
22 8 23 8
3 24 4 24
27 4 28 4
42 32 41 32
22 38 22 37
21 10 21 9
21 9 21 10
21 10 21 9
21 9 21 10
21 10 21 9
21 9 21 10
21 10 21 9
21 9 21 10
21 10 21 9
148
21 4 25 4
22 6 22 9
22 6 25 6
25 4 25 6
25 6 27 6
26 3 27 3
27 3 27 6
21 37 22 37
22 33 22 37
22 33 25 33
25 33 29 33
29 28 29 29
29 29 29 33
29 33 29 37
4 44 6 44
6 42 6 44
6 42 10 42
6 44 10 44
10 38 10 42
3 22 3 23
3 22 6 22
6 21 6 22
6 21 12 21
12 21 14 21
38 17 38 19
38 19 40 19
40 19 40 24
40 19 44 19
44 17 44 19
6 12 6 13
6 13 15 13
14 14 14 19
14 14 15 14
15 13 15 14
16 30 19 30
19 28 19 29
19 29 19 30
19 30 19 31
25 13 32 13
32 12 32 13
32 12 36 12
32 13 32 15
15 9 19 9
19 9 19 11
19 11 22 11
22 11 22 15
23 36 25 36
25 36 25 37
25 36 26 36
40 34 40 38
40 34 42 34
42 31 42 34
8 28 13 28
13 28 15 28
15 28 15 30
1 5 1 6
1 6 1 9
1 9 1 12
18 7 19 7
19 4 19 5
19 5 19 7
30 3 37 3
37 3 40 3
40 3 40 7
39 1 41 1
41 0 41 1
41 1 41 4
13 40 15 40
15 36 15 40
5 36 11 36
11 30 11 36
14 35 14 38
14 35 16 35
18 33 18 35
18 33 20 33
34 32 35 32
35 32 37 32
24 32 26 32
26 28 26 32
0 31 0 42
0 31 10 31
35 26 38 26
38 24 38 26
7 25 8 25
8 25 10 25
0 21 0 24
0 21 2 21
42 20 44 20
44 20 44 27
4 19 5 19
5 19 12 19
22 18 22 20
22 18 24 18
21 12 21 19
21 19 21 26
3 10 5 10
5 10 15 10
5 9 10 9
10 9 11 9
23 7 23 8
23 8 34 8
28 4 28 7
28 4 32 4
3 3 8 3
8 2 8 3
44 43 44 44
20 43 34 43
35 42 35 43
14 42 15 42
13 42 13 44
37 39 42 39
21 39 22 39
23 38 31 38
16 36 21 36
36 35 37 35
34 34 34 36
44 33 44 34
8 30 9 30
40 29 42 29
21 27 28 27
0 27 0 29
40 26 41 26
4 25 4 27
34 24 36 24
10 24 20 24
2 24 2 29
33 23 35 23
11 23 16 23
32 22 39 22
23 22 26 22
37 19 37 21
27 18 27 24
18 18 18 19
31 17 37 17
5 16 10 16
24 14 31 14
2 13 2 15
37 12 44 12
3 12 3 13
15 11 16 11
33 9 35 9
3 8 3 9
14 7 14 9
33 5 33 6
8 5 14 5
37 4 38 4
15 0 15 6
13 0 13 1
34
14 28 14 27
18 34 17 34
26 4 25 4
25 5 24 5
21 9 20 9
21 11 20 11
34 25 34 26
35 24 35 23
39 26 38 26
21 8 21 7
21 6 20 6
20 4 21 4
22 19 22 18
14 6 14 7
42 33 41 33
37 20 37 19
35 25 36 25
20 11 20 10
20 9 19 9
22 8 23 8
3 24 4 24
27 4 28 4
42 32 41 32
22 38 22 37
21 10 21 9
21 9 21 10
21 10 21 9
21 9 21 10
21 10 21 9
21 9 21 10
21 10 21 9
21 9 21 10
21 10 21 9
21 9 21 10
149
21 4 25 4
22 6 22 9
22 6 25 6
25 4 25 6
25 6 27 6
26 3 27 3
27 3 27 6
21 37 22 37
22 33 22 37
22 33 25 33
25 33 29 33
29 28 29 29
29 29 29 33
29 33 29 37
4 44 6 44
6 42 6 44
6 42 10 42
6 44 10 44
10 38 10 42
3 22 3 23
3 22 6 22
6 21 6 22
6 21 12 21
12 21 14 21
38 17 38 19
38 19 40 19
40 19 40 24
40 19 44 19
44 17 44 19
6 12 6 13
6 13 15 13
14 14 14 19
14 14 15 14
15 13 15 14
16 30 19 30
19 28 19 29
19 29 19 30
19 30 19 31
25 13 32 13
32 12 32 13
32 12 36 12
32 13 32 15
21 10 21 12
21 10 23 10
21 12 21 19
21 19 21 26
23 36 25 36
25 36 25 37
25 36 26 36
40 34 40 38
40 34 42 34
42 31 42 34
8 28 13 28
13 28 15 28
15 28 15 30
1 5 1 6
1 6 1 9
1 9 1 12
18 7 19 7
19 4 19 5
19 5 19 7
30 3 37 3
37 3 40 3
40 3 40 7
39 1 41 1
41 0 41 1
41 1 41 4
13 40 15 40
15 36 15 40
5 36 11 36
11 30 11 36
14 35 14 38
14 35 16 35
18 33 18 35
18 33 20 33
34 32 35 32
35 32 37 32
24 32 26 32
26 28 26 32
0 31 0 42
0 31 10 31
35 26 38 26
38 24 38 26
7 25 8 25
8 25 10 25
0 21 0 24
0 21 2 21
42 20 44 20
44 20 44 27
4 19 5 19
5 19 12 19
22 18 22 20
22 18 24 18
3 10 5 10
5 10 15 10
15 9 19 9
19 9 19 11
5 9 10 9
10 9 11 9
23 7 23 8
23 8 34 8
28 4 28 7
28 4 32 4
3 3 8 3
8 2 8 3
44 43 44 44
20 43 34 43
35 42 35 43
14 42 15 42
13 42 13 44
37 39 42 39
21 39 22 39
23 38 31 38
16 36 21 36
36 35 37 35
34 34 34 36
44 33 44 34
8 30 9 30
40 29 42 29
21 27 28 27
0 27 0 29
40 26 41 26
4 25 4 27
34 24 36 24
10 24 20 24
2 24 2 29
33 23 35 23
11 23 16 23
32 22 39 22
23 22 26 22
37 19 37 21
27 18 27 24
18 18 18 19
31 17 37 17
5 16 10 16
24 14 31 14
2 13 2 15
37 12 44 12
3 12 3 13
22 11 22 15
15 11 16 11
33 9 35 9
3 8 3 9
14 7 14 9
33 5 33 6
8 5 14 5
37 4 38 4
15 0 15 6
13 0 13 1
35
14 28 14 27
18 34 17 34
26 4 25 4
25 5 24 5
21 9 20 9
21 11 20 11
34 25 34 26
35 24 35 23
39 26 38 26
21 8 21 7
21 6 20 6
20 4 21 4
22 19 22 18
14 6 14 7
42 33 41 33
37 20 37 19
35 25 36 25
20 11 20 10
20 9 19 9
22 8 23 8
3 24 4 24
27 4 28 4
42 32 41 32
22 38 22 37
21 10 21 9
21 9 21 10
21 10 21 9
21 9 21 10
21 10 21 9
21 9 21 10
21 10 21 9
21 9 21 10
21 10 21 9
21 9 21 10
21 10 21 9
148
21 4 25 4
22 6 22 9
22 6 25 6
25 4 25 6
25 6 27 6
26 3 27 3
27 3 27 6
21 37 22 37
22 33 22 37
22 33 25 33
25 33 29 33
29 28 29 29
29 29 29 33
29 33 29 37
4 44 6 44
6 42 6 44
6 42 10 42
6 44 10 44
10 38 10 42
3 22 3 23
3 22 6 22
6 21 6 22
6 21 12 21
12 21 14 21
38 17 38 19
38 19 40 19
40 19 40 24
40 19 44 19
44 17 44 19
6 12 6 13
6 13 15 13
14 14 14 19
14 14 15 14
15 13 15 14
16 30 19 30
19 28 19 29
19 29 19 30
19 30 19 31
25 13 32 13
32 12 32 13
32 12 36 12
32 13 32 15
15 9 19 9
19 9 19 11
19 11 22 11
22 11 22 15
23 36 25 36
25 36 25 37
25 36 26 36
40 34 40 38
40 34 42 34
42 31 42 34
8 28 13 28
13 28 15 28
15 28 15 30
1 5 1 6
1 6 1 9
1 9 1 12
18 7 19 7
19 4 19 5
19 5 19 7
30 3 37 3
37 3 40 3
40 3 40 7
39 1 41 1
41 0 41 1
41 1 41 4
13 40 15 40
15 36 15 40
5 36 11 36
11 30 11 36
14 35 14 38
14 35 16 35
18 33 18 35
18 33 20 33
34 32 35 32
35 32 37 32
24 32 26 32
26 28 26 32
0 31 0 42
0 31 10 31
35 26 38 26
38 24 38 26
7 25 8 25
8 25 10 25
0 21 0 24
0 21 2 21
42 20 44 20
44 20 44 27
4 19 5 19
5 19 12 19
22 18 22 20
22 18 24 18
21 12 21 19
21 19 21 26
3 10 5 10
5 10 15 10
5 9 10 9
10 9 11 9
23 7 23 8
23 8 34 8
28 4 28 7
28 4 32 4
3 3 8 3
8 2 8 3
44 43 44 44
20 43 34 43
35 42 35 43
14 42 15 42
13 42 13 44
37 39 42 39
21 39 22 39
23 38 31 38
16 36 21 36
36 35 37 35
34 34 34 36
44 33 44 34
8 30 9 30
40 29 42 29
21 27 28 27
0 27 0 29
40 26 41 26
4 25 4 27
34 24 36 24
10 24 20 24
2 24 2 29
33 23 35 23
11 23 16 23
32 22 39 22
23 22 26 22
37 19 37 21
27 18 27 24
18 18 18 19
31 17 37 17
5 16 10 16
24 14 31 14
2 13 2 15
37 12 44 12
3 12 3 13
15 11 16 11
33 9 35 9
3 8 3 9
14 7 14 9
33 5 33 6
8 5 14 5
37 4 38 4
15 0 15 6
13 0 13 1
36
14 28 14 27
18 34 17 34
26 4 25 4
25 5 24 5
21 9 20 9
21 11 20 11
34 25 34 26
35 24 35 23
39 26 38 26
21 8 21 7
21 6 20 6
20 4 21 4
22 19 22 18
14 6 14 7
42 33 41 33
37 20 37 19
35 25 36 25
20 11 20 10
20 9 19 9
22 8 23 8
3 24 4 24
27 4 28 4
42 32 41 32
22 38 22 37
21 10 21 9
21 9 21 10
21 10 21 9
21 9 21 10
21 10 21 9
21 9 21 10
21 10 21 9
21 9 21 10
21 10 21 9
21 9 21 10
21 10 21 9
21 9 21 10
149
21 4 25 4
22 6 22 9
22 6 25 6
25 4 25 6
25 6 27 6
26 3 27 3
27 3 27 6
21 37 22 37
22 33 22 37
22 33 25 33
25 33 29 33
29 28 29 29
29 29 29 33
29 33 29 37
4 44 6 44
6 42 6 44
6 42 10 42
6 44 10 44
10 38 10 42
3 22 3 23
3 22 6 22
6 21 6 22
6 21 12 21
12 21 14 21
38 17 38 19
38 19 40 19
40 19 40 24
40 19 44 19
44 17 44 19
6 12 6 13
6 13 15 13
14 14 14 19
14 14 15 14
15 13 15 14
16 30 19 30
19 28 19 29
19 29 19 30
19 30 19 31
25 13 32 13
32 12 32 13
32 12 36 12
32 13 32 15
21 10 21 12
21 10 23 10
21 12 21 19
21 19 21 26
23 36 25 36
25 36 25 37
25 36 26 36
40 34 40 38
40 34 42 34
42 31 42 34
8 28 13 28
13 28 15 28
15 28 15 30
1 5 1 6
1 6 1 9
1 9 1 12
18 7 19 7
19 4 19 5
19 5 19 7
30 3 37 3
37 3 40 3
40 3 40 7
39 1 41 1
41 0 41 1
41 1 41 4
13 40 15 40
15 36 15 40
5 36 11 36
11 30 11 36
14 35 14 38
14 35 16 35
18 33 18 35
18 33 20 33
34 32 35 32
35 32 37 32
24 32 26 32
26 28 26 32
0 31 0 42
0 31 10 31
35 26 38 26
38 24 38 26
7 25 8 25
8 25 10 25
0 21 0 24
0 21 2 21
42 20 44 20
44 20 44 27
4 19 5 19
5 19 12 19
22 18 22 20
22 18 24 18
3 10 5 10
5 10 15 10
15 9 19 9
19 9 19 11
5 9 10 9
10 9 11 9
23 7 23 8
23 8 34 8
28 4 28 7
28 4 32 4
3 3 8 3
8 2 8 3
44 43 44 44
20 43 34 43
35 42 35 43
14 42 15 42
13 42 13 44
37 39 42 39
21 39 22 39
23 38 31 38
16 36 21 36
36 35 37 35
34 34 34 36
44 33 44 34
8 30 9 30
40 29 42 29
21 27 28 27
0 27 0 29
40 26 41 26
4 25 4 27
34 24 36 24
10 24 20 24
2 24 2 29
33 23 35 23
11 23 16 23
32 22 39 22
23 22 26 22
37 19 37 21
27 18 27 24
18 18 18 19
31 17 37 17
5 16 10 16
24 14 31 14
2 13 2 15
37 12 44 12
3 12 3 13
22 11 22 15
15 11 16 11
33 9 35 9
3 8 3 9
14 7 14 9
33 5 33 6
8 5 14 5
37 4 38 4
15 0 15 6
13 0 13 1
37
14 28 14 27
18 34 17 34
26 4 25 4
25 5 24 5
21 9 20 9
21 11 20 11
34 25 34 26
35 24 35 23
39 26 38 26
21 8 21 7
21 6 20 6
20 4 21 4
22 19 22 18
14 6 14 7
42 33 41 33
37 20 37 19
35 25 36 25
20 11 20 10
20 9 19 9
22 8 23 8
3 24 4 24
27 4 28 4
42 32 41 32
22 38 22 37
21 10 21 9
21 9 21 10
21 10 21 9
21 9 21 10
21 10 21 9
21 9 21 10
21 10 21 9
21 9 21 10
21 10 21 9
21 9 21 10
21 10 21 9
21 9 21 10
21 10 21 9
148
21 4 25 4
22 6 22 9
22 6 25 6
25 4 25 6
25 6 27 6
26 3 27 3
27 3 27 6
21 37 22 37
22 33 22 37
22 33 25 33
25 33 29 33
29 28 29 29
29 29 29 33
29 33 29 37
4 44 6 44
6 42 6 44
6 42 10 42
6 44 10 44
10 38 10 42
3 22 3 23
3 22 6 22
6 21 6 22
6 21 12 21
12 21 14 21
38 17 38 19
38 19 40 19
40 19 40 24
40 19 44 19
44 17 44 19
6 12 6 13
6 13 15 13
14 14 14 19
14 14 15 14
15 13 15 14
16 30 19 30
19 28 19 29
19 29 19 30
19 30 19 31
25 13 32 13
32 12 32 13
32 12 36 12
32 13 32 15
15 9 19 9
19 9 19 11
19 11 22 11
22 11 22 15
23 36 25 36
25 36 25 37
25 36 26 36
40 34 40 38
40 34 42 34
42 31 42 34
8 28 13 28
13 28 15 28
15 28 15 30
1 5 1 6
1 6 1 9
1 9 1 12
18 7 19 7
19 4 19 5
19 5 19 7
30 3 37 3
37 3 40 3
40 3 40 7
39 1 41 1
41 0 41 1
41 1 41 4
13 40 15 40
15 36 15 40
5 36 11 36
11 30 11 36
14 35 14 38
14 35 16 35
18 33 18 35
18 33 20 33
34 32 35 32
35 32 37 32
24 32 26 32
26 28 26 32
0 31 0 42
0 31 10 31
35 26 38 26
38 24 38 26
7 25 8 25
8 25 10 25
0 21 0 24
0 21 2 21
42 20 44 20
44 20 44 27
4 19 5 19
5 19 12 19
22 18 22 20
22 18 24 18
21 12 21 19
21 19 21 26
3 10 5 10
5 10 15 10
5 9 10 9
10 9 11 9
23 7 23 8
23 8 34 8
28 4 28 7
28 4 32 4
3 3 8 3
8 2 8 3
44 43 44 44
20 43 34 43
35 42 35 43
14 42 15 42
13 42 13 44
37 39 42 39
21 39 22 39
23 38 31 38
16 36 21 36
36 35 37 35
34 34 34 36
44 33 44 34
8 30 9 30
40 29 42 29
21 27 28 27
0 27 0 29
40 26 41 26
4 25 4 27
34 24 36 24
10 24 20 24
2 24 2 29
33 23 35 23
11 23 16 23
32 22 39 22
23 22 26 22
37 19 37 21
27 18 27 24
18 18 18 19
31 17 37 17
5 16 10 16
24 14 31 14
2 13 2 15
37 12 44 12
3 12 3 13
15 11 16 11
33 9 35 9
3 8 3 9
14 7 14 9
33 5 33 6
8 5 14 5
37 4 38 4
15 0 15 6
13 0 13 1
38
14 28 14 27
18 34 17 34
26 4 25 4
25 5 24 5
21 9 20 9
21 11 20 11
34 25 34 26
35 24 35 23
39 26 38 26
21 8 21 7
21 6 20 6
20 4 21 4
22 19 22 18
14 6 14 7
42 33 41 33
37 20 37 19
35 25 36 25
20 11 20 10
20 9 19 9
22 8 23 8
3 24 4 24
27 4 28 4
42 32 41 32
22 38 22 37
21 10 21 9
21 9 21 10
21 10 21 9
21 9 21 10
21 10 21 9
21 9 21 10
21 10 21 9
21 9 21 10
21 10 21 9
21 9 21 10
21 10 21 9
21 9 21 10
21 10 21 9
21 9 21 10
149
21 4 25 4
22 6 22 9
22 6 25 6
25 4 25 6
25 6 27 6
26 3 27 3
27 3 27 6
21 37 22 37
22 33 22 37
22 33 25 33
25 33 29 33
29 28 29 29
29 29 29 33
29 33 29 37
4 44 6 44
6 42 6 44
6 42 10 42
6 44 10 44
10 38 10 42
3 22 3 23
3 22 6 22
6 21 6 22
6 21 12 21
12 21 14 21
38 17 38 19
38 19 40 19
40 19 40 24
40 19 44 19
44 17 44 19
6 12 6 13
6 13 15 13
14 14 14 19
14 14 15 14
15 13 15 14
16 30 19 30
19 28 19 29
19 29 19 30
19 30 19 31
25 13 32 13
32 12 32 13
32 12 36 12
32 13 32 15
21 10 21 12
21 10 23 10
21 12 21 19
21 19 21 26
23 36 25 36
25 36 25 37
25 36 26 36
40 34 40 38
40 34 42 34
42 31 42 34
8 28 13 28
13 28 15 28
15 28 15 30
1 5 1 6
1 6 1 9
1 9 1 12
18 7 19 7
19 4 19 5
19 5 19 7
30 3 37 3
37 3 40 3
40 3 40 7
39 1 41 1
41 0 41 1
41 1 41 4
13 40 15 40
15 36 15 40
5 36 11 36
11 30 11 36
14 35 14 38
14 35 16 35
18 33 18 35
18 33 20 33
34 32 35 32
35 32 37 32
24 32 26 32
26 28 26 32
0 31 0 42
0 31 10 31
35 26 38 26
38 24 38 26
7 25 8 25
8 25 10 25
0 21 0 24
0 21 2 21
42 20 44 20
44 20 44 27
4 19 5 19
5 19 12 19
22 18 22 20
22 18 24 18
3 10 5 10
5 10 15 10
15 9 19 9
19 9 19 11
5 9 10 9
10 9 11 9
23 7 23 8
23 8 34 8
28 4 28 7
28 4 32 4
3 3 8 3
8 2 8 3
44 43 44 44
20 43 34 43
35 42 35 43
14 42 15 42
13 42 13 44
37 39 42 39
21 39 22 39
23 38 31 38
16 36 21 36
36 35 37 35
34 34 34 36
44 33 44 34
8 30 9 30
40 29 42 29
21 27 28 27
0 27 0 29
40 26 41 26
4 25 4 27
34 24 36 24
10 24 20 24
2 24 2 29
33 23 35 23
11 23 16 23
32 22 39 22
23 22 26 22
37 19 37 21
27 18 27 24
18 18 18 19
31 17 37 17
5 16 10 16
24 14 31 14
2 13 2 15
37 12 44 12
3 12 3 13
22 11 22 15
15 11 16 11
33 9 35 9
3 8 3 9
14 7 14 9
33 5 33 6
8 5 14 5
37 4 38 4
15 0 15 6
13 0 13 1
39
14 28 14 27
18 34 17 34
26 4 25 4
25 5 24 5
21 9 20 9
21 11 20 11
34 25 34 26
35 24 35 23
39 26 38 26
21 8 21 7
21 6 20 6
20 4 21 4
22 19 22 18
14 6 14 7
42 33 41 33
37 20 37 19
35 25 36 25
20 11 20 10
20 9 19 9
22 8 23 8
3 24 4 24
27 4 28 4
42 32 41 32
22 38 22 37
21 10 21 9
21 9 21 10
21 10 21 9
21 9 21 10
21 10 21 9
21 9 21 10
21 10 21 9
21 9 21 10
21 10 21 9
21 9 21 10
21 10 21 9
21 9 21 10
21 10 21 9
21 9 21 10
21 10 21 9
148
21 4 25 4
22 6 22 9
22 6 25 6
25 4 25 6
25 6 27 6
26 3 27 3
27 3 27 6
21 37 22 37
22 33 22 37
22 33 25 33
25 33 29 33
29 28 29 29
29 29 29 33
29 33 29 37
4 44 6 44
6 42 6 44
6 42 10 42
6 44 10 44
10 38 10 42
3 22 3 23
3 22 6 22
6 21 6 22
6 21 12 21
12 21 14 21
38 17 38 19
38 19 40 19
40 19 40 24
40 19 44 19
44 17 44 19
6 12 6 13
6 13 15 13
14 14 14 19
14 14 15 14
15 13 15 14
16 30 19 30
19 28 19 29
19 29 19 30
19 30 19 31
25 13 32 13
32 12 32 13
32 12 36 12
32 13 32 15
15 9 19 9
19 9 19 11
19 11 22 11
22 11 22 15
23 36 25 36
25 36 25 37
25 36 26 36
40 34 40 38
40 34 42 34
42 31 42 34
8 28 13 28
13 28 15 28
15 28 15 30
1 5 1 6
1 6 1 9
1 9 1 12
18 7 19 7
19 4 19 5
19 5 19 7
30 3 37 3
37 3 40 3
40 3 40 7
39 1 41 1
41 0 41 1
41 1 41 4
13 40 15 40
15 36 15 40
5 36 11 36
11 30 11 36
14 35 14 38
14 35 16 35
18 33 18 35
18 33 20 33
34 32 35 32
35 32 37 32
24 32 26 32
26 28 26 32
0 31 0 42
0 31 10 31
35 26 38 26
38 24 38 26
7 25 8 25
8 25 10 25
0 21 0 24
0 21 2 21
42 20 44 20
44 20 44 27
4 19 5 19
5 19 12 19
22 18 22 20
22 18 24 18
21 12 21 19
21 19 21 26
3 10 5 10
5 10 15 10
5 9 10 9
10 9 11 9
23 7 23 8
23 8 34 8
28 4 28 7
28 4 32 4
3 3 8 3
8 2 8 3
44 43 44 44
20 43 34 43
35 42 35 43
14 42 15 42
13 42 13 44
37 39 42 39
21 39 22 39
23 38 31 38
16 36 21 36
36 35 37 35
34 34 34 36
44 33 44 34
8 30 9 30
40 29 42 29
21 27 28 27
0 27 0 29
40 26 41 26
4 25 4 27
34 24 36 24
10 24 20 24
2 24 2 29
33 23 35 23
11 23 16 23
32 22 39 22
23 22 26 22
37 19 37 21
27 18 27 24
18 18 18 19
31 17 37 17
5 16 10 16
24 14 31 14
2 13 2 15
37 12 44 12
3 12 3 13
15 11 16 11
33 9 35 9
3 8 3 9
14 7 14 9
33 5 33 6
8 5 14 5
37 4 38 4
15 0 15 6
13 0 13 1
40
14 28 14 27
18 34 17 34
26 4 25 4
25 5 24 5
21 9 20 9
21 11 20 11
34 25 34 26
35 24 35 23
39 26 38 26
21 8 21 7
21 6 20 6
20 4 21 4
22 19 22 18
14 6 14 7
42 33 41 33
37 20 37 19
35 25 36 25
20 11 20 10
20 9 19 9
22 8 23 8
3 24 4 24
27 4 28 4
42 32 41 32
22 38 22 37
21 10 21 9
21 9 21 10
21 10 21 9
21 9 21 10
21 10 21 9
21 9 21 10
21 10 21 9
21 9 21 10
21 10 21 9
21 9 21 10
21 10 21 9
21 9 21 10
21 10 21 9
21 9 21 10
21 10 21 9
21 9 21 10
149
21 4 25 4
22 6 22 9
22 6 25 6
25 4 25 6
25 6 27 6
26 3 27 3
27 3 27 6
21 37 22 37
22 33 22 37
22 33 25 33
25 33 29 33
29 28 29 29
29 29 29 33
29 33 29 37
4 44 6 44
6 42 6 44
6 42 10 42
6 44 10 44
10 38 10 42
3 22 3 23
3 22 6 22
6 21 6 22
6 21 12 21
12 21 14 21
38 17 38 19
38 19 40 19
40 19 40 24
40 19 44 19
44 17 44 19
6 12 6 13
6 13 15 13
14 14 14 19
14 14 15 14
15 13 15 14
16 30 19 30
19 28 19 29
19 29 19 30
19 30 19 31
25 13 32 13
32 12 32 13
32 12 36 12
32 13 32 15
21 10 21 12
21 10 23 10
21 12 21 19
21 19 21 26
23 36 25 36
25 36 25 37
25 36 26 36
40 34 40 38
40 34 42 34
42 31 42 34
8 28 13 28
13 28 15 28
15 28 15 30
1 5 1 6
1 6 1 9
1 9 1 12
18 7 19 7
19 4 19 5
19 5 19 7
30 3 37 3
37 3 40 3
40 3 40 7
39 1 41 1
41 0 41 1
41 1 41 4
13 40 15 40
15 36 15 40
5 36 11 36
11 30 11 36
14 35 14 38
14 35 16 35
18 33 18 35
18 33 20 33
34 32 35 32
35 32 37 32
24 32 26 32
26 28 26 32
0 31 0 42
0 31 10 31
35 26 38 26
38 24 38 26
7 25 8 25
8 25 10 25
0 21 0 24
0 21 2 21
42 20 44 20
44 20 44 27
4 19 5 19
5 19 12 19
22 18 22 20
22 18 24 18
3 10 5 10
5 10 15 10
15 9 19 9
19 9 19 11
5 9 10 9
10 9 11 9
23 7 23 8
23 8 34 8
28 4 28 7
28 4 32 4
3 3 8 3
8 2 8 3
44 43 44 44
20 43 34 43
35 42 35 43
14 42 15 42
13 42 13 44
37 39 42 39
21 39 22 39
23 38 31 38
16 36 21 36
36 35 37 35
34 34 34 36
44 33 44 34
8 30 9 30
40 29 42 29
21 27 28 27
0 27 0 29
40 26 41 26
4 25 4 27
34 24 36 24
10 24 20 24
2 24 2 29
33 23 35 23
11 23 16 23
32 22 39 22
23 22 26 22
37 19 37 21
27 18 27 24
18 18 18 19
31 17 37 17
5 16 10 16
24 14 31 14
2 13 2 15
37 12 44 12
3 12 3 13
22 11 22 15
15 11 16 11
33 9 35 9
3 8 3 9
14 7 14 9
33 5 33 6
8 5 14 5
37 4 38 4
15 0 15 6
13 0 13 1
41
14 28 14 27
18 34 17 34
26 4 25 4
25 5 24 5
21 9 20 9
21 11 20 11
34 25 34 26
35 24 35 23
39 26 38 26
21 8 21 7
21 6 20 6
20 4 21 4
22 19 22 18
14 6 14 7
42 33 41 33
37 20 37 19
35 25 36 25
20 11 20 10
20 9 19 9
22 8 23 8
3 24 4 24
27 4 28 4
42 32 41 32
22 38 22 37
21 10 21 9
21 9 21 10
21 10 21 9
21 9 21 10
21 10 21 9
21 9 21 10
21 10 21 9
21 9 21 10
21 10 21 9
21 9 21 10
21 10 21 9
21 9 21 10
21 10 21 9
21 9 21 10
21 10 21 9
21 9 21 10
21 10 21 9
148
21 4 25 4
22 6 22 9
22 6 25 6
25 4 25 6
25 6 27 6
26 3 27 3
27 3 27 6
21 37 22 37
22 33 22 37
22 33 25 33
25 33 29 33
29 28 29 29
29 29 29 33
29 33 29 37
4 44 6 44
6 42 6 44
6 42 10 42
6 44 10 44
10 38 10 42
3 22 3 23
3 22 6 22
6 21 6 22
6 21 12 21
12 21 14 21
38 17 38 19
38 19 40 19
40 19 40 24
40 19 44 19
44 17 44 19
6 12 6 13
6 13 15 13
14 14 14 19
14 14 15 14
15 13 15 14
16 30 19 30
19 28 19 29
19 29 19 30
19 30 19 31
25 13 32 13
32 12 32 13
32 12 36 12
32 13 32 15
15 9 19 9
19 9 19 11
19 11 22 11
22 11 22 15
23 36 25 36
25 36 25 37
25 36 26 36
40 34 40 38
40 34 42 34
42 31 42 34
8 28 13 28
13 28 15 28
15 28 15 30
1 5 1 6
1 6 1 9
1 9 1 12
18 7 19 7
19 4 19 5
19 5 19 7
30 3 37 3
37 3 40 3
40 3 40 7
39 1 41 1
41 0 41 1
41 1 41 4
13 40 15 40
15 36 15 40
5 36 11 36
11 30 11 36
14 35 14 38
14 35 16 35
18 33 18 35
18 33 20 33
34 32 35 32
35 32 37 32
24 32 26 32
26 28 26 32
0 31 0 42
0 31 10 31
35 26 38 26
38 24 38 26
7 25 8 25
8 25 10 25
0 21 0 24
0 21 2 21
42 20 44 20
44 20 44 27
4 19 5 19
5 19 12 19
22 18 22 20
22 18 24 18
21 12 21 19
21 19 21 26
3 10 5 10
5 10 15 10
5 9 10 9
10 9 11 9
23 7 23 8
23 8 34 8
28 4 28 7
28 4 32 4
3 3 8 3
8 2 8 3
44 43 44 44
20 43 34 43
35 42 35 43
14 42 15 42
13 42 13 44
37 39 42 39
21 39 22 39
23 38 31 38
16 36 21 36
36 35 37 35
34 34 34 36
44 33 44 34
8 30 9 30
40 29 42 29
21 27 28 27
0 27 0 29
40 26 41 26
4 25 4 27
34 24 36 24
10 24 20 24
2 24 2 29
33 23 35 23
11 23 16 23
32 22 39 22
23 22 26 22
37 19 37 21
27 18 27 24
18 18 18 19
31 17 37 17
5 16 10 16
24 14 31 14
2 13 2 15
37 12 44 12
3 12 3 13
15 11 16 11
33 9 35 9
3 8 3 9
14 7 14 9
33 5 33 6
8 5 14 5
37 4 38 4
15 0 15 6
13 0 13 1
42
14 28 14 27
18 34 17 34
26 4 25 4
25 5 24 5
21 9 20 9
21 11 20 11
34 25 34 26
35 24 35 23
39 26 38 26
21 8 21 7
21 6 20 6
20 4 21 4
22 19 22 18
14 6 14 7
42 33 41 33
37 20 37 19
35 25 36 25
20 11 20 10
20 9 19 9
22 8 23 8
3 24 4 24
27 4 28 4
42 32 41 32
22 38 22 37
21 10 21 9
21 9 21 10
21 10 21 9
21 9 21 10
21 10 21 9
21 9 21 10
21 10 21 9
21 9 21 10
21 10 21 9
21 9 21 10
21 10 21 9
21 9 21 10
21 10 21 9
21 9 21 10
21 10 21 9
21 9 21 10
21 10 21 9
21 9 21 10
149
21 4 25 4
22 6 22 9
22 6 25 6
25 4 25 6
25 6 27 6
26 3 27 3
27 3 27 6
21 37 22 37
22 33 22 37
22 33 25 33
25 33 29 33
29 28 29 29
29 29 29 33
29 33 29 37
4 44 6 44
6 42 6 44
6 42 10 42
6 44 10 44
10 38 10 42
3 22 3 23
3 22 6 22
6 21 6 22
6 21 12 21
12 21 14 21
38 17 38 19
38 19 40 19
40 19 40 24
40 19 44 19
44 17 44 19
6 12 6 13
6 13 15 13
14 14 14 19
14 14 15 14
15 13 15 14
16 30 19 30
19 28 19 29
19 29 19 30
19 30 19 31
25 13 32 13
32 12 32 13
32 12 36 12
32 13 32 15
21 10 21 12
21 10 23 10
21 12 21 19
21 19 21 26
23 36 25 36
25 36 25 37
25 36 26 36
40 34 40 38
40 34 42 34
42 31 42 34
8 28 13 28
13 28 15 28
15 28 15 30
1 5 1 6
1 6 1 9
1 9 1 12
18 7 19 7
19 4 19 5
19 5 19 7
30 3 37 3
37 3 40 3
40 3 40 7
39 1 41 1
41 0 41 1
41 1 41 4
13 40 15 40
15 36 15 40
5 36 11 36
11 30 11 36
14 35 14 38
14 35 16 35
18 33 18 35
18 33 20 33
34 32 35 32
35 32 37 32
24 32 26 32
26 28 26 32
0 31 0 42
0 31 10 31
35 26 38 26
38 24 38 26
7 25 8 25
8 25 10 25
0 21 0 24
0 21 2 21
42 20 44 20
44 20 44 27
4 19 5 19
5 19 12 19
22 18 22 20
22 18 24 18
3 10 5 10
5 10 15 10
15 9 19 9
19 9 19 11
5 9 10 9
10 9 11 9
23 7 23 8
23 8 34 8
28 4 28 7
28 4 32 4
3 3 8 3
8 2 8 3
44 43 44 44
20 43 34 43
35 42 35 43
14 42 15 42
13 42 13 44
37 39 42 39
21 39 22 39
23 38 31 38
16 36 21 36
36 35 37 35
34 34 34 36
44 33 44 34
8 30 9 30
40 29 42 29
21 27 28 27
0 27 0 29
40 26 41 26
4 25 4 27
34 24 36 24
10 24 20 24
2 24 2 29
33 23 35 23
11 23 16 23
32 22 39 22
23 22 26 22
37 19 37 21
27 18 27 24
18 18 18 19
31 17 37 17
5 16 10 16
24 14 31 14
2 13 2 15
37 12 44 12
3 12 3 13
22 11 22 15
15 11 16 11
33 9 35 9
3 8 3 9
14 7 14 9
33 5 33 6
8 5 14 5
37 4 38 4
15 0 15 6
13 0 13 1
6
14 28 14 27
18 34 17 34
26 4 25 4
25 5 24 5
21 9 20 9
21 11 20 11
150
22 33 22 38
22 33 25 33
22 38 23 38
23 38 31 38
25 33 29 33
29 28 29 29
29 29 29 33
29 33 29 37
33 9 35 9
35 9 35 19
35 19 38 19
38 17 38 19
38 19 40 19
40 19 40 24
40 19 44 19
44 17 44 19
3 22 3 23
3 22 6 22
3 23 3 24
6 21 6 22
6 21 12 21
12 21 14 21
4 44 6 44
6 42 6 44
6 42 10 42
6 44 10 44
10 38 10 42
6 12 6 13
6 13 15 13
14 14 14 19
14 14 15 14
15 13 15 14
12 3 12 7
12 7 18 7
18 7 19 7
19 4 19 5
19 5 19 7
20 4 25 4
22 6 25 6
25 4 25 6
25 6 27 6
16 30 19 30
19 28 19 29
19 29 19 30
19 30 19 31
21 10 21 12
21 10 23 10
21 12 21 19
21 19 21 26
23 36 25 36
25 36 25 37
25 36 26 36
8 28 13 28
13 28 15 28
15 28 15 30
29 26 35 26
35 26 39 26
39 26 39 27
25 13 32 13
32 12 32 13
32 13 32 15
1 5 1 6
1 6 1 9
1 9 1 12
30 3 37 3
37 3 40 3
40 3 40 7
39 1 41 1
41 0 41 1
41 1 41 4
13 40 15 40
15 36 15 40
5 36 11 36
11 30 11 36
14 35 14 38
14 35 16 35
40 34 40 38
40 34 42 34
18 33 18 35
18 33 20 33
34 32 35 32
35 32 37 32
24 32 26 32
26 28 26 32
0 31 0 42
0 31 10 31
34 25 35 25
35 25 39 25
7 25 8 25
8 25 10 25
34 24 35 24
35 24 36 24
0 21 0 24
0 21 2 21
42 20 44 20
44 20 44 27
4 19 5 19
5 19 12 19
3 10 5 10
5 10 15 10
15 9 20 9
20 8 20 9
5 9 10 9
10 9 11 9
21 8 22 8
22 8 34 8
3 3 8 3
8 2 8 3
44 43 44 44
20 43 34 43
35 42 35 43
14 42 15 42
13 42 13 44
37 39 42 39
21 39 22 39
16 36 21 36
36 35 37 35
34 34 34 36
44 33 44 34
8 30 9 30
40 29 42 29
21 27 28 27
0 27 0 29
40 26 41 26
4 25 4 27
10 24 20 24
2 24 2 29
11 23 16 23
32 22 39 22
23 22 26 22
37 20 37 21
22 19 22 20
27 18 27 24
18 18 18 19
23 16 23 19
5 16 10 16
33 15 33 19
24 14 31 14
2 13 2 15
37 12 44 12
3 12 3 13
22 11 22 15
15 11 16 11
3 8 3 9
33 5 33 6
37 4 38 4
27 4 32 4
26 3 27 3
15 0 15 6
13 0 13 1
