0
161
24 23 26 23
26 20 26 23
26 23 31 23
27 25 31 25
29 6 33 6
31 10 31 12
31 10 33 10
31 12 31 23
31 12 32 12
31 23 31 25
31 25 34 25
33 6 33 10
33 6 35 6
33 10 34 10
9 14 9 17
9 14 13 14
9 17 12 17
11 15 13 15
13 14 13 15
13 15 14 15
14 11 14 13
14 13 14 15
8 26 8 28
8 26 16 26
16 19 16 21
16 21 16 22
16 22 16 26
16 26 16 31
16 31 25 31
10 29 10 36
10 29 12 29
10 36 10 37
11 32 12 32
12 29 12 32
12 29 13 29
1 15 1 16
1 15 4 15
1 16 1 18
1 18 1 23
1 23 1 24
1 23 2 23
6 19 6 24
6 24 9 24
9 24 9 25
9 25 10 25
16 36 17 36
17 36 19 36
19 36 20 36
8 21 15 21
15 18 15 19
15 19 15 21
23 12 23 13
23 12 24 12
24 12 24 14
35 10 36 10
36 10 36 13
36 13 36 16
1 10 1 11
1 11 1 13
1 13 2 13
9 7 9 8
9 7 11 7
11 7 11 8
4 17 5 17
5 6 5 12
5 12 5 17
26 5 28 5
28 5 28 6
28 6 28 7
23 35 26 35
26 35 28 35
18 34 18 35
18 34 21 34
33 30 35 30
35 29 35 30
26 30 30 30
30 27 30 30
1 28 3 28
3 27 3 28
29 26 29 28
29 28 29 29
18 26 20 26
20 26 20 29
19 16 19 17
19 17 19 23
29 15 29 16
29 16 29 18
16 11 16 12
16 12 16 15
8 9 8 12
8 12 9 12
10 6 17 6
17 6 17 8
26 3 26 4
26 3 27 3
7 3 7 4
7 3 11 3
0 3 1 3
1 3 6 3
18 2 18 3
18 3 21 3
0 2 1 2
1 2 4 2
28 37 33 37
19 37 21 37
8 36 9 36
22 33 22 37
11 33 11 35
19 32 21 32
14 32 18 32
37 30 37 31
8 30 8 31
6 30 6 36
21 29 23 29
10 27 11 27
35 26 37 26
32 26 32 28
0 26 0 30
1 25 2 25
26 24 28 24
11 24 14 24
22 23 22 24
28 22 30 22
33 20 33 22
28 20 30 20
27 20 27 22
32 19 32 22
22 19 22 22
36 18 36 21
13 18 13 19
18 16 18 20
17 16 17 17
30 14 30 17
18 13 18 14
33 12 33 13
25 11 25 14
20 10 26 10
3 10 4 10
0 10 0 13
21 9 23 9
11 9 16 9
32 8 32 9
27 8 27 13
31 7 31 8
36 6 37 6
18 6 18 9
1 6 2 6
33 4 35 4
13 4 14 4
9 4 12 4
30 3 30 5
25 2 25 6
20 2 22 2
15 2 15 3
18 1 26 1
10 1 13 1
0 1 4 1
31 0 33 0
27 0 30 0
22 0 25 0
16 0 16 1
1
32 8 33 8
160
24 23 26 23
26 20 26 23
26 23 31 23
27 25 31 25
31 10 31 12
31 10 33 10
31 12 31 23
31 12 32 12
31 23 31 25
31 25 34 25
33 10 34 10
9 14 9 17
9 14 13 14
9 17 12 17
11 15 13 15
13 14 13 15
13 15 14 15
14 11 14 13
14 13 14 15
8 26 8 28
8 26 16 26
16 19 16 21
16 21 16 22
16 22 16 26
16 26 16 31
16 31 25 31
10 29 10 36
10 29 12 29
10 36 10 37
11 32 12 32
12 29 12 32
12 29 13 29
1 15 1 16
1 15 4 15
1 16 1 18
1 18 1 23
1 23 1 24
1 23 2 23
6 19 6 24
6 24 9 24
9 24 9 25
9 25 10 25
16 36 17 36
17 36 19 36
19 36 20 36
8 21 15 21
15 18 15 19
15 19 15 21
23 12 23 13
23 12 24 12
24 12 24 14
35 10 36 10
36 10 36 13
36 13 36 16
1 10 1 11
1 11 1 13
1 13 2 13
9 7 9 8
9 7 11 7
11 7 11 8
4 17 5 17
5 6 5 12
5 12 5 17
26 5 28 5
28 5 28 6
28 6 28 7
23 35 26 35
26 35 28 35
18 34 18 35
18 34 21 34
33 30 35 30
35 29 35 30
26 30 30 30
30 27 30 30
1 28 3 28
3 27 3 28
29 26 29 28
29 28 29 29
18 26 20 26
20 26 20 29
19 16 19 17
19 17 19 23
29 15 29 16
29 16 29 18
16 11 16 12
16 12 16 15
8 9 8 12
8 12 9 12
29 6 33 6
33 6 35 6
10 6 17 6
17 6 17 8
26 3 26 4
26 3 27 3
7 3 7 4
7 3 11 3
0 3 1 3
1 3 6 3
18 2 18 3
18 3 21 3
0 2 1 2
1 2 4 2
28 37 33 37
19 37 21 37
8 36 9 36
22 33 22 37
11 33 11 35
19 32 21 32
14 32 18 32
37 30 37 31
8 30 8 31
6 30 6 36
21 29 23 29
10 27 11 27
35 26 37 26
32 26 32 28
0 26 0 30
1 25 2 25
26 24 28 24
11 24 14 24
22 23 22 24
28 22 30 22
33 20 33 22
28 20 30 20
27 20 27 22
32 19 32 22
22 19 22 22
36 18 36 21
13 18 13 19
18 16 18 20
17 16 17 17
30 14 30 17
18 13 18 14
33 12 33 13
25 11 25 14
20 10 26 10
3 10 4 10
0 10 0 13
32 9 37 9
21 9 23 9
11 9 16 9
27 8 27 13
31 7 31 8
36 6 37 6
18 6 18 9
1 6 2 6
33 4 35 4
13 4 14 4
9 4 12 4
30 3 30 5
25 2 25 6
20 2 22 2
15 2 15 3
18 1 26 1
10 1 13 1
0 1 4 1
31 0 33 0
27 0 30 0
22 0 25 0
16 0 16 1
2
32 8 33 8
31 7 31 6
161
24 23 26 23
26 20 26 23
26 23 31 23
27 25 31 25
31 10 31 12
31 10 33 10
31 12 31 23
31 12 32 12
31 23 31 25
31 25 34 25
33 10 34 10
9 14 9 17
9 14 13 14
9 17 12 17
11 15 13 15
13 14 13 15
13 15 14 15
14 11 14 13
14 13 14 15
8 26 8 28
8 26 16 26
16 19 16 21
16 21 16 22
16 22 16 26
16 26 16 31
16 31 25 31
10 29 10 36
10 29 12 29
10 36 10 37
11 32 12 32
12 29 12 32
12 29 13 29
1 15 1 16
1 15 4 15
1 16 1 18
1 18 1 23
1 23 1 24
1 23 2 23
6 19 6 24
6 24 9 24
9 24 9 25
9 25 10 25
16 36 17 36
17 36 19 36
19 36 20 36
8 21 15 21
15 18 15 19
15 19 15 21
23 12 23 13
23 12 24 12
24 12 24 14
35 10 36 10
36 10 36 13
36 13 36 16
1 10 1 11
1 11 1 13
1 13 2 13
9 7 9 8
9 7 11 7
11 7 11 8
4 17 5 17
5 6 5 12
5 12 5 17
26 5 28 5
28 5 28 6
28 6 28 7
23 35 26 35
26 35 28 35
18 34 18 35
18 34 21 34
33 30 35 30
35 29 35 30
26 30 30 30
30 27 30 30
1 28 3 28
3 27 3 28
29 26 29 28
29 28 29 29
18 26 20 26
20 26 20 29
19 16 19 17
19 17 19 23
29 15 29 16
29 16 29 18
16 11 16 12
16 12 16 15
8 9 8 12
8 12 9 12
30 7 32 7
32 3 32 7
10 6 17 6
17 6 17 8
26 3 26 4
26 3 27 3
7 3 7 4
7 3 11 3
0 3 1 3
1 3 6 3
18 2 18 3
18 3 21 3
0 2 1 2
1 2 4 2
28 37 33 37
19 37 21 37
8 36 9 36
22 33 22 37
11 33 11 35
19 32 21 32
14 32 18 32
37 30 37 31
8 30 8 31
6 30 6 36
21 29 23 29
10 27 11 27
35 26 37 26
32 26 32 28
0 26 0 30
1 25 2 25
26 24 28 24
11 24 14 24
22 23 22 24
28 22 30 22
33 20 33 22
28 20 30 20
27 20 27 22
32 19 32 22
22 19 22 22
36 18 36 21
13 18 13 19
18 16 18 20
17 16 17 17
30 14 30 17
18 13 18 14
33 12 33 13
25 11 25 14
20 10 26 10
3 10 4 10
0 10 0 13
32 9 37 9
21 9 23 9
11 9 16 9
27 8 27 13
36 6 37 6
33 6 35 6
18 6 18 9
1 6 2 6
33 4 35 4
13 4 14 4
9 4 12 4
31 3 31 6
30 3 30 5
25 2 25 6
20 2 22 2
15 2 15 3
18 1 26 1
10 1 13 1
0 1 4 1
31 0 33 0
27 0 30 0
22 0 25 0
16 0 16 1
3
32 8 33 8
31 7 31 6
28 6 27 6
160
24 23 26 23
26 20 26 23
26 23 31 23
27 25 31 25
31 10 31 12
31 10 33 10
31 12 31 23
31 12 32 12
31 23 31 25
31 25 34 25
33 10 34 10
9 14 9 17
9 14 13 14
9 17 12 17
11 15 13 15
13 14 13 15
13 15 14 15
14 11 14 13
14 13 14 15
8 26 8 28
8 26 16 26
16 19 16 21
16 21 16 22
16 22 16 26
16 26 16 31
16 31 25 31
10 29 10 36
10 29 12 29
10 36 10 37
11 32 12 32
12 29 12 32
12 29 13 29
1 15 1 16
1 15 4 15
1 16 1 18
1 18 1 23
1 23 1 24
1 23 2 23
6 19 6 24
6 24 9 24
9 24 9 25
9 25 10 25
16 36 17 36
17 36 19 36
19 36 20 36
8 21 15 21
15 18 15 19
15 19 15 21
23 12 23 13
23 12 24 12
24 12 24 14
35 10 36 10
36 10 36 13
36 13 36 16
1 10 1 11
1 11 1 13
1 13 2 13
9 7 9 8
9 7 11 7
11 7 11 8
4 17 5 17
5 6 5 12
5 12 5 17
23 35 26 35
26 35 28 35
18 34 18 35
18 34 21 34
33 30 35 30
35 29 35 30
26 30 30 30
30 27 30 30
1 28 3 28
3 27 3 28
29 26 29 28
29 28 29 29
18 26 20 26
20 26 20 29
19 16 19 17
19 17 19 23
29 15 29 16
29 16 29 18
16 11 16 12
16 12 16 15
8 9 8 12
8 12 9 12
30 7 32 7
32 3 32 7
10 6 17 6
17 6 17 8
26 5 28 5
28 5 28 7
26 3 26 4
26 3 27 3
7 3 7 4
7 3 11 3
0 3 1 3
1 3 6 3
18 2 18 3
18 3 21 3
0 2 1 2
1 2 4 2
28 37 33 37
19 37 21 37
8 36 9 36
22 33 22 37
11 33 11 35
19 32 21 32
14 32 18 32
37 30 37 31
8 30 8 31
6 30 6 36
21 29 23 29
10 27 11 27
35 26 37 26
32 26 32 28
0 26 0 30
1 25 2 25
26 24 28 24
11 24 14 24
22 23 22 24
28 22 30 22
33 20 33 22
28 20 30 20
27 20 27 22
32 19 32 22
22 19 22 22
36 18 36 21
13 18 13 19
18 16 18 20
17 16 17 17
30 14 30 17
18 13 18 14
33 12 33 13
25 11 25 14
20 10 26 10
3 10 4 10
0 10 0 13
32 9 37 9
21 9 23 9
11 9 16 9
27 8 27 13
36 6 37 6
33 6 35 6
18 6 18 9
1 6 2 6
33 4 35 4
13 4 14 4
9 4 12 4
31 3 31 6
30 3 30 5
25 2 25 6
20 2 22 2
15 2 15 3
18 1 26 1
10 1 13 1
0 1 4 1
31 0 33 0
27 0 30 0
22 0 25 0
16 0 16 1
4
32 8 33 8
31 7 31 6
28 6 27 6
24 9 24 10
159
24 23 26 23
26 20 26 23
26 23 31 23
27 25 31 25
31 10 31 12
31 10 33 10
31 12 31 23
31 12 32 12
31 23 31 25
31 25 34 25
33 10 34 10
9 14 9 17
9 14 13 14
9 17 12 17
11 15 13 15
13 14 13 15
13 15 14 15
14 11 14 13
14 13 14 15
8 26 8 28
8 26 16 26
16 19 16 21
16 21 16 22
16 22 16 26
16 26 16 31
16 31 25 31
10 29 10 36
10 29 12 29
10 36 10 37
11 32 12 32
12 29 12 32
12 29 13 29
1 15 1 16
1 15 4 15
1 16 1 18
1 18 1 23
1 23 1 24
1 23 2 23
6 19 6 24
6 24 9 24
9 24 9 25
9 25 10 25
16 36 17 36
17 36 19 36
19 36 20 36
8 21 15 21
15 18 15 19
15 19 15 21
23 12 23 13
23 12 24 12
24 12 24 14
35 10 36 10
36 10 36 13
36 13 36 16
1 10 1 11
1 11 1 13
1 13 2 13
9 7 9 8
9 7 11 7
11 7 11 8
4 17 5 17
5 6 5 12
5 12 5 17
23 35 26 35
26 35 28 35
18 34 18 35
18 34 21 34
33 30 35 30
35 29 35 30
26 30 30 30
30 27 30 30
1 28 3 28
3 27 3 28
29 26 29 28
29 28 29 29
18 26 20 26
20 26 20 29
19 16 19 17
19 17 19 23
29 15 29 16
29 16 29 18
16 11 16 12
16 12 16 15
8 9 8 12
8 12 9 12
30 7 32 7
32 3 32 7
10 6 17 6
17 6 17 8
26 5 28 5
28 5 28 7
26 3 26 4
26 3 27 3
7 3 7 4
7 3 11 3
0 3 1 3
1 3 6 3
18 2 18 3
18 3 21 3
0 2 1 2
1 2 4 2
28 37 33 37
19 37 21 37
8 36 9 36
22 33 22 37
11 33 11 35
19 32 21 32
14 32 18 32
37 30 37 31
8 30 8 31
6 30 6 36
21 29 23 29
10 27 11 27
35 26 37 26
32 26 32 28
0 26 0 30
1 25 2 25
26 24 28 24
11 24 14 24
22 23 22 24
28 22 30 22
33 20 33 22
28 20 30 20
27 20 27 22
32 19 32 22
22 19 22 22
36 18 36 21
13 18 13 19
18 16 18 20
17 16 17 17
30 14 30 17
18 13 18 14
33 12 33 13
25 11 25 14
3 10 4 10
0 10 0 13
32 9 37 9
21 9 23 9
11 9 16 9
27 8 27 13
36 6 37 6
33 6 35 6
18 6 18 9
1 6 2 6
33 4 35 4
13 4 14 4
9 4 12 4
31 3 31 6
30 3 30 5
25 2 25 6
20 2 22 2
15 2 15 3
18 1 26 1
10 1 13 1
0 1 4 1
31 0 33 0
27 0 30 0
22 0 25 0
16 0 16 1
5
32 8 33 8
31 7 31 6
28 6 27 6
24 9 24 10
31 3 31 4
159
24 23 26 23
26 20 26 23
26 23 31 23
27 25 31 25
31 10 31 12
31 10 33 10
31 12 31 23
31 12 32 12
31 23 31 25
31 25 34 25
33 10 34 10
9 14 9 17
9 14 13 14
9 17 12 17
11 15 13 15
13 14 13 15
13 15 14 15
14 11 14 13
14 13 14 15
8 26 8 28
8 26 16 26
16 19 16 21
16 21 16 22
16 22 16 26
16 26 16 31
16 31 25 31
10 29 10 36
10 29 12 29
10 36 10 37
11 32 12 32
12 29 12 32
12 29 13 29
1 15 1 16
1 15 4 15
1 16 1 18
1 18 1 23
1 23 1 24
1 23 2 23
6 19 6 24
6 24 9 24
9 24 9 25
9 25 10 25
16 36 17 36
17 36 19 36
19 36 20 36
8 21 15 21
15 18 15 19
15 19 15 21
23 12 23 13
23 12 24 12
24 12 24 14
35 10 36 10
36 10 36 13
36 13 36 16
1 10 1 11
1 11 1 13
1 13 2 13
9 7 9 8
9 7 11 7
11 7 11 8
4 17 5 17
5 6 5 12
5 12 5 17
23 35 26 35
26 35 28 35
18 34 18 35
18 34 21 34
33 30 35 30
35 29 35 30
26 30 30 30
30 27 30 30
1 28 3 28
3 27 3 28
29 26 29 28
29 28 29 29
18 26 20 26
20 26 20 29
19 16 19 17
19 17 19 23
29 15 29 16
29 16 29 18
16 11 16 12
16 12 16 15
8 9 8 12
8 12 9 12
30 7 32 7
32 3 32 7
10 6 17 6
17 6 17 8
26 5 28 5
28 5 28 7
26 3 26 4
26 3 27 3
7 3 7 4
7 3 11 3
0 3 1 3
1 3 6 3
18 2 18 3
18 3 21 3
0 2 1 2
1 2 4 2
28 37 33 37
19 37 21 37
8 36 9 36
22 33 22 37
11 33 11 35
19 32 21 32
14 32 18 32
37 30 37 31
8 30 8 31
6 30 6 36
21 29 23 29
10 27 11 27
35 26 37 26
32 26 32 28
0 26 0 30
1 25 2 25
26 24 28 24
11 24 14 24
22 23 22 24
28 22 30 22
33 20 33 22
28 20 30 20
27 20 27 22
32 19 32 22
22 19 22 22
36 18 36 21
13 18 13 19
18 16 18 20
17 16 17 17
30 14 30 17
18 13 18 14
33 12 33 13
25 11 25 14
3 10 4 10
0 10 0 13
32 9 37 9
21 9 23 9
11 9 16 9
27 8 27 13
36 6 37 6
33 6 35 6
18 6 18 9
1 6 2 6
33 4 35 4
31 4 31 6
13 4 14 4
9 4 12 4
30 3 30 5
25 2 25 6
20 2 22 2
15 2 15 3
18 1 26 1
10 1 13 1
0 1 4 1
31 0 33 0
27 0 30 0
22 0 25 0
16 0 16 1
6
32 8 33 8
31 7 31 6
28 6 27 6
24 9 24 10
31 3 31 4
31 8 30 8
159
24 23 26 23
26 20 26 23
26 23 31 23
27 25 31 25
31 10 31 12
31 10 33 10
31 12 31 23
31 12 32 12
31 23 31 25
31 25 34 25
33 10 34 10
9 14 9 17
9 14 13 14
9 17 12 17
11 15 13 15
13 14 13 15
13 15 14 15
14 11 14 13
14 13 14 15
8 26 8 28
8 26 16 26
16 19 16 21
16 21 16 22
16 22 16 26
16 26 16 31
16 31 25 31
10 29 10 36
10 29 12 29
10 36 10 37
11 32 12 32
12 29 12 32
12 29 13 29
1 15 1 16
1 15 4 15
1 16 1 18
1 18 1 23
1 23 1 24
1 23 2 23
6 19 6 24
6 24 9 24
9 24 9 25
9 25 10 25
16 36 17 36
17 36 19 36
19 36 20 36
8 21 15 21
15 18 15 19
15 19 15 21
23 12 23 13
23 12 24 12
24 12 24 14
35 10 36 10
36 10 36 13
36 13 36 16
1 10 1 11
1 11 1 13
1 13 2 13
9 7 9 8
9 7 11 7
11 7 11 8
4 17 5 17
5 6 5 12
5 12 5 17
23 35 26 35
26 35 28 35
18 34 18 35
18 34 21 34
33 30 35 30
35 29 35 30
26 30 30 30
30 27 30 30
1 28 3 28
3 27 3 28
29 26 29 28
29 28 29 29
18 26 20 26
20 26 20 29
19 16 19 17
19 17 19 23
29 15 29 16
29 16 29 18
16 11 16 12
16 12 16 15
8 9 8 12
8 12 9 12
30 7 32 7
32 3 32 7
10 6 17 6
17 6 17 8
26 5 28 5
28 5 28 7
26 3 26 4
26 3 27 3
7 3 7 4
7 3 11 3
0 3 1 3
1 3 6 3
18 2 18 3
18 3 21 3
0 2 1 2
1 2 4 2
28 37 33 37
19 37 21 37
8 36 9 36
22 33 22 37
11 33 11 35
19 32 21 32
14 32 18 32
37 30 37 31
8 30 8 31
6 30 6 36
21 29 23 29
10 27 11 27
35 26 37 26
32 26 32 28
0 26 0 30
1 25 2 25
26 24 28 24
11 24 14 24
22 23 22 24
28 22 30 22
33 20 33 22
28 20 30 20
27 20 27 22
32 19 32 22
22 19 22 22
36 18 36 21
13 18 13 19
18 16 18 20
17 16 17 17
30 14 30 17
18 13 18 14
33 12 33 13
25 11 25 14
3 10 4 10
0 10 0 13
32 9 37 9
21 9 23 9
11 9 16 9
27 8 27 13
36 6 37 6
33 6 35 6
18 6 18 9
1 6 2 6
33 4 35 4
31 4 31 6
13 4 14 4
9 4 12 4
30 3 30 5
25 2 25 6
20 2 22 2
15 2 15 3
18 1 26 1
10 1 13 1
0 1 4 1
31 0 33 0
27 0 30 0
22 0 25 0
16 0 16 1
7
32 8 33 8
31 7 31 6
28 6 27 6
24 9 24 10
31 3 31 4
31 8 30 8
35 7 35 8
160
24 23 26 23
26 20 26 23
26 23 31 23
27 25 31 25
31 10 31 12
31 10 33 10
31 12 31 23
31 12 32 12
31 23 31 25
31 25 34 25
33 10 34 10
9 14 9 17
9 14 13 14
9 17 12 17
11 15 13 15
13 14 13 15
13 15 14 15
14 11 14 13
14 13 14 15
8 26 8 28
8 26 16 26
16 19 16 21
16 21 16 22
16 22 16 26
16 26 16 31
16 31 25 31
10 29 10 36
10 29 12 29
10 36 10 37
11 32 12 32
12 29 12 32
12 29 13 29
1 15 1 16
1 15 4 15
1 16 1 18
1 18 1 23
1 23 1 24
1 23 2 23
6 19 6 24
6 24 9 24
9 24 9 25
9 25 10 25
16 36 17 36
17 36 19 36
19 36 20 36
8 21 15 21
15 18 15 19
15 19 15 21
23 12 23 13
23 12 24 12
24 12 24 14
35 10 36 10
36 10 36 13
36 13 36 16
1 10 1 11
1 11 1 13
1 13 2 13
9 7 9 8
9 7 11 7
11 7 11 8
4 17 5 17
5 6 5 12
5 12 5 17
23 35 26 35
26 35 28 35
18 34 18 35
18 34 21 34
33 30 35 30
35 29 35 30
26 30 30 30
30 27 30 30
1 28 3 28
3 27 3 28
29 26 29 28
29 28 29 29
18 26 20 26
20 26 20 29
19 16 19 17
19 17 19 23
29 15 29 16
29 16 29 18
16 11 16 12
16 12 16 15
8 9 8 12
8 12 9 12
30 7 32 7
32 3 32 7
10 6 17 6
17 6 17 8
26 5 28 5
28 5 28 7
26 3 26 4
26 3 27 3
7 3 7 4
7 3 11 3
0 3 1 3
1 3 6 3
18 2 18 3
18 3 21 3
0 2 1 2
1 2 4 2
28 37 33 37
19 37 21 37
8 36 9 36
22 33 22 37
11 33 11 35
19 32 21 32
14 32 18 32
37 30 37 31
8 30 8 31
6 30 6 36
21 29 23 29
10 27 11 27
35 26 37 26
32 26 32 28
0 26 0 30
1 25 2 25
26 24 28 24
11 24 14 24
22 23 22 24
28 22 30 22
33 20 33 22
28 20 30 20
27 20 27 22
32 19 32 22
22 19 22 22
36 18 36 21
13 18 13 19
18 16 18 20
17 16 17 17
30 14 30 17
18 13 18 14
33 12 33 13
25 11 25 14
3 10 4 10
0 10 0 13
32 9 37 9
21 9 23 9
11 9 16 9
33 8 35 8
27 8 27 13
36 6 37 6
33 6 35 6
18 6 18 9
1 6 2 6
33 4 35 4
31 4 31 6
13 4 14 4
9 4 12 4
30 3 30 5
25 2 25 6
20 2 22 2
15 2 15 3
18 1 26 1
10 1 13 1
0 1 4 1
31 0 33 0
27 0 30 0
22 0 25 0
16 0 16 1
8
32 8 33 8
31 7 31 6
28 6 27 6
24 9 24 10
31 3 31 4
31 8 30 8
35 7 35 8
23 12 23 11
160
24 23 26 23
26 20 26 23
26 23 31 23
27 25 31 25
31 10 31 12
31 10 33 10
31 12 31 23
31 12 32 12
31 23 31 25
31 25 34 25
33 10 34 10
9 14 9 17
9 14 13 14
9 17 12 17
11 15 13 15
13 14 13 15
13 15 14 15
14 11 14 13
14 13 14 15
8 26 8 28
8 26 16 26
16 19 16 21
16 21 16 22
16 22 16 26
16 26 16 31
16 31 25 31
10 29 10 36
10 29 12 29
10 36 10 37
11 32 12 32
12 29 12 32
12 29 13 29
1 15 1 16
1 15 4 15
1 16 1 18
1 18 1 23
1 23 1 24
1 23 2 23
6 19 6 24
6 24 9 24
9 24 9 25
9 25 10 25
16 36 17 36
17 36 19 36
19 36 20 36
8 21 15 21
15 18 15 19
15 19 15 21
35 10 36 10
36 10 36 13
36 13 36 16
1 10 1 11
1 11 1 13
1 13 2 13
9 7 9 8
9 7 11 7
11 7 11 8
4 17 5 17
5 6 5 12
5 12 5 17
23 35 26 35
26 35 28 35
18 34 18 35
18 34 21 34
33 30 35 30
35 29 35 30
26 30 30 30
30 27 30 30
1 28 3 28
3 27 3 28
29 26 29 28
29 28 29 29
18 26 20 26
20 26 20 29
19 16 19 17
19 17 19 23
29 15 29 16
29 16 29 18
22 11 23 11
23 11 23 13
16 11 16 12
16 12 16 15
8 9 8 12
8 12 9 12
30 7 32 7
32 3 32 7
10 6 17 6
17 6 17 8
26 5 28 5
28 5 28 7
26 3 26 4
26 3 27 3
7 3 7 4
7 3 11 3
0 3 1 3
1 3 6 3
18 2 18 3
18 3 21 3
0 2 1 2
1 2 4 2
28 37 33 37
19 37 21 37
8 36 9 36
22 33 22 37
11 33 11 35
19 32 21 32
14 32 18 32
37 30 37 31
8 30 8 31
6 30 6 36
21 29 23 29
10 27 11 27
35 26 37 26
32 26 32 28
0 26 0 30
1 25 2 25
26 24 28 24
11 24 14 24
22 23 22 24
28 22 30 22
33 20 33 22
28 20 30 20
27 20 27 22
32 19 32 22
22 19 22 22
36 18 36 21
13 18 13 19
18 16 18 20
17 16 17 17
30 14 30 17
18 13 18 14
33 12 33 13
24 12 24 14
25 11 25 14
3 10 4 10
0 10 0 13
32 9 37 9
21 9 23 9
11 9 16 9
33 8 35 8
27 8 27 13
36 6 37 6
33 6 35 6
18 6 18 9
1 6 2 6
33 4 35 4
31 4 31 6
13 4 14 4
9 4 12 4
30 3 30 5
25 2 25 6
20 2 22 2
15 2 15 3
18 1 26 1
10 1 13 1
0 1 4 1
31 0 33 0
27 0 30 0
22 0 25 0
16 0 16 1
9
32 8 33 8
31 7 31 6
28 6 27 6
24 9 24 10
31 3 31 4
31 8 30 8
35 7 35 8
23 12 23 11
7 3 8 3
159
24 23 26 23
26 20 26 23
26 23 31 23
27 25 31 25
31 10 31 12
31 10 33 10
31 12 31 23
31 12 32 12
31 23 31 25
31 25 34 25
33 10 34 10
9 14 9 17
9 14 13 14
9 17 12 17
11 15 13 15
13 14 13 15
13 15 14 15
14 11 14 13
14 13 14 15
8 26 8 28
8 26 16 26
16 19 16 21
16 21 16 22
16 22 16 26
16 26 16 31
16 31 25 31
10 29 10 36
10 29 12 29
10 36 10 37
11 32 12 32
12 29 12 32
12 29 13 29
1 15 1 16
1 15 4 15
1 16 1 18
1 18 1 23
1 23 1 24
1 23 2 23
6 19 6 24
6 24 9 24
9 24 9 25
9 25 10 25
16 36 17 36
17 36 19 36
19 36 20 36
8 21 15 21
15 18 15 19
15 19 15 21
35 10 36 10
36 10 36 13
36 13 36 16
1 10 1 11
1 11 1 13
1 13 2 13
9 7 9 8
9 7 11 7
11 7 11 8
4 17 5 17
5 6 5 12
5 12 5 17
23 35 26 35
26 35 28 35
18 34 18 35
18 34 21 34
33 30 35 30
35 29 35 30
26 30 30 30
30 27 30 30
1 28 3 28
3 27 3 28
29 26 29 28
29 28 29 29
18 26 20 26
20 26 20 29
19 16 19 17
19 17 19 23
29 15 29 16
29 16 29 18
22 11 23 11
23 11 23 13
16 11 16 12
16 12 16 15
8 9 8 12
8 12 9 12
30 7 32 7
32 3 32 7
10 6 17 6
17 6 17 8
26 5 28 5
28 5 28 7
26 3 26 4
26 3 27 3
0 3 1 3
1 3 6 3
18 2 18 3
18 3 21 3
0 2 1 2
1 2 4 2
28 37 33 37
19 37 21 37
8 36 9 36
22 33 22 37
11 33 11 35
19 32 21 32
14 32 18 32
37 30 37 31
8 30 8 31
6 30 6 36
21 29 23 29
10 27 11 27
35 26 37 26
32 26 32 28
0 26 0 30
1 25 2 25
26 24 28 24
11 24 14 24
22 23 22 24
28 22 30 22
33 20 33 22
28 20 30 20
27 20 27 22
32 19 32 22
22 19 22 22
36 18 36 21
13 18 13 19
18 16 18 20
17 16 17 17
30 14 30 17
18 13 18 14
33 12 33 13
24 12 24 14
25 11 25 14
3 10 4 10
0 10 0 13
32 9 37 9
21 9 23 9
11 9 16 9
33 8 35 8
27 8 27 13
36 6 37 6
33 6 35 6
18 6 18 9
1 6 2 6
33 4 35 4
31 4 31 6
13 4 14 4
9 4 12 4
30 3 30 5
8 3 11 3
25 2 25 6
20 2 22 2
15 2 15 3
18 1 26 1
10 1 13 1
0 1 4 1
31 0 33 0
27 0 30 0
22 0 25 0
16 0 16 1
10
32 8 33 8
31 7 31 6
28 6 27 6
24 9 24 10
31 3 31 4
31 8 30 8
35 7 35 8
23 12 23 11
7 3 8 3
25 24 25 23
158
26 20 26 23
26 23 31 23
27 25 31 25
31 10 31 12
31 10 33 10
31 12 31 23
31 12 32 12
31 23 31 25
31 25 34 25
33 10 34 10
9 14 9 17
9 14 13 14
9 17 12 17
11 15 13 15
13 14 13 15
13 15 14 15
14 11 14 13
14 13 14 15
8 26 8 28
8 26 16 26
16 19 16 21
16 21 16 22
16 22 16 26
16 26 16 31
16 31 25 31
10 29 10 36
10 29 12 29
10 36 10 37
11 32 12 32
12 29 12 32
12 29 13 29
1 15 1 16
1 15 4 15
1 16 1 18
1 18 1 23
1 23 1 24
1 23 2 23
6 19 6 24
6 24 9 24
9 24 9 25
9 25 10 25
16 36 17 36
17 36 19 36
19 36 20 36
8 21 15 21
15 18 15 19
15 19 15 21
35 10 36 10
36 10 36 13
36 13 36 16
1 10 1 11
1 11 1 13
1 13 2 13
9 7 9 8
9 7 11 7
11 7 11 8
4 17 5 17
5 6 5 12
5 12 5 17
23 35 26 35
26 35 28 35
18 34 18 35
18 34 21 34
33 30 35 30
35 29 35 30
26 30 30 30
30 27 30 30
1 28 3 28
3 27 3 28
29 26 29 28
29 28 29 29
18 26 20 26
20 26 20 29
19 16 19 17
19 17 19 23
29 15 29 16
29 16 29 18
22 11 23 11
23 11 23 13
16 11 16 12
16 12 16 15
8 9 8 12
8 12 9 12
30 7 32 7
32 3 32 7
10 6 17 6
17 6 17 8
26 5 28 5
28 5 28 7
26 3 26 4
26 3 27 3
0 3 1 3
1 3 6 3
18 2 18 3
18 3 21 3
0 2 1 2
1 2 4 2
28 37 33 37
19 37 21 37
8 36 9 36
22 33 22 37
11 33 11 35
19 32 21 32
14 32 18 32
37 30 37 31
8 30 8 31
6 30 6 36
21 29 23 29
10 27 11 27
35 26 37 26
32 26 32 28
0 26 0 30
1 25 2 25
26 24 28 24
11 24 14 24
22 23 22 24
28 22 30 22
33 20 33 22
28 20 30 20
27 20 27 22
32 19 32 22
22 19 22 22
36 18 36 21
13 18 13 19
18 16 18 20
17 16 17 17
30 14 30 17
18 13 18 14
33 12 33 13
24 12 24 14
25 11 25 14
3 10 4 10
0 10 0 13
32 9 37 9
21 9 23 9
11 9 16 9
33 8 35 8
27 8 27 13
36 6 37 6
33 6 35 6
18 6 18 9
1 6 2 6
33 4 35 4
31 4 31 6
13 4 14 4
9 4 12 4
30 3 30 5
8 3 11 3
25 2 25 6
20 2 22 2
15 2 15 3
18 1 26 1
10 1 13 1
0 1 4 1
31 0 33 0
27 0 30 0
22 0 25 0
16 0 16 1
11
32 8 33 8
31 7 31 6
28 6 27 6
24 9 24 10
31 3 31 4
31 8 30 8
35 7 35 8
23 12 23 11
7 3 8 3
25 24 25 23
24 23 24 22
158
26 20 26 23
26 23 31 23
27 25 31 25
31 10 31 12
31 10 33 10
31 12 31 23
31 12 32 12
31 23 31 25
31 25 34 25
33 10 34 10
9 14 9 17
9 14 13 14
9 17 12 17
11 15 13 15
13 14 13 15
13 15 14 15
14 11 14 13
14 13 14 15
8 26 8 28
8 26 16 26
16 19 16 21
16 21 16 22
16 22 16 26
16 26 16 31
16 31 25 31
10 29 10 36
10 29 12 29
10 36 10 37
11 32 12 32
12 29 12 32
12 29 13 29
1 15 1 16
1 15 4 15
1 16 1 18
1 18 1 23
1 23 1 24
1 23 2 23
6 19 6 24
6 24 9 24
9 24 9 25
9 25 10 25
16 36 17 36
17 36 19 36
19 36 20 36
8 21 15 21
15 18 15 19
15 19 15 21
35 10 36 10
36 10 36 13
36 13 36 16
1 10 1 11
1 11 1 13
1 13 2 13
9 7 9 8
9 7 11 7
11 7 11 8
4 17 5 17
5 6 5 12
5 12 5 17
23 35 26 35
26 35 28 35
18 34 18 35
18 34 21 34
33 30 35 30
35 29 35 30
26 30 30 30
30 27 30 30
1 28 3 28
3 27 3 28
29 26 29 28
29 28 29 29
18 26 20 26
20 26 20 29
19 16 19 17
19 17 19 23
29 15 29 16
29 16 29 18
22 11 23 11
23 11 23 13
16 11 16 12
16 12 16 15
8 9 8 12
8 12 9 12
30 7 32 7
32 3 32 7
10 6 17 6
17 6 17 8
26 5 28 5
28 5 28 7
26 3 26 4
26 3 27 3
0 3 1 3
1 3 6 3
18 2 18 3
18 3 21 3
0 2 1 2
1 2 4 2
28 37 33 37
19 37 21 37
8 36 9 36
22 33 22 37
11 33 11 35
19 32 21 32
14 32 18 32
37 30 37 31
8 30 8 31
6 30 6 36
21 29 23 29
10 27 11 27
35 26 37 26
32 26 32 28
0 26 0 30
1 25 2 25
26 24 28 24
11 24 14 24
22 23 22 24
28 22 30 22
33 20 33 22
28 20 30 20
27 20 27 22
32 19 32 22
22 19 22 22
36 18 36 21
13 18 13 19
18 16 18 20
17 16 17 17
30 14 30 17
18 13 18 14
33 12 33 13
24 12 24 14
25 11 25 14
3 10 4 10
0 10 0 13
32 9 37 9
21 9 23 9
11 9 16 9
33 8 35 8
27 8 27 13
36 6 37 6
33 6 35 6
18 6 18 9
1 6 2 6
33 4 35 4
31 4 31 6
13 4 14 4
9 4 12 4
30 3 30 5
8 3 11 3
25 2 25 6
20 2 22 2
15 2 15 3
18 1 26 1
10 1 13 1
0 1 4 1
31 0 33 0
27 0 30 0
22 0 25 0
16 0 16 1
12
32 8 33 8
31 7 31 6
28 6 27 6
24 9 24 10
31 3 31 4
31 8 30 8
35 7 35 8
23 12 23 11
7 3 8 3
25 24 25 23
24 23 24 22
22 23 21 23
157
26 20 26 23
26 23 31 23
27 25 31 25
31 10 31 12
31 10 33 10
31 12 31 23
31 12 32 12
31 23 31 25
31 25 34 25
33 10 34 10
9 14 9 17
9 14 13 14
9 17 12 17
11 15 13 15
13 14 13 15
13 15 14 15
14 11 14 13
14 13 14 15
8 26 8 28
8 26 16 26
16 19 16 21
16 21 16 22
16 22 16 26
16 26 16 31
16 31 25 31
10 29 10 36
10 29 12 29
10 36 10 37
11 32 12 32
12 29 12 32
12 29 13 29
1 15 1 16
1 15 4 15
1 16 1 18
1 18 1 23
1 23 1 24
1 23 2 23
6 19 6 24
6 24 9 24
9 24 9 25
9 25 10 25
16 36 17 36
17 36 19 36
19 36 20 36
8 21 15 21
15 18 15 19
15 19 15 21
35 10 36 10
36 10 36 13
36 13 36 16
1 10 1 11
1 11 1 13
1 13 2 13
9 7 9 8
9 7 11 7
11 7 11 8
4 17 5 17
5 6 5 12
5 12 5 17
23 35 26 35
26 35 28 35
18 34 18 35
18 34 21 34
33 30 35 30
35 29 35 30
26 30 30 30
30 27 30 30
1 28 3 28
3 27 3 28
29 26 29 28
29 28 29 29
18 26 20 26
20 26 20 29
19 16 19 17
19 17 19 23
29 15 29 16
29 16 29 18
22 11 23 11
23 11 23 13
16 11 16 12
16 12 16 15
8 9 8 12
8 12 9 12
30 7 32 7
32 3 32 7
10 6 17 6
17 6 17 8
26 5 28 5
28 5 28 7
26 3 26 4
26 3 27 3
0 3 1 3
1 3 6 3
18 2 18 3
18 3 21 3
0 2 1 2
1 2 4 2
28 37 33 37
19 37 21 37
8 36 9 36
22 33 22 37
11 33 11 35
19 32 21 32
14 32 18 32
37 30 37 31
8 30 8 31
6 30 6 36
21 29 23 29
10 27 11 27
35 26 37 26
32 26 32 28
0 26 0 30
1 25 2 25
26 24 28 24
11 24 14 24
28 22 30 22
33 20 33 22
28 20 30 20
27 20 27 22
32 19 32 22
22 19 22 22
36 18 36 21
13 18 13 19
18 16 18 20
17 16 17 17
30 14 30 17
18 13 18 14
33 12 33 13
24 12 24 14
25 11 25 14
3 10 4 10
0 10 0 13
32 9 37 9
21 9 23 9
11 9 16 9
33 8 35 8
27 8 27 13
36 6 37 6
33 6 35 6
18 6 18 9
1 6 2 6
33 4 35 4
31 4 31 6
13 4 14 4
9 4 12 4
30 3 30 5
8 3 11 3
25 2 25 6
20 2 22 2
15 2 15 3
18 1 26 1
10 1 13 1
0 1 4 1
31 0 33 0
27 0 30 0
22 0 25 0
16 0 16 1
13
32 8 33 8
31 7 31 6
28 6 27 6
24 9 24 10
31 3 31 4
31 8 30 8
35 7 35 8
23 12 23 11
7 3 8 3
25 24 25 23
24 23 24 22
22 23 21 23
25 23 25 22
157
26 20 26 23
26 23 31 23
27 25 31 25
31 10 31 12
31 10 33 10
31 12 31 23
31 12 32 12
31 23 31 25
31 25 34 25
33 10 34 10
9 14 9 17
9 14 13 14
9 17 12 17
11 15 13 15
13 14 13 15
13 15 14 15
14 11 14 13
14 13 14 15
8 26 8 28
8 26 16 26
16 19 16 21
16 21 16 22
16 22 16 26
16 26 16 31
16 31 25 31
10 29 10 36
10 29 12 29
10 36 10 37
11 32 12 32
12 29 12 32
12 29 13 29
1 15 1 16
1 15 4 15
1 16 1 18
1 18 1 23
1 23 1 24
1 23 2 23
6 19 6 24
6 24 9 24
9 24 9 25
9 25 10 25
16 36 17 36
17 36 19 36
19 36 20 36
8 21 15 21
15 18 15 19
15 19 15 21
35 10 36 10
36 10 36 13
36 13 36 16
1 10 1 11
1 11 1 13
1 13 2 13
9 7 9 8
9 7 11 7
11 7 11 8
4 17 5 17
5 6 5 12
5 12 5 17
23 35 26 35
26 35 28 35
18 34 18 35
18 34 21 34
33 30 35 30
35 29 35 30
26 30 30 30
30 27 30 30
1 28 3 28
3 27 3 28
29 26 29 28
29 28 29 29
18 26 20 26
20 26 20 29
19 16 19 17
19 17 19 23
29 15 29 16
29 16 29 18
22 11 23 11
23 11 23 13
16 11 16 12
16 12 16 15
8 9 8 12
8 12 9 12
30 7 32 7
32 3 32 7
10 6 17 6
17 6 17 8
26 5 28 5
28 5 28 7
26 3 26 4
26 3 27 3
0 3 1 3
1 3 6 3
18 2 18 3
18 3 21 3
0 2 1 2
1 2 4 2
28 37 33 37
19 37 21 37
8 36 9 36
22 33 22 37
11 33 11 35
19 32 21 32
14 32 18 32
37 30 37 31
8 30 8 31
6 30 6 36
21 29 23 29
10 27 11 27
35 26 37 26
32 26 32 28
0 26 0 30
1 25 2 25
26 24 28 24
11 24 14 24
28 22 30 22
33 20 33 22
28 20 30 20
27 20 27 22
32 19 32 22
22 19 22 22
36 18 36 21
13 18 13 19
18 16 18 20
17 16 17 17
30 14 30 17
18 13 18 14
33 12 33 13
24 12 24 14
25 11 25 14
3 10 4 10
0 10 0 13
32 9 37 9
21 9 23 9
11 9 16 9
33 8 35 8
27 8 27 13
36 6 37 6
33 6 35 6
18 6 18 9
1 6 2 6
33 4 35 4
31 4 31 6
13 4 14 4
9 4 12 4
30 3 30 5
8 3 11 3
25 2 25 6
20 2 22 2
15 2 15 3
18 1 26 1
10 1 13 1
0 1 4 1
31 0 33 0
27 0 30 0
22 0 25 0
16 0 16 1
14
32 8 33 8
31 7 31 6
28 6 27 6
24 9 24 10
31 3 31 4
31 8 30 8
35 7 35 8
23 12 23 11
7 3 8 3
25 24 25 23
24 23 24 22
22 23 21 23
25 23 25 22
21 24 20 24
157
26 20 26 23
26 23 31 23
27 25 31 25
31 10 31 12
31 10 33 10
31 12 31 23
31 12 32 12
31 23 31 25
31 25 34 25
33 10 34 10
9 14 9 17
9 14 13 14
9 17 12 17
11 15 13 15
13 14 13 15
13 15 14 15
14 11 14 13
14 13 14 15
8 26 8 28
8 26 16 26
16 19 16 21
16 21 16 22
16 22 16 26
16 26 16 31
16 31 25 31
10 29 10 36
10 29 12 29
10 36 10 37
11 32 12 32
12 29 12 32
12 29 13 29
1 15 1 16
1 15 4 15
1 16 1 18
1 18 1 23
1 23 1 24
1 23 2 23
6 19 6 24
6 24 9 24
9 24 9 25
9 25 10 25
16 36 17 36
17 36 19 36
19 36 20 36
8 21 15 21
15 18 15 19
15 19 15 21
35 10 36 10
36 10 36 13
36 13 36 16
1 10 1 11
1 11 1 13
1 13 2 13
9 7 9 8
9 7 11 7
11 7 11 8
4 17 5 17
5 6 5 12
5 12 5 17
23 35 26 35
26 35 28 35
18 34 18 35
18 34 21 34
33 30 35 30
35 29 35 30
26 30 30 30
30 27 30 30
1 28 3 28
3 27 3 28
29 26 29 28
29 28 29 29
18 26 20 26
20 26 20 29
19 16 19 17
19 17 19 23
29 15 29 16
29 16 29 18
22 11 23 11
23 11 23 13
16 11 16 12
16 12 16 15
8 9 8 12
8 12 9 12
30 7 32 7
32 3 32 7
10 6 17 6
17 6 17 8
26 5 28 5
28 5 28 7
26 3 26 4
26 3 27 3
0 3 1 3
1 3 6 3
18 2 18 3
18 3 21 3
0 2 1 2
1 2 4 2
28 37 33 37
19 37 21 37
8 36 9 36
22 33 22 37
11 33 11 35
19 32 21 32
14 32 18 32
37 30 37 31
8 30 8 31
6 30 6 36
21 29 23 29
10 27 11 27
35 26 37 26
32 26 32 28
0 26 0 30
1 25 2 25
26 24 28 24
11 24 14 24
28 22 30 22
33 20 33 22
28 20 30 20
27 20 27 22
32 19 32 22
22 19 22 22
36 18 36 21
13 18 13 19
18 16 18 20
17 16 17 17
30 14 30 17
18 13 18 14
33 12 33 13
24 12 24 14
25 11 25 14
3 10 4 10
0 10 0 13
32 9 37 9
21 9 23 9
11 9 16 9
33 8 35 8
27 8 27 13
36 6 37 6
33 6 35 6
18 6 18 9
1 6 2 6
33 4 35 4
31 4 31 6
13 4 14 4
9 4 12 4
30 3 30 5
8 3 11 3
25 2 25 6
20 2 22 2
15 2 15 3
18 1 26 1
10 1 13 1
0 1 4 1
31 0 33 0
27 0 30 0
22 0 25 0
16 0 16 1
15
32 8 33 8
31 7 31 6
28 6 27 6
24 9 24 10
31 3 31 4
31 8 30 8
35 7 35 8
23 12 23 11
7 3 8 3
25 24 25 23
24 23 24 22
22 23 21 23
25 23 25 22
21 24 20 24
27 14 27 15
157
26 20 26 23
26 23 31 23
27 25 31 25
31 10 31 12
31 10 33 10
31 12 31 23
31 12 32 12
31 23 31 25
31 25 34 25
33 10 34 10
9 14 9 17
9 14 13 14
9 17 12 17
11 15 13 15
13 14 13 15
13 15 14 15
14 11 14 13
14 13 14 15
8 26 8 28
8 26 16 26
16 19 16 21
16 21 16 22
16 22 16 26
16 26 16 31
16 31 25 31
10 29 10 36
10 29 12 29
10 36 10 37
11 32 12 32
12 29 12 32
12 29 13 29
1 15 1 16
1 15 4 15
1 16 1 18
1 18 1 23
1 23 1 24
1 23 2 23
6 19 6 24
6 24 9 24
9 24 9 25
9 25 10 25
16 36 17 36
17 36 19 36
19 36 20 36
8 21 15 21
15 18 15 19
15 19 15 21
35 10 36 10
36 10 36 13
36 13 36 16
1 10 1 11
1 11 1 13
1 13 2 13
9 7 9 8
9 7 11 7
11 7 11 8
4 17 5 17
5 6 5 12
5 12 5 17
23 35 26 35
26 35 28 35
18 34 18 35
18 34 21 34
33 30 35 30
35 29 35 30
26 30 30 30
30 27 30 30
1 28 3 28
3 27 3 28
29 26 29 28
29 28 29 29
18 26 20 26
20 26 20 29
19 16 19 17
19 17 19 23
29 15 29 16
29 16 29 18
22 11 23 11
23 11 23 13
16 11 16 12
16 12 16 15
8 9 8 12
8 12 9 12
30 7 32 7
32 3 32 7
10 6 17 6
17 6 17 8
26 5 28 5
28 5 28 7
26 3 26 4
26 3 27 3
0 3 1 3
1 3 6 3
18 2 18 3
18 3 21 3
0 2 1 2
1 2 4 2
28 37 33 37
19 37 21 37
8 36 9 36
22 33 22 37
11 33 11 35
19 32 21 32
14 32 18 32
37 30 37 31
8 30 8 31
6 30 6 36
21 29 23 29
10 27 11 27
35 26 37 26
32 26 32 28
0 26 0 30
1 25 2 25
26 24 28 24
11 24 14 24
28 22 30 22
33 20 33 22
28 20 30 20
27 20 27 22
32 19 32 22
22 19 22 22
36 18 36 21
13 18 13 19
18 16 18 20
17 16 17 17
30 14 30 17
18 13 18 14
33 12 33 13
24 12 24 14
25 11 25 14
3 10 4 10
0 10 0 13
32 9 37 9
21 9 23 9
11 9 16 9
33 8 35 8
27 8 27 13
36 6 37 6
33 6 35 6
18 6 18 9
1 6 2 6
33 4 35 4
31 4 31 6
13 4 14 4
9 4 12 4
30 3 30 5
8 3 11 3
25 2 25 6
20 2 22 2
15 2 15 3
18 1 26 1
10 1 13 1
0 1 4 1
31 0 33 0
27 0 30 0
22 0 25 0
16 0 16 1
16
32 8 33 8
31 7 31 6
28 6 27 6
24 9 24 10
31 3 31 4
31 8 30 8
35 7 35 8
23 12 23 11
7 3 8 3
25 24 25 23
24 23 24 22
22 23 21 23
25 23 25 22
21 24 20 24
27 14 27 15
13 29 14 29
158
26 20 26 23
26 23 31 23
27 25 31 25
31 10 31 12
31 10 33 10
31 12 31 23
31 12 32 12
31 23 31 25
31 25 34 25
33 10 34 10
10 29 10 36
10 29 12 29
10 36 10 37
11 24 14 24
11 32 12 32
12 29 12 32
12 29 14 29
14 24 14 29
14 29 14 30
9 14 9 17
9 14 13 14
9 17 12 17
11 15 13 15
13 14 13 15
13 15 14 15
14 11 14 13
14 13 14 15
1 15 1 16
1 15 4 15
1 16 1 18
1 18 1 23
1 23 1 24
1 23 2 23
16 19 16 21
16 21 16 22
16 22 16 26
16 26 16 31
16 31 25 31
6 19 6 24
6 24 9 24
9 24 9 25
9 25 10 25
16 36 17 36
17 36 19 36
19 36 20 36
8 21 15 21
15 18 15 19
15 19 15 21
35 10 36 10
36 10 36 13
36 13 36 16
1 10 1 11
1 11 1 13
1 13 2 13
9 7 9 8
9 7 11 7
11 7 11 8
4 17 5 17
5 6 5 12
5 12 5 17
23 35 26 35
26 35 28 35
18 34 18 35
18 34 21 34
33 30 35 30
35 29 35 30
26 30 30 30
30 27 30 30
1 28 3 28
3 27 3 28
29 26 29 28
29 28 29 29
18 26 20 26
20 26 20 29
19 16 19 17
19 17 19 23
29 15 29 16
29 16 29 18
22 11 23 11
23 11 23 13
16 11 16 12
16 12 16 15
8 9 8 12
8 12 9 12
30 7 32 7
32 3 32 7
10 6 17 6
17 6 17 8
26 5 28 5
28 5 28 7
26 3 26 4
26 3 27 3
0 3 1 3
1 3 6 3
18 2 18 3
18 3 21 3
0 2 1 2
1 2 4 2
28 37 33 37
19 37 21 37
8 36 9 36
22 33 22 37
11 33 11 35
19 32 21 32
14 32 18 32
37 30 37 31
8 30 8 31
6 30 6 36
21 29 23 29
10 27 11 27
35 26 37 26
32 26 32 28
8 26 8 28
0 26 0 30
1 25 2 25
26 24 28 24
28 22 30 22
33 20 33 22
28 20 30 20
27 20 27 22
32 19 32 22
22 19 22 22
36 18 36 21
13 18 13 19
18 16 18 20
17 16 17 17
30 14 30 17
18 13 18 14
33 12 33 13
24 12 24 14
25 11 25 14
3 10 4 10
0 10 0 13
32 9 37 9
21 9 23 9
11 9 16 9
33 8 35 8
27 8 27 13
36 6 37 6
33 6 35 6
18 6 18 9
1 6 2 6
33 4 35 4
31 4 31 6
13 4 14 4
9 4 12 4
30 3 30 5
8 3 11 3
25 2 25 6
20 2 22 2
15 2 15 3
18 1 26 1
10 1 13 1
0 1 4 1
31 0 33 0
27 0 30 0
22 0 25 0
16 0 16 1
17
32 8 33 8
31 7 31 6
28 6 27 6
24 9 24 10
31 3 31 4
31 8 30 8
35 7 35 8
23 12 23 11
7 3 8 3
25 24 25 23
24 23 24 22
22 23 21 23
25 23 25 22
21 24 20 24
27 14 27 15
13 29 14 29
18 14 18 15
158
26 20 26 23
26 23 31 23
27 25 31 25
31 10 31 12
31 10 33 10
31 12 31 23
31 12 32 12
31 23 31 25
31 25 34 25
33 10 34 10
10 29 10 36
10 29 12 29
10 36 10 37
11 24 14 24
11 32 12 32
12 29 12 32
12 29 14 29
14 24 14 29
14 29 14 30
9 14 9 17
9 14 13 14
9 17 12 17
11 15 13 15
13 14 13 15
13 15 14 15
14 11 14 13
14 13 14 15
1 15 1 16
1 15 4 15
1 16 1 18
1 18 1 23
1 23 1 24
1 23 2 23
16 19 16 21
16 21 16 22
16 22 16 26
16 26 16 31
16 31 25 31
6 19 6 24
6 24 9 24
9 24 9 25
9 25 10 25
16 36 17 36
17 36 19 36
19 36 20 36
8 21 15 21
15 18 15 19
15 19 15 21
35 10 36 10
36 10 36 13
36 13 36 16
1 10 1 11
1 11 1 13
1 13 2 13
9 7 9 8
9 7 11 7
11 7 11 8
4 17 5 17
5 6 5 12
5 12 5 17
23 35 26 35
26 35 28 35
18 34 18 35
18 34 21 34
33 30 35 30
35 29 35 30
26 30 30 30
30 27 30 30
1 28 3 28
3 27 3 28
29 26 29 28
29 28 29 29
18 26 20 26
20 26 20 29
19 16 19 17
19 17 19 23
29 15 29 16
29 16 29 18
22 11 23 11
23 11 23 13
16 11 16 12
16 12 16 15
8 9 8 12
8 12 9 12
30 7 32 7
32 3 32 7
10 6 17 6
17 6 17 8
26 5 28 5
28 5 28 7
26 3 26 4
26 3 27 3
0 3 1 3
1 3 6 3
18 2 18 3
18 3 21 3
0 2 1 2
1 2 4 2
28 37 33 37
19 37 21 37
8 36 9 36
22 33 22 37
11 33 11 35
19 32 21 32
14 32 18 32
37 30 37 31
8 30 8 31
6 30 6 36
21 29 23 29
10 27 11 27
35 26 37 26
32 26 32 28
8 26 8 28
0 26 0 30
1 25 2 25
26 24 28 24
28 22 30 22
33 20 33 22
28 20 30 20
27 20 27 22
32 19 32 22
22 19 22 22
36 18 36 21
13 18 13 19
18 16 18 20
17 16 17 17
30 14 30 17
17 14 19 14
33 12 33 13
24 12 24 14
25 11 25 14
3 10 4 10
0 10 0 13
32 9 37 9
21 9 23 9
11 9 16 9
33 8 35 8
27 8 27 13
36 6 37 6
33 6 35 6
18 6 18 9
1 6 2 6
33 4 35 4
31 4 31 6
13 4 14 4
9 4 12 4
30 3 30 5
8 3 11 3
25 2 25 6
20 2 22 2
15 2 15 3
18 1 26 1
10 1 13 1
0 1 4 1
31 0 33 0
27 0 30 0
22 0 25 0
16 0 16 1
18
32 8 33 8
31 7 31 6
28 6 27 6
24 9 24 10
31 3 31 4
31 8 30 8
35 7 35 8
23 12 23 11
7 3 8 3
25 24 25 23
24 23 24 22
22 23 21 23
25 23 25 22
21 24 20 24
27 14 27 15
13 29 14 29
18 14 18 15
22 24 21 24
159
26 20 26 23
26 23 31 23
27 25 31 25
31 10 31 12
31 10 33 10
31 12 31 23
31 12 32 12
31 23 31 25
31 25 34 25
33 10 34 10
10 29 10 36
10 29 12 29
10 36 10 37
11 24 14 24
11 32 12 32
12 29 12 32
12 29 14 29
14 24 14 29
14 29 14 30
9 14 9 17
9 14 13 14
9 17 12 17
11 15 13 15
13 14 13 15
13 15 14 15
14 11 14 13
14 13 14 15
1 15 1 16
1 15 4 15
1 16 1 18
1 18 1 23
1 23 1 24
1 23 2 23
16 19 16 21
16 21 16 22
16 22 16 26
16 26 16 31
16 31 25 31
6 19 6 24
6 24 9 24
9 24 9 25
9 25 10 25
16 36 17 36
17 36 19 36
19 36 20 36
8 21 15 21
15 18 15 19
15 19 15 21
35 10 36 10
36 10 36 13
36 13 36 16
1 10 1 11
1 11 1 13
1 13 2 13
9 7 9 8
9 7 11 7
11 7 11 8
4 17 5 17
5 6 5 12
5 12 5 17
23 35 26 35
26 35 28 35
18 34 18 35
18 34 21 34
33 30 35 30
35 29 35 30
26 30 30 30
30 27 30 30
1 28 3 28
3 27 3 28
29 26 29 28
29 28 29 29
18 26 20 26
20 26 20 29
19 16 19 17
19 17 19 23
29 15 29 16
29 16 29 18
22 11 23 11
23 11 23 13
16 11 16 12
16 12 16 15
8 9 8 12
8 12 9 12
30 7 32 7
32 3 32 7
10 6 17 6
17 6 17 8
26 5 28 5
28 5 28 7
26 3 26 4
26 3 27 3
0 3 1 3
1 3 6 3
18 2 18 3
18 3 21 3
0 2 1 2
1 2 4 2
28 37 33 37
19 37 21 37
8 36 9 36
22 33 22 37
11 33 11 35
19 32 21 32
14 32 18 32
37 30 37 31
8 30 8 31
6 30 6 36
21 29 23 29
10 27 11 27
35 26 37 26
32 26 32 28
8 26 8 28
0 26 0 30
1 25 2 25
26 24 28 24
21 23 21 24
28 22 30 22
33 20 33 22
28 20 30 20
27 20 27 22
32 19 32 22
22 19 22 22
36 18 36 21
13 18 13 19
18 16 18 20
17 16 17 17
30 14 30 17
17 14 19 14
33 12 33 13
24 12 24 14
25 11 25 14
3 10 4 10
0 10 0 13
32 9 37 9
21 9 23 9
11 9 16 9
33 8 35 8
27 8 27 13
36 6 37 6
33 6 35 6
18 6 18 9
1 6 2 6
33 4 35 4
31 4 31 6
13 4 14 4
9 4 12 4
30 3 30 5
8 3 11 3
25 2 25 6
20 2 22 2
15 2 15 3
18 1 26 1
10 1 13 1
0 1 4 1
31 0 33 0
27 0 30 0
22 0 25 0
16 0 16 1
19
32 8 33 8
31 7 31 6
28 6 27 6
24 9 24 10
31 3 31 4
31 8 30 8
35 7 35 8
23 12 23 11
7 3 8 3
25 24 25 23
24 23 24 22
22 23 21 23
25 23 25 22
21 24 20 24
27 14 27 15
13 29 14 29
18 14 18 15
22 24 21 24
21 24 22 24
158
26 20 26 23
26 23 31 23
27 25 31 25
31 10 31 12
31 10 33 10
31 12 31 23
31 12 32 12
31 23 31 25
31 25 34 25
33 10 34 10
10 29 10 36
10 29 12 29
10 36 10 37
11 24 14 24
11 32 12 32
12 29 12 32
12 29 14 29
14 24 14 29
14 29 14 30
9 14 9 17
9 14 13 14
9 17 12 17
11 15 13 15
13 14 13 15
13 15 14 15
14 11 14 13
14 13 14 15
1 15 1 16
1 15 4 15
1 16 1 18
1 18 1 23
1 23 1 24
1 23 2 23
16 19 16 21
16 21 16 22
16 22 16 26
16 26 16 31
16 31 25 31
6 19 6 24
6 24 9 24
9 24 9 25
9 25 10 25
16 36 17 36
17 36 19 36
19 36 20 36
8 21 15 21
15 18 15 19
15 19 15 21
35 10 36 10
36 10 36 13
36 13 36 16
1 10 1 11
1 11 1 13
1 13 2 13
9 7 9 8
9 7 11 7
11 7 11 8
4 17 5 17
5 6 5 12
5 12 5 17
23 35 26 35
26 35 28 35
18 34 18 35
18 34 21 34
33 30 35 30
35 29 35 30
26 30 30 30
30 27 30 30
1 28 3 28
3 27 3 28
29 26 29 28
29 28 29 29
18 26 20 26
20 26 20 29
19 16 19 17
19 17 19 23
29 15 29 16
29 16 29 18
22 11 23 11
23 11 23 13
16 11 16 12
16 12 16 15
8 9 8 12
8 12 9 12
30 7 32 7
32 3 32 7
10 6 17 6
17 6 17 8
26 5 28 5
28 5 28 7
26 3 26 4
26 3 27 3
0 3 1 3
1 3 6 3
18 2 18 3
18 3 21 3
0 2 1 2
1 2 4 2
28 37 33 37
19 37 21 37
8 36 9 36
22 33 22 37
11 33 11 35
19 32 21 32
14 32 18 32
37 30 37 31
8 30 8 31
6 30 6 36
21 29 23 29
10 27 11 27
35 26 37 26
32 26 32 28
8 26 8 28
0 26 0 30
1 25 2 25
26 24 28 24
28 22 30 22
33 20 33 22
28 20 30 20
27 20 27 22
32 19 32 22
22 19 22 22
36 18 36 21
13 18 13 19
18 16 18 20
17 16 17 17
30 14 30 17
17 14 19 14
33 12 33 13
24 12 24 14
25 11 25 14
3 10 4 10
0 10 0 13
32 9 37 9
21 9 23 9
11 9 16 9
33 8 35 8
27 8 27 13
36 6 37 6
33 6 35 6
18 6 18 9
1 6 2 6
33 4 35 4
31 4 31 6
13 4 14 4
9 4 12 4
30 3 30 5
8 3 11 3
25 2 25 6
20 2 22 2
15 2 15 3
18 1 26 1
10 1 13 1
0 1 4 1
31 0 33 0
27 0 30 0
22 0 25 0
16 0 16 1
20
32 8 33 8
31 7 31 6
28 6 27 6
24 9 24 10
31 3 31 4
31 8 30 8
35 7 35 8
23 12 23 11
7 3 8 3
25 24 25 23
24 23 24 22
22 23 21 23
25 23 25 22
21 24 20 24
27 14 27 15
13 29 14 29
18 14 18 15
22 24 21 24
21 24 22 24
22 24 21 24
159
26 20 26 23
26 23 31 23
27 25 31 25
31 10 31 12
31 10 33 10
31 12 31 23
31 12 32 12
31 23 31 25
31 25 34 25
33 10 34 10
10 29 10 36
10 29 12 29
10 36 10 37
11 24 14 24
11 32 12 32
12 29 12 32
12 29 14 29
14 24 14 29
14 29 14 30
9 14 9 17
9 14 13 14
9 17 12 17
11 15 13 15
13 14 13 15
13 15 14 15
14 11 14 13
14 13 14 15
1 15 1 16
1 15 4 15
1 16 1 18
1 18 1 23
1 23 1 24
1 23 2 23
16 19 16 21
16 21 16 22
16 22 16 26
16 26 16 31
16 31 25 31
6 19 6 24
6 24 9 24
9 24 9 25
9 25 10 25
16 36 17 36
17 36 19 36
19 36 20 36
8 21 15 21
15 18 15 19
15 19 15 21
35 10 36 10
36 10 36 13
36 13 36 16
1 10 1 11
1 11 1 13
1 13 2 13
9 7 9 8
9 7 11 7
11 7 11 8
4 17 5 17
5 6 5 12
5 12 5 17
23 35 26 35
26 35 28 35
18 34 18 35
18 34 21 34
33 30 35 30
35 29 35 30
26 30 30 30
30 27 30 30
1 28 3 28
3 27 3 28
29 26 29 28
29 28 29 29
18 26 20 26
20 26 20 29
19 16 19 17
19 17 19 23
29 15 29 16
29 16 29 18
22 11 23 11
23 11 23 13
16 11 16 12
16 12 16 15
8 9 8 12
8 12 9 12
30 7 32 7
32 3 32 7
10 6 17 6
17 6 17 8
26 5 28 5
28 5 28 7
26 3 26 4
26 3 27 3
0 3 1 3
1 3 6 3
18 2 18 3
18 3 21 3
0 2 1 2
1 2 4 2
28 37 33 37
19 37 21 37
8 36 9 36
22 33 22 37
11 33 11 35
19 32 21 32
14 32 18 32
37 30 37 31
8 30 8 31
6 30 6 36
21 29 23 29
10 27 11 27
35 26 37 26
32 26 32 28
8 26 8 28
0 26 0 30
1 25 2 25
26 24 28 24
21 23 21 24
28 22 30 22
33 20 33 22
28 20 30 20
27 20 27 22
32 19 32 22
22 19 22 22
36 18 36 21
13 18 13 19
18 16 18 20
17 16 17 17
30 14 30 17
17 14 19 14
33 12 33 13
24 12 24 14
25 11 25 14
3 10 4 10
0 10 0 13
32 9 37 9
21 9 23 9
11 9 16 9
33 8 35 8
27 8 27 13
36 6 37 6
33 6 35 6
18 6 18 9
1 6 2 6
33 4 35 4
31 4 31 6
13 4 14 4
9 4 12 4
30 3 30 5
8 3 11 3
25 2 25 6
20 2 22 2
15 2 15 3
18 1 26 1
10 1 13 1
0 1 4 1
31 0 33 0
27 0 30 0
22 0 25 0
16 0 16 1
21
32 8 33 8
31 7 31 6
28 6 27 6
24 9 24 10
31 3 31 4
31 8 30 8
35 7 35 8
23 12 23 11
7 3 8 3
25 24 25 23
24 23 24 22
22 23 21 23
25 23 25 22
21 24 20 24
27 14 27 15
13 29 14 29
18 14 18 15
22 24 21 24
21 24 22 24
22 24 21 24
21 24 22 24
158
26 20 26 23
26 23 31 23
27 25 31 25
31 10 31 12
31 10 33 10
31 12 31 23
31 12 32 12
31 23 31 25
31 25 34 25
33 10 34 10
10 29 10 36
10 29 12 29
10 36 10 37
11 24 14 24
11 32 12 32
12 29 12 32
12 29 14 29
14 24 14 29
14 29 14 30
9 14 9 17
9 14 13 14
9 17 12 17
11 15 13 15
13 14 13 15
13 15 14 15
14 11 14 13
14 13 14 15
1 15 1 16
1 15 4 15
1 16 1 18
1 18 1 23
1 23 1 24
1 23 2 23
16 19 16 21
16 21 16 22
16 22 16 26
16 26 16 31
16 31 25 31
6 19 6 24
6 24 9 24
9 24 9 25
9 25 10 25
16 36 17 36
17 36 19 36
19 36 20 36
8 21 15 21
15 18 15 19
15 19 15 21
35 10 36 10
36 10 36 13
36 13 36 16
1 10 1 11
1 11 1 13
1 13 2 13
9 7 9 8
9 7 11 7
11 7 11 8
4 17 5 17
5 6 5 12
5 12 5 17
23 35 26 35
26 35 28 35
18 34 18 35
18 34 21 34
33 30 35 30
35 29 35 30
26 30 30 30
30 27 30 30
1 28 3 28
3 27 3 28
29 26 29 28
29 28 29 29
18 26 20 26
20 26 20 29
19 16 19 17
19 17 19 23
29 15 29 16
29 16 29 18
22 11 23 11
23 11 23 13
16 11 16 12
16 12 16 15
8 9 8 12
8 12 9 12
30 7 32 7
32 3 32 7
10 6 17 6
17 6 17 8
26 5 28 5
28 5 28 7
26 3 26 4
26 3 27 3
0 3 1 3
1 3 6 3
18 2 18 3
18 3 21 3
0 2 1 2
1 2 4 2
28 37 33 37
19 37 21 37
8 36 9 36
22 33 22 37
11 33 11 35
19 32 21 32
14 32 18 32
37 30 37 31
8 30 8 31
6 30 6 36
21 29 23 29
10 27 11 27
35 26 37 26
32 26 32 28
8 26 8 28
0 26 0 30
1 25 2 25
26 24 28 24
28 22 30 22
33 20 33 22
28 20 30 20
27 20 27 22
32 19 32 22
22 19 22 22
36 18 36 21
13 18 13 19
18 16 18 20
17 16 17 17
30 14 30 17
17 14 19 14
33 12 33 13
24 12 24 14
25 11 25 14
3 10 4 10
0 10 0 13
32 9 37 9
21 9 23 9
11 9 16 9
33 8 35 8
27 8 27 13
36 6 37 6
33 6 35 6
18 6 18 9
1 6 2 6
33 4 35 4
31 4 31 6
13 4 14 4
9 4 12 4
30 3 30 5
8 3 11 3
25 2 25 6
20 2 22 2
15 2 15 3
18 1 26 1
10 1 13 1
0 1 4 1
31 0 33 0
27 0 30 0
22 0 25 0
16 0 16 1
22
32 8 33 8
31 7 31 6
28 6 27 6
24 9 24 10
31 3 31 4
31 8 30 8
35 7 35 8
23 12 23 11
7 3 8 3
25 24 25 23
24 23 24 22
22 23 21 23
25 23 25 22
21 24 20 24
27 14 27 15
13 29 14 29
18 14 18 15
22 24 21 24
21 24 22 24
22 24 21 24
21 24 22 24
22 24 21 24
159
26 20 26 23
26 23 31 23
27 25 31 25
31 10 31 12
31 10 33 10
31 12 31 23
31 12 32 12
31 23 31 25
31 25 34 25
33 10 34 10
10 29 10 36
10 29 12 29
10 36 10 37
11 24 14 24
11 32 12 32
12 29 12 32
12 29 14 29
14 24 14 29
14 29 14 30
9 14 9 17
9 14 13 14
9 17 12 17
11 15 13 15
13 14 13 15
13 15 14 15
14 11 14 13
14 13 14 15
1 15 1 16
1 15 4 15
1 16 1 18
1 18 1 23
1 23 1 24
1 23 2 23
16 19 16 21
16 21 16 22
16 22 16 26
16 26 16 31
16 31 25 31
6 19 6 24
6 24 9 24
9 24 9 25
9 25 10 25
16 36 17 36
17 36 19 36
19 36 20 36
8 21 15 21
15 18 15 19
15 19 15 21
35 10 36 10
36 10 36 13
36 13 36 16
1 10 1 11
1 11 1 13
1 13 2 13
9 7 9 8
9 7 11 7
11 7 11 8
4 17 5 17
5 6 5 12
5 12 5 17
23 35 26 35
26 35 28 35
18 34 18 35
18 34 21 34
33 30 35 30
35 29 35 30
26 30 30 30
30 27 30 30
1 28 3 28
3 27 3 28
29 26 29 28
29 28 29 29
18 26 20 26
20 26 20 29
19 16 19 17
19 17 19 23
29 15 29 16
29 16 29 18
22 11 23 11
23 11 23 13
16 11 16 12
16 12 16 15
8 9 8 12
8 12 9 12
30 7 32 7
32 3 32 7
10 6 17 6
17 6 17 8
26 5 28 5
28 5 28 7
26 3 26 4
26 3 27 3
0 3 1 3
1 3 6 3
18 2 18 3
18 3 21 3
0 2 1 2
1 2 4 2
28 37 33 37
19 37 21 37
8 36 9 36
22 33 22 37
11 33 11 35
19 32 21 32
14 32 18 32
37 30 37 31
8 30 8 31
6 30 6 36
21 29 23 29
10 27 11 27
35 26 37 26
32 26 32 28
8 26 8 28
0 26 0 30
1 25 2 25
26 24 28 24
21 23 21 24
28 22 30 22
33 20 33 22
28 20 30 20
27 20 27 22
32 19 32 22
22 19 22 22
36 18 36 21
13 18 13 19
18 16 18 20
17 16 17 17
30 14 30 17
17 14 19 14
33 12 33 13
24 12 24 14
25 11 25 14
3 10 4 10
0 10 0 13
32 9 37 9
21 9 23 9
11 9 16 9
33 8 35 8
27 8 27 13
36 6 37 6
33 6 35 6
18 6 18 9
1 6 2 6
33 4 35 4
31 4 31 6
13 4 14 4
9 4 12 4
30 3 30 5
8 3 11 3
25 2 25 6
20 2 22 2
15 2 15 3
18 1 26 1
10 1 13 1
0 1 4 1
31 0 33 0
27 0 30 0
22 0 25 0
16 0 16 1
23
32 8 33 8
31 7 31 6
28 6 27 6
24 9 24 10
31 3 31 4
31 8 30 8
35 7 35 8
23 12 23 11
7 3 8 3
25 24 25 23
24 23 24 22
22 23 21 23
25 23 25 22
21 24 20 24
27 14 27 15
13 29 14 29
18 14 18 15
22 24 21 24
21 24 22 24
22 24 21 24
21 24 22 24
22 24 21 24
21 24 22 24
158
26 20 26 23
26 23 31 23
27 25 31 25
31 10 31 12
31 10 33 10
31 12 31 23
31 12 32 12
31 23 31 25
31 25 34 25
33 10 34 10
10 29 10 36
10 29 12 29
10 36 10 37
11 24 14 24
11 32 12 32
12 29 12 32
12 29 14 29
14 24 14 29
14 29 14 30
9 14 9 17
9 14 13 14
9 17 12 17
11 15 13 15
13 14 13 15
13 15 14 15
14 11 14 13
14 13 14 15
1 15 1 16
1 15 4 15
1 16 1 18
1 18 1 23
1 23 1 24
1 23 2 23
16 19 16 21
16 21 16 22
16 22 16 26
16 26 16 31
16 31 25 31
6 19 6 24
6 24 9 24
9 24 9 25
9 25 10 25
16 36 17 36
17 36 19 36
19 36 20 36
8 21 15 21
15 18 15 19
15 19 15 21
35 10 36 10
36 10 36 13
36 13 36 16
1 10 1 11
1 11 1 13
1 13 2 13
9 7 9 8
9 7 11 7
11 7 11 8
4 17 5 17
5 6 5 12
5 12 5 17
23 35 26 35
26 35 28 35
18 34 18 35
18 34 21 34
33 30 35 30
35 29 35 30
26 30 30 30
30 27 30 30
1 28 3 28
3 27 3 28
29 26 29 28
29 28 29 29
18 26 20 26
20 26 20 29
19 16 19 17
19 17 19 23
29 15 29 16
29 16 29 18
22 11 23 11
23 11 23 13
16 11 16 12
16 12 16 15
8 9 8 12
8 12 9 12
30 7 32 7
32 3 32 7
10 6 17 6
17 6 17 8
26 5 28 5
28 5 28 7
26 3 26 4
26 3 27 3
0 3 1 3
1 3 6 3
18 2 18 3
18 3 21 3
0 2 1 2
1 2 4 2
28 37 33 37
19 37 21 37
8 36 9 36
22 33 22 37
11 33 11 35
19 32 21 32
14 32 18 32
37 30 37 31
8 30 8 31
6 30 6 36
21 29 23 29
10 27 11 27
35 26 37 26
32 26 32 28
8 26 8 28
0 26 0 30
1 25 2 25
26 24 28 24
28 22 30 22
33 20 33 22
28 20 30 20
27 20 27 22
32 19 32 22
22 19 22 22
36 18 36 21
13 18 13 19
18 16 18 20
17 16 17 17
30 14 30 17
17 14 19 14
33 12 33 13
24 12 24 14
25 11 25 14
3 10 4 10
0 10 0 13
32 9 37 9
21 9 23 9
11 9 16 9
33 8 35 8
27 8 27 13
36 6 37 6
33 6 35 6
18 6 18 9
1 6 2 6
33 4 35 4
31 4 31 6
13 4 14 4
9 4 12 4
30 3 30 5
8 3 11 3
25 2 25 6
20 2 22 2
15 2 15 3
18 1 26 1
10 1 13 1
0 1 4 1
31 0 33 0
27 0 30 0
22 0 25 0
16 0 16 1
24
32 8 33 8
31 7 31 6
28 6 27 6
24 9 24 10
31 3 31 4
31 8 30 8
35 7 35 8
23 12 23 11
7 3 8 3
25 24 25 23
24 23 24 22
22 23 21 23
25 23 25 22
21 24 20 24
27 14 27 15
13 29 14 29
18 14 18 15
22 24 21 24
21 24 22 24
22 24 21 24
21 24 22 24
22 24 21 24
21 24 22 24
22 24 21 24
159
26 20 26 23
26 23 31 23
27 25 31 25
31 10 31 12
31 10 33 10
31 12 31 23
31 12 32 12
31 23 31 25
31 25 34 25
33 10 34 10
10 29 10 36
10 29 12 29
10 36 10 37
11 24 14 24
11 32 12 32
12 29 12 32
12 29 14 29
14 24 14 29
14 29 14 30
9 14 9 17
9 14 13 14
9 17 12 17
11 15 13 15
13 14 13 15
13 15 14 15
14 11 14 13
14 13 14 15
1 15 1 16
1 15 4 15
1 16 1 18
1 18 1 23
1 23 1 24
1 23 2 23
16 19 16 21
16 21 16 22
16 22 16 26
16 26 16 31
16 31 25 31
6 19 6 24
6 24 9 24
9 24 9 25
9 25 10 25
16 36 17 36
17 36 19 36
19 36 20 36
8 21 15 21
15 18 15 19
15 19 15 21
35 10 36 10
36 10 36 13
36 13 36 16
1 10 1 11
1 11 1 13
1 13 2 13
9 7 9 8
9 7 11 7
11 7 11 8
4 17 5 17
5 6 5 12
5 12 5 17
23 35 26 35
26 35 28 35
18 34 18 35
18 34 21 34
33 30 35 30
35 29 35 30
26 30 30 30
30 27 30 30
1 28 3 28
3 27 3 28
29 26 29 28
29 28 29 29
18 26 20 26
20 26 20 29
19 16 19 17
19 17 19 23
29 15 29 16
29 16 29 18
22 11 23 11
23 11 23 13
16 11 16 12
16 12 16 15
8 9 8 12
8 12 9 12
30 7 32 7
32 3 32 7
10 6 17 6
17 6 17 8
26 5 28 5
28 5 28 7
26 3 26 4
26 3 27 3
0 3 1 3
1 3 6 3
18 2 18 3
18 3 21 3
0 2 1 2
1 2 4 2
28 37 33 37
19 37 21 37
8 36 9 36
22 33 22 37
11 33 11 35
19 32 21 32
14 32 18 32
37 30 37 31
8 30 8 31
6 30 6 36
21 29 23 29
10 27 11 27
35 26 37 26
32 26 32 28
8 26 8 28
0 26 0 30
1 25 2 25
26 24 28 24
21 23 21 24
28 22 30 22
33 20 33 22
28 20 30 20
27 20 27 22
32 19 32 22
22 19 22 22
36 18 36 21
13 18 13 19
18 16 18 20
17 16 17 17
30 14 30 17
17 14 19 14
33 12 33 13
24 12 24 14
25 11 25 14
3 10 4 10
0 10 0 13
32 9 37 9
21 9 23 9
11 9 16 9
33 8 35 8
27 8 27 13
36 6 37 6
33 6 35 6
18 6 18 9
1 6 2 6
33 4 35 4
31 4 31 6
13 4 14 4
9 4 12 4
30 3 30 5
8 3 11 3
25 2 25 6
20 2 22 2
15 2 15 3
18 1 26 1
10 1 13 1
0 1 4 1
31 0 33 0
27 0 30 0
22 0 25 0
16 0 16 1
25
32 8 33 8
31 7 31 6
28 6 27 6
24 9 24 10
31 3 31 4
31 8 30 8
35 7 35 8
23 12 23 11
7 3 8 3
25 24 25 23
24 23 24 22
22 23 21 23
25 23 25 22
21 24 20 24
27 14 27 15
13 29 14 29
18 14 18 15
22 24 21 24
21 24 22 24
22 24 21 24
21 24 22 24
22 24 21 24
21 24 22 24
22 24 21 24
21 24 22 24
158
26 20 26 23
26 23 31 23
27 25 31 25
31 10 31 12
31 10 33 10
31 12 31 23
31 12 32 12
31 23 31 25
31 25 34 25
33 10 34 10
10 29 10 36
10 29 12 29
10 36 10 37
11 24 14 24
11 32 12 32
12 29 12 32
12 29 14 29
14 24 14 29
14 29 14 30
9 14 9 17
9 14 13 14
9 17 12 17
11 15 13 15
13 14 13 15
13 15 14 15
14 11 14 13
14 13 14 15
1 15 1 16
1 15 4 15
1 16 1 18
1 18 1 23
1 23 1 24
1 23 2 23
16 19 16 21
16 21 16 22
16 22 16 26
16 26 16 31
16 31 25 31
6 19 6 24
6 24 9 24
9 24 9 25
9 25 10 25
16 36 17 36
17 36 19 36
19 36 20 36
8 21 15 21
15 18 15 19
15 19 15 21
35 10 36 10
36 10 36 13
36 13 36 16
1 10 1 11
1 11 1 13
1 13 2 13
9 7 9 8
9 7 11 7
11 7 11 8
4 17 5 17
5 6 5 12
5 12 5 17
23 35 26 35
26 35 28 35
18 34 18 35
18 34 21 34
33 30 35 30
35 29 35 30
26 30 30 30
30 27 30 30
1 28 3 28
3 27 3 28
29 26 29 28
29 28 29 29
18 26 20 26
20 26 20 29
19 16 19 17
19 17 19 23
29 15 29 16
29 16 29 18
22 11 23 11
23 11 23 13
16 11 16 12
16 12 16 15
8 9 8 12
8 12 9 12
30 7 32 7
32 3 32 7
10 6 17 6
17 6 17 8
26 5 28 5
28 5 28 7
26 3 26 4
26 3 27 3
0 3 1 3
1 3 6 3
18 2 18 3
18 3 21 3
0 2 1 2
1 2 4 2
28 37 33 37
19 37 21 37
8 36 9 36
22 33 22 37
11 33 11 35
19 32 21 32
14 32 18 32
37 30 37 31
8 30 8 31
6 30 6 36
21 29 23 29
10 27 11 27
35 26 37 26
32 26 32 28
8 26 8 28
0 26 0 30
1 25 2 25
26 24 28 24
28 22 30 22
33 20 33 22
28 20 30 20
27 20 27 22
32 19 32 22
22 19 22 22
36 18 36 21
13 18 13 19
18 16 18 20
17 16 17 17
30 14 30 17
17 14 19 14
33 12 33 13
24 12 24 14
25 11 25 14
3 10 4 10
0 10 0 13
32 9 37 9
21 9 23 9
11 9 16 9
33 8 35 8
27 8 27 13
36 6 37 6
33 6 35 6
18 6 18 9
1 6 2 6
33 4 35 4
31 4 31 6
13 4 14 4
9 4 12 4
30 3 30 5
8 3 11 3
25 2 25 6
20 2 22 2
15 2 15 3
18 1 26 1
10 1 13 1
0 1 4 1
31 0 33 0
27 0 30 0
22 0 25 0
16 0 16 1
26
32 8 33 8
31 7 31 6
28 6 27 6
24 9 24 10
31 3 31 4
31 8 30 8
35 7 35 8
23 12 23 11
7 3 8 3
25 24 25 23
24 23 24 22
22 23 21 23
25 23 25 22
21 24 20 24
27 14 27 15
13 29 14 29
18 14 18 15
22 24 21 24
21 24 22 24
22 24 21 24
21 24 22 24
22 24 21 24
21 24 22 24
22 24 21 24
21 24 22 24
22 24 21 24
159
26 20 26 23
26 23 31 23
27 25 31 25
31 10 31 12
31 10 33 10
31 12 31 23
31 12 32 12
31 23 31 25
31 25 34 25
33 10 34 10
10 29 10 36
10 29 12 29
10 36 10 37
11 24 14 24
11 32 12 32
12 29 12 32
12 29 14 29
14 24 14 29
14 29 14 30
9 14 9 17
9 14 13 14
9 17 12 17
11 15 13 15
13 14 13 15
13 15 14 15
14 11 14 13
14 13 14 15
1 15 1 16
1 15 4 15
1 16 1 18
1 18 1 23
1 23 1 24
1 23 2 23
16 19 16 21
16 21 16 22
16 22 16 26
16 26 16 31
16 31 25 31
6 19 6 24
6 24 9 24
9 24 9 25
9 25 10 25
16 36 17 36
17 36 19 36
19 36 20 36
8 21 15 21
15 18 15 19
15 19 15 21
35 10 36 10
36 10 36 13
36 13 36 16
1 10 1 11
1 11 1 13
1 13 2 13
9 7 9 8
9 7 11 7
11 7 11 8
4 17 5 17
5 6 5 12
5 12 5 17
23 35 26 35
26 35 28 35
18 34 18 35
18 34 21 34
33 30 35 30
35 29 35 30
26 30 30 30
30 27 30 30
1 28 3 28
3 27 3 28
29 26 29 28
29 28 29 29
18 26 20 26
20 26 20 29
19 16 19 17
19 17 19 23
29 15 29 16
29 16 29 18
22 11 23 11
23 11 23 13
16 11 16 12
16 12 16 15
8 9 8 12
8 12 9 12
30 7 32 7
32 3 32 7
10 6 17 6
17 6 17 8
26 5 28 5
28 5 28 7
26 3 26 4
26 3 27 3
0 3 1 3
1 3 6 3
18 2 18 3
18 3 21 3
0 2 1 2
1 2 4 2
28 37 33 37
19 37 21 37
8 36 9 36
22 33 22 37
11 33 11 35
19 32 21 32
14 32 18 32
37 30 37 31
8 30 8 31
6 30 6 36
21 29 23 29
10 27 11 27
35 26 37 26
32 26 32 28
8 26 8 28
0 26 0 30
1 25 2 25
26 24 28 24
21 23 21 24
28 22 30 22
33 20 33 22
28 20 30 20
27 20 27 22
32 19 32 22
22 19 22 22
36 18 36 21
13 18 13 19
18 16 18 20
17 16 17 17
30 14 30 17
17 14 19 14
33 12 33 13
24 12 24 14
25 11 25 14
3 10 4 10
0 10 0 13
32 9 37 9
21 9 23 9
11 9 16 9
33 8 35 8
27 8 27 13
36 6 37 6
33 6 35 6
18 6 18 9
1 6 2 6
33 4 35 4
31 4 31 6
13 4 14 4
9 4 12 4
30 3 30 5
8 3 11 3
25 2 25 6
20 2 22 2
15 2 15 3
18 1 26 1
10 1 13 1
0 1 4 1
31 0 33 0
27 0 30 0
22 0 25 0
16 0 16 1
27
32 8 33 8
31 7 31 6
28 6 27 6
24 9 24 10
31 3 31 4
31 8 30 8
35 7 35 8
23 12 23 11
7 3 8 3
25 24 25 23
24 23 24 22
22 23 21 23
25 23 25 22
21 24 20 24
27 14 27 15
13 29 14 29
18 14 18 15
22 24 21 24
21 24 22 24
22 24 21 24
21 24 22 24
22 24 21 24
21 24 22 24
22 24 21 24
21 24 22 24
22 24 21 24
21 24 22 24
158
26 20 26 23
26 23 31 23
27 25 31 25
31 10 31 12
31 10 33 10
31 12 31 23
31 12 32 12
31 23 31 25
31 25 34 25
33 10 34 10
10 29 10 36
10 29 12 29
10 36 10 37
11 24 14 24
11 32 12 32
12 29 12 32
12 29 14 29
14 24 14 29
14 29 14 30
9 14 9 17
9 14 13 14
9 17 12 17
11 15 13 15
13 14 13 15
13 15 14 15
14 11 14 13
14 13 14 15
1 15 1 16
1 15 4 15
1 16 1 18
1 18 1 23
1 23 1 24
1 23 2 23
16 19 16 21
16 21 16 22
16 22 16 26
16 26 16 31
16 31 25 31
6 19 6 24
6 24 9 24
9 24 9 25
9 25 10 25
16 36 17 36
17 36 19 36
19 36 20 36
8 21 15 21
15 18 15 19
15 19 15 21
35 10 36 10
36 10 36 13
36 13 36 16
1 10 1 11
1 11 1 13
1 13 2 13
9 7 9 8
9 7 11 7
11 7 11 8
4 17 5 17
5 6 5 12
5 12 5 17
23 35 26 35
26 35 28 35
18 34 18 35
18 34 21 34
33 30 35 30
35 29 35 30
26 30 30 30
30 27 30 30
1 28 3 28
3 27 3 28
29 26 29 28
29 28 29 29
18 26 20 26
20 26 20 29
19 16 19 17
19 17 19 23
29 15 29 16
29 16 29 18
22 11 23 11
23 11 23 13
16 11 16 12
16 12 16 15
8 9 8 12
8 12 9 12
30 7 32 7
32 3 32 7
10 6 17 6
17 6 17 8
26 5 28 5
28 5 28 7
26 3 26 4
26 3 27 3
0 3 1 3
1 3 6 3
18 2 18 3
18 3 21 3
0 2 1 2
1 2 4 2
28 37 33 37
19 37 21 37
8 36 9 36
22 33 22 37
11 33 11 35
19 32 21 32
14 32 18 32
37 30 37 31
8 30 8 31
6 30 6 36
21 29 23 29
10 27 11 27
35 26 37 26
32 26 32 28
8 26 8 28
0 26 0 30
1 25 2 25
26 24 28 24
28 22 30 22
33 20 33 22
28 20 30 20
27 20 27 22
32 19 32 22
22 19 22 22
36 18 36 21
13 18 13 19
18 16 18 20
17 16 17 17
30 14 30 17
17 14 19 14
33 12 33 13
24 12 24 14
25 11 25 14
3 10 4 10
0 10 0 13
32 9 37 9
21 9 23 9
11 9 16 9
33 8 35 8
27 8 27 13
36 6 37 6
33 6 35 6
18 6 18 9
1 6 2 6
33 4 35 4
31 4 31 6
13 4 14 4
9 4 12 4
30 3 30 5
8 3 11 3
25 2 25 6
20 2 22 2
15 2 15 3
18 1 26 1
10 1 13 1
0 1 4 1
31 0 33 0
27 0 30 0
22 0 25 0
16 0 16 1
28
32 8 33 8
31 7 31 6
28 6 27 6
24 9 24 10
31 3 31 4
31 8 30 8
35 7 35 8
23 12 23 11
7 3 8 3
25 24 25 23
24 23 24 22
22 23 21 23
25 23 25 22
21 24 20 24
27 14 27 15
13 29 14 29
18 14 18 15
22 24 21 24
21 24 22 24
22 24 21 24
21 24 22 24
22 24 21 24
21 24 22 24
22 24 21 24
21 24 22 24
22 24 21 24
21 24 22 24
22 24 21 24
159
26 20 26 23
26 23 31 23
27 25 31 25
31 10 31 12
31 10 33 10
31 12 31 23
31 12 32 12
31 23 31 25
31 25 34 25
33 10 34 10
10 29 10 36
10 29 12 29
10 36 10 37
11 24 14 24
11 32 12 32
12 29 12 32
12 29 14 29
14 24 14 29
14 29 14 30
9 14 9 17
9 14 13 14
9 17 12 17
11 15 13 15
13 14 13 15
13 15 14 15
14 11 14 13
14 13 14 15
1 15 1 16
1 15 4 15
1 16 1 18
1 18 1 23
1 23 1 24
1 23 2 23
16 19 16 21
16 21 16 22
16 22 16 26
16 26 16 31
16 31 25 31
6 19 6 24
6 24 9 24
9 24 9 25
9 25 10 25
16 36 17 36
17 36 19 36
19 36 20 36
8 21 15 21
15 18 15 19
15 19 15 21
35 10 36 10
36 10 36 13
36 13 36 16
1 10 1 11
1 11 1 13
1 13 2 13
9 7 9 8
9 7 11 7
11 7 11 8
4 17 5 17
5 6 5 12
5 12 5 17
23 35 26 35
26 35 28 35
18 34 18 35
18 34 21 34
33 30 35 30
35 29 35 30
26 30 30 30
30 27 30 30
1 28 3 28
3 27 3 28
29 26 29 28
29 28 29 29
18 26 20 26
20 26 20 29
19 16 19 17
19 17 19 23
29 15 29 16
29 16 29 18
22 11 23 11
23 11 23 13
16 11 16 12
16 12 16 15
8 9 8 12
8 12 9 12
30 7 32 7
32 3 32 7
10 6 17 6
17 6 17 8
26 5 28 5
28 5 28 7
26 3 26 4
26 3 27 3
0 3 1 3
1 3 6 3
18 2 18 3
18 3 21 3
0 2 1 2
1 2 4 2
28 37 33 37
19 37 21 37
8 36 9 36
22 33 22 37
11 33 11 35
19 32 21 32
14 32 18 32
37 30 37 31
8 30 8 31
6 30 6 36
21 29 23 29
10 27 11 27
35 26 37 26
32 26 32 28
8 26 8 28
0 26 0 30
1 25 2 25
26 24 28 24
21 23 21 24
28 22 30 22
33 20 33 22
28 20 30 20
27 20 27 22
32 19 32 22
22 19 22 22
36 18 36 21
13 18 13 19
18 16 18 20
17 16 17 17
30 14 30 17
17 14 19 14
33 12 33 13
24 12 24 14
25 11 25 14
3 10 4 10
0 10 0 13
32 9 37 9
21 9 23 9
11 9 16 9
33 8 35 8
27 8 27 13
36 6 37 6
33 6 35 6
18 6 18 9
1 6 2 6
33 4 35 4
31 4 31 6
13 4 14 4
9 4 12 4
30 3 30 5
8 3 11 3
25 2 25 6
20 2 22 2
15 2 15 3
18 1 26 1
10 1 13 1
0 1 4 1
31 0 33 0
27 0 30 0
22 0 25 0
16 0 16 1
29
32 8 33 8
31 7 31 6
28 6 27 6
24 9 24 10
31 3 31 4
31 8 30 8
35 7 35 8
23 12 23 11
7 3 8 3
25 24 25 23
24 23 24 22
22 23 21 23
25 23 25 22
21 24 20 24
27 14 27 15
13 29 14 29
18 14 18 15
22 24 21 24
21 24 22 24
22 24 21 24
21 24 22 24
22 24 21 24
21 24 22 24
22 24 21 24
21 24 22 24
22 24 21 24
21 24 22 24
22 24 21 24
21 24 22 24
158
26 20 26 23
26 23 31 23
27 25 31 25
31 10 31 12
31 10 33 10
31 12 31 23
31 12 32 12
31 23 31 25
31 25 34 25
33 10 34 10
10 29 10 36
10 29 12 29
10 36 10 37
11 24 14 24
11 32 12 32
12 29 12 32
12 29 14 29
14 24 14 29
14 29 14 30
9 14 9 17
9 14 13 14
9 17 12 17
11 15 13 15
13 14 13 15
13 15 14 15
14 11 14 13
14 13 14 15
1 15 1 16
1 15 4 15
1 16 1 18
1 18 1 23
1 23 1 24
1 23 2 23
16 19 16 21
16 21 16 22
16 22 16 26
16 26 16 31
16 31 25 31
6 19 6 24
6 24 9 24
9 24 9 25
9 25 10 25
16 36 17 36
17 36 19 36
19 36 20 36
8 21 15 21
15 18 15 19
15 19 15 21
35 10 36 10
36 10 36 13
36 13 36 16
1 10 1 11
1 11 1 13
1 13 2 13
9 7 9 8
9 7 11 7
11 7 11 8
4 17 5 17
5 6 5 12
5 12 5 17
23 35 26 35
26 35 28 35
18 34 18 35
18 34 21 34
33 30 35 30
35 29 35 30
26 30 30 30
30 27 30 30
1 28 3 28
3 27 3 28
29 26 29 28
29 28 29 29
18 26 20 26
20 26 20 29
19 16 19 17
19 17 19 23
29 15 29 16
29 16 29 18
22 11 23 11
23 11 23 13
16 11 16 12
16 12 16 15
8 9 8 12
8 12 9 12
30 7 32 7
32 3 32 7
10 6 17 6
17 6 17 8
26 5 28 5
28 5 28 7
26 3 26 4
26 3 27 3
0 3 1 3
1 3 6 3
18 2 18 3
18 3 21 3
0 2 1 2
1 2 4 2
28 37 33 37
19 37 21 37
8 36 9 36
22 33 22 37
11 33 11 35
19 32 21 32
14 32 18 32
37 30 37 31
8 30 8 31
6 30 6 36
21 29 23 29
10 27 11 27
35 26 37 26
32 26 32 28
8 26 8 28
0 26 0 30
1 25 2 25
26 24 28 24
28 22 30 22
33 20 33 22
28 20 30 20
27 20 27 22
32 19 32 22
22 19 22 22
36 18 36 21
13 18 13 19
18 16 18 20
17 16 17 17
30 14 30 17
17 14 19 14
33 12 33 13
24 12 24 14
25 11 25 14
3 10 4 10
0 10 0 13
32 9 37 9
21 9 23 9
11 9 16 9
33 8 35 8
27 8 27 13
36 6 37 6
33 6 35 6
18 6 18 9
1 6 2 6
33 4 35 4
31 4 31 6
13 4 14 4
9 4 12 4
30 3 30 5
8 3 11 3
25 2 25 6
20 2 22 2
15 2 15 3
18 1 26 1
10 1 13 1
0 1 4 1
31 0 33 0
27 0 30 0
22 0 25 0
16 0 16 1
30
32 8 33 8
31 7 31 6
28 6 27 6
24 9 24 10
31 3 31 4
31 8 30 8
35 7 35 8
23 12 23 11
7 3 8 3
25 24 25 23
24 23 24 22
22 23 21 23
25 23 25 22
21 24 20 24
27 14 27 15
13 29 14 29
18 14 18 15
22 24 21 24
21 24 22 24
22 24 21 24
21 24 22 24
22 24 21 24
21 24 22 24
22 24 21 24
21 24 22 24
22 24 21 24
21 24 22 24
22 24 21 24
21 24 22 24
22 24 21 24
159
26 20 26 23
26 23 31 23
27 25 31 25
31 10 31 12
31 10 33 10
31 12 31 23
31 12 32 12
31 23 31 25
31 25 34 25
33 10 34 10
10 29 10 36
10 29 12 29
10 36 10 37
11 24 14 24
11 32 12 32
12 29 12 32
12 29 14 29
14 24 14 29
14 29 14 30
9 14 9 17
9 14 13 14
9 17 12 17
11 15 13 15
13 14 13 15
13 15 14 15
14 11 14 13
14 13 14 15
1 15 1 16
1 15 4 15
1 16 1 18
1 18 1 23
1 23 1 24
1 23 2 23
16 19 16 21
16 21 16 22
16 22 16 26
16 26 16 31
16 31 25 31
6 19 6 24
6 24 9 24
9 24 9 25
9 25 10 25
16 36 17 36
17 36 19 36
19 36 20 36
8 21 15 21
15 18 15 19
15 19 15 21
35 10 36 10
36 10 36 13
36 13 36 16
1 10 1 11
1 11 1 13
1 13 2 13
9 7 9 8
9 7 11 7
11 7 11 8
4 17 5 17
5 6 5 12
5 12 5 17
23 35 26 35
26 35 28 35
18 34 18 35
18 34 21 34
33 30 35 30
35 29 35 30
26 30 30 30
30 27 30 30
1 28 3 28
3 27 3 28
29 26 29 28
29 28 29 29
18 26 20 26
20 26 20 29
19 16 19 17
19 17 19 23
29 15 29 16
29 16 29 18
22 11 23 11
23 11 23 13
16 11 16 12
16 12 16 15
8 9 8 12
8 12 9 12
30 7 32 7
32 3 32 7
10 6 17 6
17 6 17 8
26 5 28 5
28 5 28 7
26 3 26 4
26 3 27 3
0 3 1 3
1 3 6 3
18 2 18 3
18 3 21 3
0 2 1 2
1 2 4 2
28 37 33 37
19 37 21 37
8 36 9 36
22 33 22 37
11 33 11 35
19 32 21 32
14 32 18 32
37 30 37 31
8 30 8 31
6 30 6 36
21 29 23 29
10 27 11 27
35 26 37 26
32 26 32 28
8 26 8 28
0 26 0 30
1 25 2 25
26 24 28 24
21 23 21 24
28 22 30 22
33 20 33 22
28 20 30 20
27 20 27 22
32 19 32 22
22 19 22 22
36 18 36 21
13 18 13 19
18 16 18 20
17 16 17 17
30 14 30 17
17 14 19 14
33 12 33 13
24 12 24 14
25 11 25 14
3 10 4 10
0 10 0 13
32 9 37 9
21 9 23 9
11 9 16 9
33 8 35 8
27 8 27 13
36 6 37 6
33 6 35 6
18 6 18 9
1 6 2 6
33 4 35 4
31 4 31 6
13 4 14 4
9 4 12 4
30 3 30 5
8 3 11 3
25 2 25 6
20 2 22 2
15 2 15 3
18 1 26 1
10 1 13 1
0 1 4 1
31 0 33 0
27 0 30 0
22 0 25 0
16 0 16 1
31
32 8 33 8
31 7 31 6
28 6 27 6
24 9 24 10
31 3 31 4
31 8 30 8
35 7 35 8
23 12 23 11
7 3 8 3
25 24 25 23
24 23 24 22
22 23 21 23
25 23 25 22
21 24 20 24
27 14 27 15
13 29 14 29
18 14 18 15
22 24 21 24
21 24 22 24
22 24 21 24
21 24 22 24
22 24 21 24
21 24 22 24
22 24 21 24
21 24 22 24
22 24 21 24
21 24 22 24
22 24 21 24
21 24 22 24
22 24 21 24
21 24 22 24
158
26 20 26 23
26 23 31 23
27 25 31 25
31 10 31 12
31 10 33 10
31 12 31 23
31 12 32 12
31 23 31 25
31 25 34 25
33 10 34 10
10 29 10 36
10 29 12 29
10 36 10 37
11 24 14 24
11 32 12 32
12 29 12 32
12 29 14 29
14 24 14 29
14 29 14 30
9 14 9 17
9 14 13 14
9 17 12 17
11 15 13 15
13 14 13 15
13 15 14 15
14 11 14 13
14 13 14 15
1 15 1 16
1 15 4 15
1 16 1 18
1 18 1 23
1 23 1 24
1 23 2 23
16 19 16 21
16 21 16 22
16 22 16 26
16 26 16 31
16 31 25 31
6 19 6 24
6 24 9 24
9 24 9 25
9 25 10 25
16 36 17 36
17 36 19 36
19 36 20 36
8 21 15 21
15 18 15 19
15 19 15 21
35 10 36 10
36 10 36 13
36 13 36 16
1 10 1 11
1 11 1 13
1 13 2 13
9 7 9 8
9 7 11 7
11 7 11 8
4 17 5 17
5 6 5 12
5 12 5 17
23 35 26 35
26 35 28 35
18 34 18 35
18 34 21 34
33 30 35 30
35 29 35 30
26 30 30 30
30 27 30 30
1 28 3 28
3 27 3 28
29 26 29 28
29 28 29 29
18 26 20 26
20 26 20 29
19 16 19 17
19 17 19 23
29 15 29 16
29 16 29 18
22 11 23 11
23 11 23 13
16 11 16 12
16 12 16 15
8 9 8 12
8 12 9 12
30 7 32 7
32 3 32 7
10 6 17 6
17 6 17 8
26 5 28 5
28 5 28 7
26 3 26 4
26 3 27 3
0 3 1 3
1 3 6 3
18 2 18 3
18 3 21 3
0 2 1 2
1 2 4 2
28 37 33 37
19 37 21 37
8 36 9 36
22 33 22 37
11 33 11 35
19 32 21 32
14 32 18 32
37 30 37 31
8 30 8 31
6 30 6 36
21 29 23 29
10 27 11 27
35 26 37 26
32 26 32 28
8 26 8 28
0 26 0 30
1 25 2 25
26 24 28 24
28 22 30 22
33 20 33 22
28 20 30 20
27 20 27 22
32 19 32 22
22 19 22 22
36 18 36 21
13 18 13 19
18 16 18 20
17 16 17 17
30 14 30 17
17 14 19 14
33 12 33 13
24 12 24 14
25 11 25 14
3 10 4 10
0 10 0 13
32 9 37 9
21 9 23 9
11 9 16 9
33 8 35 8
27 8 27 13
36 6 37 6
33 6 35 6
18 6 18 9
1 6 2 6
33 4 35 4
31 4 31 6
13 4 14 4
9 4 12 4
30 3 30 5
8 3 11 3
25 2 25 6
20 2 22 2
15 2 15 3
18 1 26 1
10 1 13 1
0 1 4 1
31 0 33 0
27 0 30 0
22 0 25 0
16 0 16 1
32
32 8 33 8
31 7 31 6
28 6 27 6
24 9 24 10
31 3 31 4
31 8 30 8
35 7 35 8
23 12 23 11
7 3 8 3
25 24 25 23
24 23 24 22
22 23 21 23
25 23 25 22
21 24 20 24
27 14 27 15
13 29 14 29
18 14 18 15
22 24 21 24
21 24 22 24
22 24 21 24
21 24 22 24
22 24 21 24
21 24 22 24
22 24 21 24
21 24 22 24
22 24 21 24
21 24 22 24
22 24 21 24
21 24 22 24
22 24 21 24
21 24 22 24
22 24 21 24
159
26 20 26 23
26 23 31 23
27 25 31 25
31 10 31 12
31 10 33 10
31 12 31 23
31 12 32 12
31 23 31 25
31 25 34 25
33 10 34 10
10 29 10 36
10 29 12 29
10 36 10 37
11 24 14 24
11 32 12 32
12 29 12 32
12 29 14 29
14 24 14 29
14 29 14 30
9 14 9 17
9 14 13 14
9 17 12 17
11 15 13 15
13 14 13 15
13 15 14 15
14 11 14 13
14 13 14 15
1 15 1 16
1 15 4 15
1 16 1 18
1 18 1 23
1 23 1 24
1 23 2 23
16 19 16 21
16 21 16 22
16 22 16 26
16 26 16 31
16 31 25 31
6 19 6 24
6 24 9 24
9 24 9 25
9 25 10 25
16 36 17 36
17 36 19 36
19 36 20 36
8 21 15 21
15 18 15 19
15 19 15 21
35 10 36 10
36 10 36 13
36 13 36 16
1 10 1 11
1 11 1 13
1 13 2 13
9 7 9 8
9 7 11 7
11 7 11 8
4 17 5 17
5 6 5 12
5 12 5 17
23 35 26 35
26 35 28 35
18 34 18 35
18 34 21 34
33 30 35 30
35 29 35 30
26 30 30 30
30 27 30 30
1 28 3 28
3 27 3 28
29 26 29 28
29 28 29 29
18 26 20 26
20 26 20 29
19 16 19 17
19 17 19 23
29 15 29 16
29 16 29 18
22 11 23 11
23 11 23 13
16 11 16 12
16 12 16 15
8 9 8 12
8 12 9 12
30 7 32 7
32 3 32 7
10 6 17 6
17 6 17 8
26 5 28 5
28 5 28 7
26 3 26 4
26 3 27 3
0 3 1 3
1 3 6 3
18 2 18 3
18 3 21 3
0 2 1 2
1 2 4 2
28 37 33 37
19 37 21 37
8 36 9 36
22 33 22 37
11 33 11 35
19 32 21 32
14 32 18 32
37 30 37 31
8 30 8 31
6 30 6 36
21 29 23 29
10 27 11 27
35 26 37 26
32 26 32 28
8 26 8 28
0 26 0 30
1 25 2 25
26 24 28 24
21 23 21 24
28 22 30 22
33 20 33 22
28 20 30 20
27 20 27 22
32 19 32 22
22 19 22 22
36 18 36 21
13 18 13 19
18 16 18 20
17 16 17 17
30 14 30 17
17 14 19 14
33 12 33 13
24 12 24 14
25 11 25 14
3 10 4 10
0 10 0 13
32 9 37 9
21 9 23 9
11 9 16 9
33 8 35 8
27 8 27 13
36 6 37 6
33 6 35 6
18 6 18 9
1 6 2 6
33 4 35 4
31 4 31 6
13 4 14 4
9 4 12 4
30 3 30 5
8 3 11 3
25 2 25 6
20 2 22 2
15 2 15 3
18 1 26 1
10 1 13 1
0 1 4 1
31 0 33 0
27 0 30 0
22 0 25 0
16 0 16 1
33
32 8 33 8
31 7 31 6
28 6 27 6
24 9 24 10
31 3 31 4
31 8 30 8
35 7 35 8
23 12 23 11
7 3 8 3
25 24 25 23
24 23 24 22
22 23 21 23
25 23 25 22
21 24 20 24
27 14 27 15
13 29 14 29
18 14 18 15
22 24 21 24
21 24 22 24
22 24 21 24
21 24 22 24
22 24 21 24
21 24 22 24
22 24 21 24
21 24 22 24
22 24 21 24
21 24 22 24
22 24 21 24
21 24 22 24
22 24 21 24
21 24 22 24
22 24 21 24
21 24 22 24
158
26 20 26 23
26 23 31 23
27 25 31 25
31 10 31 12
31 10 33 10
31 12 31 23
31 12 32 12
31 23 31 25
31 25 34 25
33 10 34 10
10 29 10 36
10 29 12 29
10 36 10 37
11 24 14 24
11 32 12 32
12 29 12 32
12 29 14 29
14 24 14 29
14 29 14 30
9 14 9 17
9 14 13 14
9 17 12 17
11 15 13 15
13 14 13 15
13 15 14 15
14 11 14 13
14 13 14 15
1 15 1 16
1 15 4 15
1 16 1 18
1 18 1 23
1 23 1 24
1 23 2 23
16 19 16 21
16 21 16 22
16 22 16 26
16 26 16 31
16 31 25 31
6 19 6 24
6 24 9 24
9 24 9 25
9 25 10 25
16 36 17 36
17 36 19 36
19 36 20 36
8 21 15 21
15 18 15 19
15 19 15 21
35 10 36 10
36 10 36 13
36 13 36 16
1 10 1 11
1 11 1 13
1 13 2 13
9 7 9 8
9 7 11 7
11 7 11 8
4 17 5 17
5 6 5 12
5 12 5 17
23 35 26 35
26 35 28 35
18 34 18 35
18 34 21 34
33 30 35 30
35 29 35 30
26 30 30 30
30 27 30 30
1 28 3 28
3 27 3 28
29 26 29 28
29 28 29 29
18 26 20 26
20 26 20 29
19 16 19 17
19 17 19 23
29 15 29 16
29 16 29 18
22 11 23 11
23 11 23 13
16 11 16 12
16 12 16 15
8 9 8 12
8 12 9 12
30 7 32 7
32 3 32 7
10 6 17 6
17 6 17 8
26 5 28 5
28 5 28 7
26 3 26 4
26 3 27 3
0 3 1 3
1 3 6 3
18 2 18 3
18 3 21 3
0 2 1 2
1 2 4 2
28 37 33 37
19 37 21 37
8 36 9 36
22 33 22 37
11 33 11 35
19 32 21 32
14 32 18 32
37 30 37 31
8 30 8 31
6 30 6 36
21 29 23 29
10 27 11 27
35 26 37 26
32 26 32 28
8 26 8 28
0 26 0 30
1 25 2 25
26 24 28 24
28 22 30 22
33 20 33 22
28 20 30 20
27 20 27 22
32 19 32 22
22 19 22 22
36 18 36 21
13 18 13 19
18 16 18 20
17 16 17 17
30 14 30 17
17 14 19 14
33 12 33 13
24 12 24 14
25 11 25 14
3 10 4 10
0 10 0 13
32 9 37 9
21 9 23 9
11 9 16 9
33 8 35 8
27 8 27 13
36 6 37 6
33 6 35 6
18 6 18 9
1 6 2 6
33 4 35 4
31 4 31 6
13 4 14 4
9 4 12 4
30 3 30 5
8 3 11 3
25 2 25 6
20 2 22 2
15 2 15 3
18 1 26 1
10 1 13 1
0 1 4 1
31 0 33 0
27 0 30 0
22 0 25 0
16 0 16 1
34
32 8 33 8
31 7 31 6
28 6 27 6
24 9 24 10
31 3 31 4
31 8 30 8
35 7 35 8
23 12 23 11
7 3 8 3
25 24 25 23
24 23 24 22
22 23 21 23
25 23 25 22
21 24 20 24
27 14 27 15
13 29 14 29
18 14 18 15
22 24 21 24
21 24 22 24
22 24 21 24
21 24 22 24
22 24 21 24
21 24 22 24
22 24 21 24
21 24 22 24
22 24 21 24
21 24 22 24
22 24 21 24
21 24 22 24
22 24 21 24
21 24 22 24
22 24 21 24
21 24 22 24
22 24 21 24
159
26 20 26 23
26 23 31 23
27 25 31 25
31 10 31 12
31 10 33 10
31 12 31 23
31 12 32 12
31 23 31 25
31 25 34 25
33 10 34 10
10 29 10 36
10 29 12 29
10 36 10 37
11 24 14 24
11 32 12 32
12 29 12 32
12 29 14 29
14 24 14 29
14 29 14 30
9 14 9 17
9 14 13 14
9 17 12 17
11 15 13 15
13 14 13 15
13 15 14 15
14 11 14 13
14 13 14 15
1 15 1 16
1 15 4 15
1 16 1 18
1 18 1 23
1 23 1 24
1 23 2 23
16 19 16 21
16 21 16 22
16 22 16 26
16 26 16 31
16 31 25 31
6 19 6 24
6 24 9 24
9 24 9 25
9 25 10 25
16 36 17 36
17 36 19 36
19 36 20 36
8 21 15 21
15 18 15 19
15 19 15 21
35 10 36 10
36 10 36 13
36 13 36 16
1 10 1 11
1 11 1 13
1 13 2 13
9 7 9 8
9 7 11 7
11 7 11 8
4 17 5 17
5 6 5 12
5 12 5 17
23 35 26 35
26 35 28 35
18 34 18 35
18 34 21 34
33 30 35 30
35 29 35 30
26 30 30 30
30 27 30 30
1 28 3 28
3 27 3 28
29 26 29 28
29 28 29 29
18 26 20 26
20 26 20 29
19 16 19 17
19 17 19 23
29 15 29 16
29 16 29 18
22 11 23 11
23 11 23 13
16 11 16 12
16 12 16 15
8 9 8 12
8 12 9 12
30 7 32 7
32 3 32 7
10 6 17 6
17 6 17 8
26 5 28 5
28 5 28 7
26 3 26 4
26 3 27 3
0 3 1 3
1 3 6 3
18 2 18 3
18 3 21 3
0 2 1 2
1 2 4 2
28 37 33 37
19 37 21 37
8 36 9 36
22 33 22 37
11 33 11 35
19 32 21 32
14 32 18 32
37 30 37 31
8 30 8 31
6 30 6 36
21 29 23 29
10 27 11 27
35 26 37 26
32 26 32 28
8 26 8 28
0 26 0 30
1 25 2 25
26 24 28 24
21 23 21 24
28 22 30 22
33 20 33 22
28 20 30 20
27 20 27 22
32 19 32 22
22 19 22 22
36 18 36 21
13 18 13 19
18 16 18 20
17 16 17 17
30 14 30 17
17 14 19 14
33 12 33 13
24 12 24 14
25 11 25 14
3 10 4 10
0 10 0 13
32 9 37 9
21 9 23 9
11 9 16 9
33 8 35 8
27 8 27 13
36 6 37 6
33 6 35 6
18 6 18 9
1 6 2 6
33 4 35 4
31 4 31 6
13 4 14 4
9 4 12 4
30 3 30 5
8 3 11 3
25 2 25 6
20 2 22 2
15 2 15 3
18 1 26 1
10 1 13 1
0 1 4 1
31 0 33 0
27 0 30 0
22 0 25 0
16 0 16 1
35
32 8 33 8
31 7 31 6
28 6 27 6
24 9 24 10
31 3 31 4
31 8 30 8
35 7 35 8
23 12 23 11
7 3 8 3
25 24 25 23
24 23 24 22
22 23 21 23
25 23 25 22
21 24 20 24
27 14 27 15
13 29 14 29
18 14 18 15
22 24 21 24
21 24 22 24
22 24 21 24
21 24 22 24
22 24 21 24
21 24 22 24
22 24 21 24
21 24 22 24
22 24 21 24
21 24 22 24
22 24 21 24
21 24 22 24
22 24 21 24
21 24 22 24
22 24 21 24
21 24 22 24
22 24 21 24
21 24 22 24
158
26 20 26 23
26 23 31 23
27 25 31 25
31 10 31 12
31 10 33 10
31 12 31 23
31 12 32 12
31 23 31 25
31 25 34 25
33 10 34 10
10 29 10 36
10 29 12 29
10 36 10 37
11 24 14 24
11 32 12 32
12 29 12 32
12 29 14 29
14 24 14 29
14 29 14 30
9 14 9 17
9 14 13 14
9 17 12 17
11 15 13 15
13 14 13 15
13 15 14 15
14 11 14 13
14 13 14 15
1 15 1 16
1 15 4 15
1 16 1 18
1 18 1 23
1 23 1 24
1 23 2 23
16 19 16 21
16 21 16 22
16 22 16 26
16 26 16 31
16 31 25 31
6 19 6 24
6 24 9 24
9 24 9 25
9 25 10 25
16 36 17 36
17 36 19 36
19 36 20 36
8 21 15 21
15 18 15 19
15 19 15 21
35 10 36 10
36 10 36 13
36 13 36 16
1 10 1 11
1 11 1 13
1 13 2 13
9 7 9 8
9 7 11 7
11 7 11 8
4 17 5 17
5 6 5 12
5 12 5 17
23 35 26 35
26 35 28 35
18 34 18 35
18 34 21 34
33 30 35 30
35 29 35 30
26 30 30 30
30 27 30 30
1 28 3 28
3 27 3 28
29 26 29 28
29 28 29 29
18 26 20 26
20 26 20 29
19 16 19 17
19 17 19 23
29 15 29 16
29 16 29 18
22 11 23 11
23 11 23 13
16 11 16 12
16 12 16 15
8 9 8 12
8 12 9 12
30 7 32 7
32 3 32 7
10 6 17 6
17 6 17 8
26 5 28 5
28 5 28 7
26 3 26 4
26 3 27 3
0 3 1 3
1 3 6 3
18 2 18 3
18 3 21 3
0 2 1 2
1 2 4 2
28 37 33 37
19 37 21 37
8 36 9 36
22 33 22 37
11 33 11 35
19 32 21 32
14 32 18 32
37 30 37 31
8 30 8 31
6 30 6 36
21 29 23 29
10 27 11 27
35 26 37 26
32 26 32 28
8 26 8 28
0 26 0 30
1 25 2 25
26 24 28 24
28 22 30 22
33 20 33 22
28 20 30 20
27 20 27 22
32 19 32 22
22 19 22 22
36 18 36 21
13 18 13 19
18 16 18 20
17 16 17 17
30 14 30 17
17 14 19 14
33 12 33 13
24 12 24 14
25 11 25 14
3 10 4 10
0 10 0 13
32 9 37 9
21 9 23 9
11 9 16 9
33 8 35 8
27 8 27 13
36 6 37 6
33 6 35 6
18 6 18 9
1 6 2 6
33 4 35 4
31 4 31 6
13 4 14 4
9 4 12 4
30 3 30 5
8 3 11 3
25 2 25 6
20 2 22 2
15 2 15 3
18 1 26 1
10 1 13 1
0 1 4 1
31 0 33 0
27 0 30 0
22 0 25 0
16 0 16 1
36
32 8 33 8
31 7 31 6
28 6 27 6
24 9 24 10
31 3 31 4
31 8 30 8
35 7 35 8
23 12 23 11
7 3 8 3
25 24 25 23
24 23 24 22
22 23 21 23
25 23 25 22
21 24 20 24
27 14 27 15
13 29 14 29
18 14 18 15
22 24 21 24
21 24 22 24
22 24 21 24
21 24 22 24
22 24 21 24
21 24 22 24
22 24 21 24
21 24 22 24
22 24 21 24
21 24 22 24
22 24 21 24
21 24 22 24
22 24 21 24
21 24 22 24
22 24 21 24
21 24 22 24
22 24 21 24
21 24 22 24
22 24 21 24
159
26 20 26 23
26 23 31 23
27 25 31 25
31 10 31 12
31 10 33 10
31 12 31 23
31 12 32 12
31 23 31 25
31 25 34 25
33 10 34 10
10 29 10 36
10 29 12 29
10 36 10 37
11 24 14 24
11 32 12 32
12 29 12 32
12 29 14 29
14 24 14 29
14 29 14 30
9 14 9 17
9 14 13 14
9 17 12 17
11 15 13 15
13 14 13 15
13 15 14 15
14 11 14 13
14 13 14 15
1 15 1 16
1 15 4 15
1 16 1 18
1 18 1 23
1 23 1 24
1 23 2 23
16 19 16 21
16 21 16 22
16 22 16 26
16 26 16 31
16 31 25 31
6 19 6 24
6 24 9 24
9 24 9 25
9 25 10 25
16 36 17 36
17 36 19 36
19 36 20 36
8 21 15 21
15 18 15 19
15 19 15 21
35 10 36 10
36 10 36 13
36 13 36 16
1 10 1 11
1 11 1 13
1 13 2 13
9 7 9 8
9 7 11 7
11 7 11 8
4 17 5 17
5 6 5 12
5 12 5 17
23 35 26 35
26 35 28 35
18 34 18 35
18 34 21 34
33 30 35 30
35 29 35 30
26 30 30 30
30 27 30 30
1 28 3 28
3 27 3 28
29 26 29 28
29 28 29 29
18 26 20 26
20 26 20 29
19 16 19 17
19 17 19 23
29 15 29 16
29 16 29 18
22 11 23 11
23 11 23 13
16 11 16 12
16 12 16 15
8 9 8 12
8 12 9 12
30 7 32 7
32 3 32 7
10 6 17 6
17 6 17 8
26 5 28 5
28 5 28 7
26 3 26 4
26 3 27 3
0 3 1 3
1 3 6 3
18 2 18 3
18 3 21 3
0 2 1 2
1 2 4 2
28 37 33 37
19 37 21 37
8 36 9 36
22 33 22 37
11 33 11 35
19 32 21 32
14 32 18 32
37 30 37 31
8 30 8 31
6 30 6 36
21 29 23 29
10 27 11 27
35 26 37 26
32 26 32 28
8 26 8 28
0 26 0 30
1 25 2 25
26 24 28 24
21 23 21 24
28 22 30 22
33 20 33 22
28 20 30 20
27 20 27 22
32 19 32 22
22 19 22 22
36 18 36 21
13 18 13 19
18 16 18 20
17 16 17 17
30 14 30 17
17 14 19 14
33 12 33 13
24 12 24 14
25 11 25 14
3 10 4 10
0 10 0 13
32 9 37 9
21 9 23 9
11 9 16 9
33 8 35 8
27 8 27 13
36 6 37 6
33 6 35 6
18 6 18 9
1 6 2 6
33 4 35 4
31 4 31 6
13 4 14 4
9 4 12 4
30 3 30 5
8 3 11 3
25 2 25 6
20 2 22 2
15 2 15 3
18 1 26 1
10 1 13 1
0 1 4 1
31 0 33 0
27 0 30 0
22 0 25 0
16 0 16 1
37
32 8 33 8
31 7 31 6
28 6 27 6
24 9 24 10
31 3 31 4
31 8 30 8
35 7 35 8
23 12 23 11
7 3 8 3
25 24 25 23
24 23 24 22
22 23 21 23
25 23 25 22
21 24 20 24
27 14 27 15
13 29 14 29
18 14 18 15
22 24 21 24
21 24 22 24
22 24 21 24
21 24 22 24
22 24 21 24
21 24 22 24
22 24 21 24
21 24 22 24
22 24 21 24
21 24 22 24
22 24 21 24
21 24 22 24
22 24 21 24
21 24 22 24
22 24 21 24
21 24 22 24
22 24 21 24
21 24 22 24
22 24 21 24
21 24 22 24
158
26 20 26 23
26 23 31 23
27 25 31 25
31 10 31 12
31 10 33 10
31 12 31 23
31 12 32 12
31 23 31 25
31 25 34 25
33 10 34 10
10 29 10 36
10 29 12 29
10 36 10 37
11 24 14 24
11 32 12 32
12 29 12 32
12 29 14 29
14 24 14 29
14 29 14 30
9 14 9 17
9 14 13 14
9 17 12 17
11 15 13 15
13 14 13 15
13 15 14 15
14 11 14 13
14 13 14 15
1 15 1 16
1 15 4 15
1 16 1 18
1 18 1 23
1 23 1 24
1 23 2 23
16 19 16 21
16 21 16 22
16 22 16 26
16 26 16 31
16 31 25 31
6 19 6 24
6 24 9 24
9 24 9 25
9 25 10 25
16 36 17 36
17 36 19 36
19 36 20 36
8 21 15 21
15 18 15 19
15 19 15 21
35 10 36 10
36 10 36 13
36 13 36 16
1 10 1 11
1 11 1 13
1 13 2 13
9 7 9 8
9 7 11 7
11 7 11 8
4 17 5 17
5 6 5 12
5 12 5 17
23 35 26 35
26 35 28 35
18 34 18 35
18 34 21 34
33 30 35 30
35 29 35 30
26 30 30 30
30 27 30 30
1 28 3 28
3 27 3 28
29 26 29 28
29 28 29 29
18 26 20 26
20 26 20 29
19 16 19 17
19 17 19 23
29 15 29 16
29 16 29 18
22 11 23 11
23 11 23 13
16 11 16 12
16 12 16 15
8 9 8 12
8 12 9 12
30 7 32 7
32 3 32 7
10 6 17 6
17 6 17 8
26 5 28 5
28 5 28 7
26 3 26 4
26 3 27 3
0 3 1 3
1 3 6 3
18 2 18 3
18 3 21 3
0 2 1 2
1 2 4 2
28 37 33 37
19 37 21 37
8 36 9 36
22 33 22 37
11 33 11 35
19 32 21 32
14 32 18 32
37 30 37 31
8 30 8 31
6 30 6 36
21 29 23 29
10 27 11 27
35 26 37 26
32 26 32 28
8 26 8 28
0 26 0 30
1 25 2 25
26 24 28 24
28 22 30 22
33 20 33 22
28 20 30 20
27 20 27 22
32 19 32 22
22 19 22 22
36 18 36 21
13 18 13 19
18 16 18 20
17 16 17 17
30 14 30 17
17 14 19 14
33 12 33 13
24 12 24 14
25 11 25 14
3 10 4 10
0 10 0 13
32 9 37 9
21 9 23 9
11 9 16 9
33 8 35 8
27 8 27 13
36 6 37 6
33 6 35 6
18 6 18 9
1 6 2 6
33 4 35 4
31 4 31 6
13 4 14 4
9 4 12 4
30 3 30 5
8 3 11 3
25 2 25 6
20 2 22 2
15 2 15 3
18 1 26 1
10 1 13 1
0 1 4 1
31 0 33 0
27 0 30 0
22 0 25 0
16 0 16 1
38
32 8 33 8
31 7 31 6
28 6 27 6
24 9 24 10
31 3 31 4
31 8 30 8
35 7 35 8
23 12 23 11
7 3 8 3
25 24 25 23
24 23 24 22
22 23 21 23
25 23 25 22
21 24 20 24
27 14 27 15
13 29 14 29
18 14 18 15
22 24 21 24
21 24 22 24
22 24 21 24
21 24 22 24
22 24 21 24
21 24 22 24
22 24 21 24
21 24 22 24
22 24 21 24
21 24 22 24
22 24 21 24
21 24 22 24
22 24 21 24
21 24 22 24
22 24 21 24
21 24 22 24
22 24 21 24
21 24 22 24
22 24 21 24
21 24 22 24
22 24 21 24
159
26 20 26 23
26 23 31 23
27 25 31 25
31 10 31 12
31 10 33 10
31 12 31 23
31 12 32 12
31 23 31 25
31 25 34 25
33 10 34 10
10 29 10 36
10 29 12 29
10 36 10 37
11 24 14 24
11 32 12 32
12 29 12 32
12 29 14 29
14 24 14 29
14 29 14 30
9 14 9 17
9 14 13 14
9 17 12 17
11 15 13 15
13 14 13 15
13 15 14 15
14 11 14 13
14 13 14 15
1 15 1 16
1 15 4 15
1 16 1 18
1 18 1 23
1 23 1 24
1 23 2 23
16 19 16 21
16 21 16 22
16 22 16 26
16 26 16 31
16 31 25 31
6 19 6 24
6 24 9 24
9 24 9 25
9 25 10 25
16 36 17 36
17 36 19 36
19 36 20 36
8 21 15 21
15 18 15 19
15 19 15 21
35 10 36 10
36 10 36 13
36 13 36 16
1 10 1 11
1 11 1 13
1 13 2 13
9 7 9 8
9 7 11 7
11 7 11 8
4 17 5 17
5 6 5 12
5 12 5 17
23 35 26 35
26 35 28 35
18 34 18 35
18 34 21 34
33 30 35 30
35 29 35 30
26 30 30 30
30 27 30 30
1 28 3 28
3 27 3 28
29 26 29 28
29 28 29 29
18 26 20 26
20 26 20 29
19 16 19 17
19 17 19 23
29 15 29 16
29 16 29 18
22 11 23 11
23 11 23 13
16 11 16 12
16 12 16 15
8 9 8 12
8 12 9 12
30 7 32 7
32 3 32 7
10 6 17 6
17 6 17 8
26 5 28 5
28 5 28 7
26 3 26 4
26 3 27 3
0 3 1 3
1 3 6 3
18 2 18 3
18 3 21 3
0 2 1 2
1 2 4 2
28 37 33 37
19 37 21 37
8 36 9 36
22 33 22 37
11 33 11 35
19 32 21 32
14 32 18 32
37 30 37 31
8 30 8 31
6 30 6 36
21 29 23 29
10 27 11 27
35 26 37 26
32 26 32 28
8 26 8 28
0 26 0 30
1 25 2 25
26 24 28 24
21 23 21 24
28 22 30 22
33 20 33 22
28 20 30 20
27 20 27 22
32 19 32 22
22 19 22 22
36 18 36 21
13 18 13 19
18 16 18 20
17 16 17 17
30 14 30 17
17 14 19 14
33 12 33 13
24 12 24 14
25 11 25 14
3 10 4 10
0 10 0 13
32 9 37 9
21 9 23 9
11 9 16 9
33 8 35 8
27 8 27 13
36 6 37 6
33 6 35 6
18 6 18 9
1 6 2 6
33 4 35 4
31 4 31 6
13 4 14 4
9 4 12 4
30 3 30 5
8 3 11 3
25 2 25 6
20 2 22 2
15 2 15 3
18 1 26 1
10 1 13 1
0 1 4 1
31 0 33 0
27 0 30 0
22 0 25 0
16 0 16 1
39
32 8 33 8
31 7 31 6
28 6 27 6
24 9 24 10
31 3 31 4
31 8 30 8
35 7 35 8
23 12 23 11
7 3 8 3
25 24 25 23
24 23 24 22
22 23 21 23
25 23 25 22
21 24 20 24
27 14 27 15
13 29 14 29
18 14 18 15
22 24 21 24
21 24 22 24
22 24 21 24
21 24 22 24
22 24 21 24
21 24 22 24
22 24 21 24
21 24 22 24
22 24 21 24
21 24 22 24
22 24 21 24
21 24 22 24
22 24 21 24
21 24 22 24
22 24 21 24
21 24 22 24
22 24 21 24
21 24 22 24
22 24 21 24
21 24 22 24
22 24 21 24
21 24 22 24
158
26 20 26 23
26 23 31 23
27 25 31 25
31 10 31 12
31 10 33 10
31 12 31 23
31 12 32 12
31 23 31 25
31 25 34 25
33 10 34 10
10 29 10 36
10 29 12 29
10 36 10 37
11 24 14 24
11 32 12 32
12 29 12 32
12 29 14 29
14 24 14 29
14 29 14 30
9 14 9 17
9 14 13 14
9 17 12 17
11 15 13 15
13 14 13 15
13 15 14 15
14 11 14 13
14 13 14 15
1 15 1 16
1 15 4 15
1 16 1 18
1 18 1 23
1 23 1 24
1 23 2 23
16 19 16 21
16 21 16 22
16 22 16 26
16 26 16 31
16 31 25 31
6 19 6 24
6 24 9 24
9 24 9 25
9 25 10 25
16 36 17 36
17 36 19 36
19 36 20 36
8 21 15 21
15 18 15 19
15 19 15 21
35 10 36 10
36 10 36 13
36 13 36 16
1 10 1 11
1 11 1 13
1 13 2 13
9 7 9 8
9 7 11 7
11 7 11 8
4 17 5 17
5 6 5 12
5 12 5 17
23 35 26 35
26 35 28 35
18 34 18 35
18 34 21 34
33 30 35 30
35 29 35 30
26 30 30 30
30 27 30 30
1 28 3 28
3 27 3 28
29 26 29 28
29 28 29 29
18 26 20 26
20 26 20 29
19 16 19 17
19 17 19 23
29 15 29 16
29 16 29 18
22 11 23 11
23 11 23 13
16 11 16 12
16 12 16 15
8 9 8 12
8 12 9 12
30 7 32 7
32 3 32 7
10 6 17 6
17 6 17 8
26 5 28 5
28 5 28 7
26 3 26 4
26 3 27 3
0 3 1 3
1 3 6 3
18 2 18 3
18 3 21 3
0 2 1 2
1 2 4 2
28 37 33 37
19 37 21 37
8 36 9 36
22 33 22 37
11 33 11 35
19 32 21 32
14 32 18 32
37 30 37 31
8 30 8 31
6 30 6 36
21 29 23 29
10 27 11 27
35 26 37 26
32 26 32 28
8 26 8 28
0 26 0 30
1 25 2 25
26 24 28 24
28 22 30 22
33 20 33 22
28 20 30 20
27 20 27 22
32 19 32 22
22 19 22 22
36 18 36 21
13 18 13 19
18 16 18 20
17 16 17 17
30 14 30 17
17 14 19 14
33 12 33 13
24 12 24 14
25 11 25 14
3 10 4 10
0 10 0 13
32 9 37 9
21 9 23 9
11 9 16 9
33 8 35 8
27 8 27 13
36 6 37 6
33 6 35 6
18 6 18 9
1 6 2 6
33 4 35 4
31 4 31 6
13 4 14 4
9 4 12 4
30 3 30 5
8 3 11 3
25 2 25 6
20 2 22 2
15 2 15 3
18 1 26 1
10 1 13 1
0 1 4 1
31 0 33 0
27 0 30 0
22 0 25 0
16 0 16 1
40
32 8 33 8
31 7 31 6
28 6 27 6
24 9 24 10
31 3 31 4
31 8 30 8
35 7 35 8
23 12 23 11
7 3 8 3
25 24 25 23
24 23 24 22
22 23 21 23
25 23 25 22
21 24 20 24
27 14 27 15
13 29 14 29
18 14 18 15
22 24 21 24
21 24 22 24
22 24 21 24
21 24 22 24
22 24 21 24
21 24 22 24
22 24 21 24
21 24 22 24
22 24 21 24
21 24 22 24
22 24 21 24
21 24 22 24
22 24 21 24
21 24 22 24
22 24 21 24
21 24 22 24
22 24 21 24
21 24 22 24
22 24 21 24
21 24 22 24
22 24 21 24
21 24 22 24
22 24 21 24
159
26 20 26 23
26 23 31 23
27 25 31 25
31 10 31 12
31 10 33 10
31 12 31 23
31 12 32 12
31 23 31 25
31 25 34 25
33 10 34 10
10 29 10 36
10 29 12 29
10 36 10 37
11 24 14 24
11 32 12 32
12 29 12 32
12 29 14 29
14 24 14 29
14 29 14 30
9 14 9 17
9 14 13 14
9 17 12 17
11 15 13 15
13 14 13 15
13 15 14 15
14 11 14 13
14 13 14 15
1 15 1 16
1 15 4 15
1 16 1 18
1 18 1 23
1 23 1 24
1 23 2 23
16 19 16 21
16 21 16 22
16 22 16 26
16 26 16 31
16 31 25 31
6 19 6 24
6 24 9 24
9 24 9 25
9 25 10 25
16 36 17 36
17 36 19 36
19 36 20 36
8 21 15 21
15 18 15 19
15 19 15 21
35 10 36 10
36 10 36 13
36 13 36 16
1 10 1 11
1 11 1 13
1 13 2 13
9 7 9 8
9 7 11 7
11 7 11 8
4 17 5 17
5 6 5 12
5 12 5 17
23 35 26 35
26 35 28 35
18 34 18 35
18 34 21 34
33 30 35 30
35 29 35 30
26 30 30 30
30 27 30 30
1 28 3 28
3 27 3 28
29 26 29 28
29 28 29 29
18 26 20 26
20 26 20 29
19 16 19 17
19 17 19 23
29 15 29 16
29 16 29 18
22 11 23 11
23 11 23 13
16 11 16 12
16 12 16 15
8 9 8 12
8 12 9 12
30 7 32 7
32 3 32 7
10 6 17 6
17 6 17 8
26 5 28 5
28 5 28 7
26 3 26 4
26 3 27 3
0 3 1 3
1 3 6 3
18 2 18 3
18 3 21 3
0 2 1 2
1 2 4 2
28 37 33 37
19 37 21 37
8 36 9 36
22 33 22 37
11 33 11 35
19 32 21 32
14 32 18 32
37 30 37 31
8 30 8 31
6 30 6 36
21 29 23 29
10 27 11 27
35 26 37 26
32 26 32 28
8 26 8 28
0 26 0 30
1 25 2 25
26 24 28 24
21 23 21 24
28 22 30 22
33 20 33 22
28 20 30 20
27 20 27 22
32 19 32 22
22 19 22 22
36 18 36 21
13 18 13 19
18 16 18 20
17 16 17 17
30 14 30 17
17 14 19 14
33 12 33 13
24 12 24 14
25 11 25 14
3 10 4 10
0 10 0 13
32 9 37 9
21 9 23 9
11 9 16 9
33 8 35 8
27 8 27 13
36 6 37 6
33 6 35 6
18 6 18 9
1 6 2 6
33 4 35 4
31 4 31 6
13 4 14 4
9 4 12 4
30 3 30 5
8 3 11 3
25 2 25 6
20 2 22 2
15 2 15 3
18 1 26 1
10 1 13 1
0 1 4 1
31 0 33 0
27 0 30 0
22 0 25 0
16 0 16 1
0
161
24 23 26 23
26 20 26 23
26 23 31 23
27 25 31 25
29 6 33 6
31 10 31 12
31 10 33 10
31 12 31 23
31 12 32 12
31 23 31 25
31 25 34 25
33 6 33 10
33 6 35 6
33 10 34 10
9 14 9 17
9 14 13 14
9 17 12 17
11 15 13 15
13 14 13 15
13 15 14 15
14 11 14 13
14 13 14 15
8 26 8 28
8 26 16 26
16 19 16 21
16 21 16 22
16 22 16 26
16 26 16 31
16 31 25 31
10 29 10 36
10 29 12 29
10 36 10 37
11 32 12 32
12 29 12 32
12 29 13 29
1 15 1 16
1 15 4 15
1 16 1 18
1 18 1 23
1 23 1 24
1 23 2 23
6 19 6 24
6 24 9 24
9 24 9 25
9 25 10 25
16 36 17 36
17 36 19 36
19 36 20 36
8 21 15 21
15 18 15 19
15 19 15 21
23 12 23 13
23 12 24 12
24 12 24 14
35 10 36 10
36 10 36 13
36 13 36 16
1 10 1 11
1 11 1 13
1 13 2 13
9 7 9 8
9 7 11 7
11 7 11 8
4 17 5 17
5 6 5 12
5 12 5 17
26 5 28 5
28 5 28 6
28 6 28 7
23 35 26 35
26 35 28 35
18 34 18 35
18 34 21 34
33 30 35 30
35 29 35 30
26 30 30 30
30 27 30 30
1 28 3 28
3 27 3 28
29 26 29 28
29 28 29 29
18 26 20 26
20 26 20 29
19 16 19 17
19 17 19 23
29 15 29 16
29 16 29 18
16 11 16 12
16 12 16 15
8 9 8 12
8 12 9 12
10 6 17 6
17 6 17 8
26 3 26 4
26 3 27 3
7 3 7 4
7 3 11 3
0 3 1 3
1 3 6 3
18 2 18 3
18 3 21 3
0 2 1 2
1 2 4 2
28 37 33 37
19 37 21 37
8 36 9 36
22 33 22 37
11 33 11 35
19 32 21 32
14 32 18 32
37 30 37 31
8 30 8 31
6 30 6 36
21 29 23 29
10 27 11 27
35 26 37 26
32 26 32 28
0 26 0 30
1 25 2 25
26 24 28 24
11 24 14 24
22 23 22 24
28 22 30 22
33 20 33 22
28 20 30 20
27 20 27 22
32 19 32 22
22 19 22 22
36 18 36 21
13 18 13 19
18 16 18 20
17 16 17 17
30 14 30 17
18 13 18 14
33 12 33 13
25 11 25 14
20 10 26 10
3 10 4 10
0 10 0 13
21 9 23 9
11 9 16 9
32 8 32 9
27 8 27 13
31 7 31 8
36 6 37 6
18 6 18 9
1 6 2 6
33 4 35 4
13 4 14 4
9 4 12 4
30 3 30 5
25 2 25 6
20 2 22 2
15 2 15 3
18 1 26 1
10 1 13 1
0 1 4 1
31 0 33 0
27 0 30 0
22 0 25 0
16 0 16 1
