0
167
23 12 24 12
24 12 27 12
25 6 26 6
26 6 26 8
26 6 31 6
27 12 28 12
28 12 31 12
31 6 31 12
13 17 17 17
16 14 17 14
17 11 17 14
17 11 21 11
17 14 17 17
21 9 21 11
21 11 23 11
0 33 6 33
2 31 6 31
6 30 6 31
6 31 6 33
6 33 8 33
8 33 8 34
12 30 13 30
13 24 13 25
13 24 15 24
13 25 13 30
13 25 15 25
13 30 15 30
2 22 2 23
2 22 3 22
2 23 2 24
2 23 4 23
2 24 4 24
16 28 18 28
18 22 18 28
18 22 19 22
18 28 19 28
33 8 33 13
33 8 34 8
34 8 34 10
34 10 34 12
2 0 2 1
2 1 2 4
2 4 5 4
5 0 5 4
32 29 32 30
32 30 32 31
32 31 33 31
8 27 10 27
9 31 10 31
10 27 10 31
3 26 4 26
4 26 5 26
5 26 10 26
15 19 15 23
15 19 16 19
16 19 16 20
6 19 10 19
10 18 10 19
10 19 13 19
19 18 20 18
20 17 20 18
20 18 20 20
28 15 31 15
31 15 31 19
31 19 31 20
27 10 28 10
28 8 28 10
28 8 30 8
20 6 22 6
22 6 22 7
22 6 24 6
9 6 13 6
9 8 13 8
13 6 13 8
6 5 6 6
6 6 6 8
6 8 6 9
21 2 23 2
22 1 23 1
23 1 23 2
24 34 25 34
25 27 25 34
9 32 9 33
9 33 9 34
11 31 11 32
11 31 12 31
1 29 2 29
2 29 5 29
26 27 27 27
27 26 27 27
14 26 14 29
14 29 15 29
19 25 24 25
24 25 24 29
10 22 10 23
10 22 11 22
12 21 12 24
12 24 12 28
23 20 23 21
23 21 23 22
21 18 21 22
21 18 23 18
28 17 28 20
28 20 29 20
10 15 10 16
10 15 13 15
3 14 3 15
3 14 4 14
21 13 21 17
21 13 24 13
29 10 29 11
29 11 30 11
18 8 19 8
19 8 19 10
32 7 32 11
32 11 32 15
27 0 27 3
27 3 27 5
13 34 14 34
2 34 4 34
11 33 11 34
10 33 10 34
18 32 19 32
13 32 15 32
29 31 31 31
20 31 22 31
7 31 8 31
26 30 28 30
17 30 18 30
34 27 34 32
20 27 20 29
25 25 28 25
26 24 30 24
0 23 0 25
28 22 29 22
14 22 14 23
24 21 24 23
17 21 17 23
22 20 22 24
22 19 23 19
6 18 7 18
29 17 29 18
7 17 8 17
3 17 3 21
6 16 9 16
33 15 33 21
25 15 27 15
16 15 16 16
7 15 8 15
2 14 2 19
7 13 11 13
4 13 6 13
0 12 0 13
0 11 6 11
6 10 16 10
0 9 1 9
4 8 4 9
19 7 20 7
1 6 1 7
15 4 17 4
19 3 19 4
10 3 14 3
8 3 8 4
32 2 32 3
14 2 20 2
24 1 24 4
0 1 0 4
1
24 12 25 12
168
23 12 25 12
25 6 26 6
25 10 25 12
25 12 27 12
26 6 26 8
26 6 31 6
27 12 28 12
28 12 31 12
31 6 31 12
13 17 17 17
16 14 17 14
17 11 17 14
17 11 21 11
17 14 17 17
21 9 21 11
21 11 23 11
0 33 6 33
2 31 6 31
6 30 6 31
6 31 6 33
6 33 8 33
8 33 8 34
12 30 13 30
13 24 13 25
13 24 15 24
13 25 13 30
13 25 15 25
13 30 15 30
2 22 2 23
2 22 3 22
2 23 2 24
2 23 4 23
2 24 4 24
16 28 18 28
18 22 18 28
18 22 19 22
18 28 19 28
33 8 33 13
33 8 34 8
34 8 34 10
34 10 34 12
2 0 2 1
2 1 2 4
2 4 5 4
5 0 5 4
32 29 32 30
32 30 32 31
32 31 33 31
8 27 10 27
9 31 10 31
10 27 10 31
3 26 4 26
4 26 5 26
5 26 10 26
15 19 15 23
15 19 16 19
16 19 16 20
6 19 10 19
10 18 10 19
10 19 13 19
19 18 20 18
20 17 20 18
20 18 20 20
28 15 31 15
31 15 31 19
31 19 31 20
27 10 28 10
28 8 28 10
28 8 30 8
20 6 22 6
22 6 22 7
22 6 24 6
9 6 13 6
9 8 13 8
13 6 13 8
6 5 6 6
6 6 6 8
6 8 6 9
21 2 23 2
22 1 23 1
23 1 23 2
24 34 25 34
25 27 25 34
9 32 9 33
9 33 9 34
11 31 11 32
11 31 12 31
1 29 2 29
2 29 5 29
26 27 27 27
27 26 27 27
14 26 14 29
14 29 15 29
19 25 24 25
24 25 24 29
10 22 10 23
10 22 11 22
12 21 12 24
12 24 12 28
23 20 23 21
23 21 23 22
21 18 21 22
21 18 23 18
28 17 28 20
28 20 29 20
10 15 10 16
10 15 13 15
3 14 3 15
3 14 4 14
21 13 21 17
21 13 24 13
29 10 29 11
29 11 30 11
18 8 19 8
19 8 19 10
32 7 32 11
32 11 32 15
27 0 27 3
27 3 27 5
13 34 14 34
2 34 4 34
11 33 11 34
10 33 10 34
18 32 19 32
13 32 15 32
29 31 31 31
20 31 22 31
7 31 8 31
26 30 28 30
17 30 18 30
34 27 34 32
20 27 20 29
25 25 28 25
26 24 30 24
0 23 0 25
28 22 29 22
14 22 14 23
24 21 24 23
17 21 17 23
22 20 22 24
22 19 23 19
6 18 7 18
29 17 29 18
7 17 8 17
3 17 3 21
6 16 9 16
33 15 33 21
25 15 27 15
16 15 16 16
7 15 8 15
2 14 2 19
7 13 11 13
4 13 6 13
0 12 0 13
0 11 6 11
6 10 16 10
0 9 1 9
4 8 4 9
19 7 20 7
1 6 1 7
15 4 17 4
19 3 19 4
10 3 14 3
8 3 8 4
32 2 32 3
14 2 20 2
24 1 24 4
0 1 0 4
2
24 12 25 12
25 6 25 7
167
23 12 25 12
25 10 25 12
25 12 27 12
26 6 26 8
26 6 31 6
27 12 28 12
28 12 31 12
31 6 31 12
13 17 17 17
16 14 17 14
17 11 17 14
17 11 21 11
17 14 17 17
21 9 21 11
21 11 23 11
0 33 6 33
2 31 6 31
6 30 6 31
6 31 6 33
6 33 8 33
8 33 8 34
12 30 13 30
13 24 13 25
13 24 15 24
13 25 13 30
13 25 15 25
13 30 15 30
2 22 2 23
2 22 3 22
2 23 2 24
2 23 4 23
2 24 4 24
16 28 18 28
18 22 18 28
18 22 19 22
18 28 19 28
33 8 33 13
33 8 34 8
34 8 34 10
34 10 34 12
2 0 2 1
2 1 2 4
2 4 5 4
5 0 5 4
32 29 32 30
32 30 32 31
32 31 33 31
8 27 10 27
9 31 10 31
10 27 10 31
3 26 4 26
4 26 5 26
5 26 10 26
15 19 15 23
15 19 16 19
16 19 16 20
6 19 10 19
10 18 10 19
10 19 13 19
19 18 20 18
20 17 20 18
20 18 20 20
28 15 31 15
31 15 31 19
31 19 31 20
27 10 28 10
28 8 28 10
28 8 30 8
20 6 22 6
22 6 22 7
22 6 24 6
9 6 13 6
9 8 13 8
13 6 13 8
6 5 6 6
6 6 6 8
6 8 6 9
21 2 23 2
22 1 23 1
23 1 23 2
24 34 25 34
25 27 25 34
9 32 9 33
9 33 9 34
11 31 11 32
11 31 12 31
1 29 2 29
2 29 5 29
26 27 27 27
27 26 27 27
14 26 14 29
14 29 15 29
19 25 24 25
24 25 24 29
10 22 10 23
10 22 11 22
12 21 12 24
12 24 12 28
23 20 23 21
23 21 23 22
21 18 21 22
21 18 23 18
28 17 28 20
28 20 29 20
10 15 10 16
10 15 13 15
3 14 3 15
3 14 4 14
21 13 21 17
21 13 24 13
29 10 29 11
29 11 30 11
18 8 19 8
19 8 19 10
32 7 32 11
32 11 32 15
27 0 27 3
27 3 27 5
13 34 14 34
2 34 4 34
11 33 11 34
10 33 10 34
18 32 19 32
13 32 15 32
29 31 31 31
20 31 22 31
7 31 8 31
26 30 28 30
17 30 18 30
34 27 34 32
20 27 20 29
25 25 28 25
26 24 30 24
0 23 0 25
28 22 29 22
14 22 14 23
24 21 24 23
17 21 17 23
22 20 22 24
22 19 23 19
6 18 7 18
29 17 29 18
7 17 8 17
3 17 3 21
6 16 9 16
33 15 33 21
25 15 27 15
16 15 16 16
7 15 8 15
2 14 2 19
7 13 11 13
4 13 6 13
0 12 0 13
0 11 6 11
6 10 16 10
0 9 1 9
4 8 4 9
19 7 20 7
1 6 1 7
15 4 17 4
19 3 19 4
10 3 14 3
8 3 8 4
32 2 32 3
14 2 20 2
24 1 24 4
0 1 0 4
3
24 12 25 12
25 6 25 7
24 5 23 5
168
23 12 25 12
25 10 25 12
25 12 27 12
26 6 26 8
26 6 31 6
27 12 28 12
28 12 31 12
31 6 31 12
13 17 17 17
16 14 17 14
17 11 17 14
17 11 21 11
17 14 17 17
21 9 21 11
21 11 23 11
0 33 6 33
2 31 6 31
6 30 6 31
6 31 6 33
6 33 8 33
8 33 8 34
12 30 13 30
13 24 13 25
13 24 15 24
13 25 13 30
13 25 15 25
13 30 15 30
2 22 2 23
2 22 3 22
2 23 2 24
2 23 4 23
2 24 4 24
20 6 22 6
22 6 22 7
22 6 24 6
24 1 24 4
24 4 24 6
16 28 18 28
18 22 18 28
18 22 19 22
18 28 19 28
33 8 33 13
33 8 34 8
34 8 34 10
34 10 34 12
2 0 2 1
2 1 2 4
2 4 5 4
5 0 5 4
32 29 32 30
32 30 32 31
32 31 33 31
8 27 10 27
9 31 10 31
10 27 10 31
3 26 4 26
4 26 5 26
5 26 10 26
15 19 15 23
15 19 16 19
16 19 16 20
6 19 10 19
10 18 10 19
10 19 13 19
19 18 20 18
20 17 20 18
20 18 20 20
28 15 31 15
31 15 31 19
31 19 31 20
27 10 28 10
28 8 28 10
28 8 30 8
9 6 13 6
9 8 13 8
13 6 13 8
6 5 6 6
6 6 6 8
6 8 6 9
21 2 23 2
22 1 23 1
23 1 23 2
24 34 25 34
25 27 25 34
9 32 9 33
9 33 9 34
11 31 11 32
11 31 12 31
1 29 2 29
2 29 5 29
26 27 27 27
27 26 27 27
14 26 14 29
14 29 15 29
19 25 24 25
24 25 24 29
10 22 10 23
10 22 11 22
12 21 12 24
12 24 12 28
23 20 23 21
23 21 23 22
21 18 21 22
21 18 23 18
28 17 28 20
28 20 29 20
10 15 10 16
10 15 13 15
3 14 3 15
3 14 4 14
21 13 21 17
21 13 24 13
29 10 29 11
29 11 30 11
18 8 19 8
19 8 19 10
32 7 32 11
32 11 32 15
27 0 27 3
27 3 27 5
13 34 14 34
2 34 4 34
11 33 11 34
10 33 10 34
18 32 19 32
13 32 15 32
29 31 31 31
20 31 22 31
7 31 8 31
26 30 28 30
17 30 18 30
34 27 34 32
20 27 20 29
25 25 28 25
26 24 30 24
0 23 0 25
28 22 29 22
14 22 14 23
24 21 24 23
17 21 17 23
22 20 22 24
22 19 23 19
6 18 7 18
29 17 29 18
7 17 8 17
3 17 3 21
6 16 9 16
33 15 33 21
25 15 27 15
16 15 16 16
7 15 8 15
2 14 2 19
7 13 11 13
4 13 6 13
0 12 0 13
0 11 6 11
6 10 16 10
0 9 1 9
4 8 4 9
19 7 20 7
1 6 1 7
15 4 17 4
19 3 19 4
10 3 14 3
8 3 8 4
32 2 32 3
14 2 20 2
0 1 0 4
4
24 12 25 12
25 6 25 7
24 5 23 5
10 22 9 22
167
23 12 25 12
25 10 25 12
25 12 27 12
26 6 26 8
26 6 31 6
27 12 28 12
28 12 31 12
31 6 31 12
13 17 17 17
16 14 17 14
17 11 17 14
17 11 21 11
17 14 17 17
21 9 21 11
21 11 23 11
0 33 6 33
2 31 6 31
6 30 6 31
6 31 6 33
6 33 8 33
8 33 8 34
12 30 13 30
13 24 13 25
13 24 15 24
13 25 13 30
13 25 15 25
13 30 15 30
2 22 2 23
2 22 3 22
2 23 2 24
2 23 4 23
2 24 4 24
20 6 22 6
22 6 22 7
22 6 24 6
24 1 24 4
24 4 24 6
16 28 18 28
18 22 18 28
18 22 19 22
18 28 19 28
33 8 33 13
33 8 34 8
34 8 34 10
34 10 34 12
2 0 2 1
2 1 2 4
2 4 5 4
5 0 5 4
32 29 32 30
32 30 32 31
32 31 33 31
8 27 10 27
9 31 10 31
10 27 10 31
3 26 4 26
4 26 5 26
5 26 10 26
15 19 15 23
15 19 16 19
16 19 16 20
6 19 10 19
10 18 10 19
10 19 13 19
19 18 20 18
20 17 20 18
20 18 20 20
28 15 31 15
31 15 31 19
31 19 31 20
27 10 28 10
28 8 28 10
28 8 30 8
9 6 13 6
9 8 13 8
13 6 13 8
6 5 6 6
6 6 6 8
6 8 6 9
21 2 23 2
22 1 23 1
23 1 23 2
24 34 25 34
25 27 25 34
9 32 9 33
9 33 9 34
11 31 11 32
11 31 12 31
1 29 2 29
2 29 5 29
26 27 27 27
27 26 27 27
14 26 14 29
14 29 15 29
19 25 24 25
24 25 24 29
12 21 12 24
12 24 12 28
23 20 23 21
23 21 23 22
21 18 21 22
21 18 23 18
28 17 28 20
28 20 29 20
10 15 10 16
10 15 13 15
3 14 3 15
3 14 4 14
21 13 21 17
21 13 24 13
29 10 29 11
29 11 30 11
18 8 19 8
19 8 19 10
32 7 32 11
32 11 32 15
27 0 27 3
27 3 27 5
13 34 14 34
2 34 4 34
11 33 11 34
10 33 10 34
18 32 19 32
13 32 15 32
29 31 31 31
20 31 22 31
7 31 8 31
26 30 28 30
17 30 18 30
34 27 34 32
20 27 20 29
25 25 28 25
26 24 30 24
0 23 0 25
28 22 29 22
14 22 14 23
9 22 11 22
24 21 24 23
17 21 17 23
22 20 22 24
22 19 23 19
6 18 7 18
29 17 29 18
7 17 8 17
3 17 3 21
6 16 9 16
33 15 33 21
25 15 27 15
16 15 16 16
7 15 8 15
2 14 2 19
7 13 11 13
4 13 6 13
0 12 0 13
0 11 6 11
6 10 16 10
0 9 1 9
4 8 4 9
19 7 20 7
1 6 1 7
15 4 17 4
19 3 19 4
10 3 14 3
8 3 8 4
32 2 32 3
14 2 20 2
0 1 0 4
5
24 12 25 12
25 6 25 7
24 5 23 5
10 22 9 22
23 15 23 16
167
23 12 25 12
25 10 25 12
25 12 27 12
26 6 26 8
26 6 31 6
27 12 28 12
28 12 31 12
31 6 31 12
13 17 17 17
16 14 17 14
17 11 17 14
17 11 21 11
17 14 17 17
21 9 21 11
21 11 23 11
0 33 6 33
2 31 6 31
6 30 6 31
6 31 6 33
6 33 8 33
8 33 8 34
12 30 13 30
13 24 13 25
13 24 15 24
13 25 13 30
13 25 15 25
13 30 15 30
2 22 2 23
2 22 3 22
2 23 2 24
2 23 4 23
2 24 4 24
20 6 22 6
22 6 22 7
22 6 24 6
24 1 24 4
24 4 24 6
16 28 18 28
18 22 18 28
18 22 19 22
18 28 19 28
33 8 33 13
33 8 34 8
34 8 34 10
34 10 34 12
2 0 2 1
2 1 2 4
2 4 5 4
5 0 5 4
32 29 32 30
32 30 32 31
32 31 33 31
8 27 10 27
9 31 10 31
10 27 10 31
3 26 4 26
4 26 5 26
5 26 10 26
15 19 15 23
15 19 16 19
16 19 16 20
6 19 10 19
10 18 10 19
10 19 13 19
19 18 20 18
20 17 20 18
20 18 20 20
28 15 31 15
31 15 31 19
31 19 31 20
27 10 28 10
28 8 28 10
28 8 30 8
9 6 13 6
9 8 13 8
13 6 13 8
6 5 6 6
6 6 6 8
6 8 6 9
21 2 23 2
22 1 23 1
23 1 23 2
24 34 25 34
25 27 25 34
9 32 9 33
9 33 9 34
11 31 11 32
11 31 12 31
1 29 2 29
2 29 5 29
26 27 27 27
27 26 27 27
14 26 14 29
14 29 15 29
19 25 24 25
24 25 24 29
12 21 12 24
12 24 12 28
23 20 23 21
23 21 23 22
21 18 21 22
21 18 23 18
28 17 28 20
28 20 29 20
10 15 10 16
10 15 13 15
3 14 3 15
3 14 4 14
21 13 21 17
21 13 24 13
29 10 29 11
29 11 30 11
18 8 19 8
19 8 19 10
32 7 32 11
32 11 32 15
27 0 27 3
27 3 27 5
13 34 14 34
2 34 4 34
11 33 11 34
10 33 10 34
18 32 19 32
13 32 15 32
29 31 31 31
20 31 22 31
7 31 8 31
26 30 28 30
17 30 18 30
34 27 34 32
20 27 20 29
25 25 28 25
26 24 30 24
0 23 0 25
28 22 29 22
14 22 14 23
9 22 11 22
24 21 24 23
17 21 17 23
22 20 22 24
22 19 23 19
6 18 7 18
29 17 29 18
7 17 8 17
3 17 3 21
6 16 9 16
33 15 33 21
25 15 27 15
16 15 16 16
7 15 8 15
2 14 2 19
7 13 11 13
4 13 6 13
0 12 0 13
0 11 6 11
6 10 16 10
0 9 1 9
4 8 4 9
19 7 20 7
1 6 1 7
15 4 17 4
19 3 19 4
10 3 14 3
8 3 8 4
32 2 32 3
14 2 20 2
0 1 0 4
6
24 12 25 12
25 6 25 7
24 5 23 5
10 22 9 22
23 15 23 16
23 4 22 4
167
23 12 25 12
25 10 25 12
25 12 27 12
26 6 26 8
26 6 31 6
27 12 28 12
28 12 31 12
31 6 31 12
13 17 17 17
16 14 17 14
17 11 17 14
17 11 21 11
17 14 17 17
21 9 21 11
21 11 23 11
0 33 6 33
2 31 6 31
6 30 6 31
6 31 6 33
6 33 8 33
8 33 8 34
12 30 13 30
13 24 13 25
13 24 15 24
13 25 13 30
13 25 15 25
13 30 15 30
2 22 2 23
2 22 3 22
2 23 2 24
2 23 4 23
2 24 4 24
20 6 22 6
22 6 22 7
22 6 24 6
24 1 24 4
24 4 24 6
16 28 18 28
18 22 18 28
18 22 19 22
18 28 19 28
33 8 33 13
33 8 34 8
34 8 34 10
34 10 34 12
2 0 2 1
2 1 2 4
2 4 5 4
5 0 5 4
32 29 32 30
32 30 32 31
32 31 33 31
8 27 10 27
9 31 10 31
10 27 10 31
3 26 4 26
4 26 5 26
5 26 10 26
15 19 15 23
15 19 16 19
16 19 16 20
6 19 10 19
10 18 10 19
10 19 13 19
19 18 20 18
20 17 20 18
20 18 20 20
28 15 31 15
31 15 31 19
31 19 31 20
27 10 28 10
28 8 28 10
28 8 30 8
9 6 13 6
9 8 13 8
13 6 13 8
6 5 6 6
6 6 6 8
6 8 6 9
21 2 23 2
22 1 23 1
23 1 23 2
24 34 25 34
25 27 25 34
9 32 9 33
9 33 9 34
11 31 11 32
11 31 12 31
1 29 2 29
2 29 5 29
26 27 27 27
27 26 27 27
14 26 14 29
14 29 15 29
19 25 24 25
24 25 24 29
12 21 12 24
12 24 12 28
23 20 23 21
23 21 23 22
21 18 21 22
21 18 23 18
28 17 28 20
28 20 29 20
10 15 10 16
10 15 13 15
3 14 3 15
3 14 4 14
21 13 21 17
21 13 24 13
29 10 29 11
29 11 30 11
18 8 19 8
19 8 19 10
32 7 32 11
32 11 32 15
27 0 27 3
27 3 27 5
13 34 14 34
2 34 4 34
11 33 11 34
10 33 10 34
18 32 19 32
13 32 15 32
29 31 31 31
20 31 22 31
7 31 8 31
26 30 28 30
17 30 18 30
34 27 34 32
20 27 20 29
25 25 28 25
26 24 30 24
0 23 0 25
28 22 29 22
14 22 14 23
9 22 11 22
24 21 24 23
17 21 17 23
22 20 22 24
22 19 23 19
6 18 7 18
29 17 29 18
7 17 8 17
3 17 3 21
6 16 9 16
33 15 33 21
25 15 27 15
16 15 16 16
7 15 8 15
2 14 2 19
7 13 11 13
4 13 6 13
0 12 0 13
0 11 6 11
6 10 16 10
0 9 1 9
4 8 4 9
19 7 20 7
1 6 1 7
15 4 17 4
19 3 19 4
10 3 14 3
8 3 8 4
32 2 32 3
14 2 20 2
0 1 0 4
7
24 12 25 12
25 6 25 7
24 5 23 5
10 22 9 22
23 15 23 16
23 4 22 4
10 20 9 20
167
23 12 25 12
25 10 25 12
25 12 27 12
26 6 26 8
26 6 31 6
27 12 28 12
28 12 31 12
31 6 31 12
13 17 17 17
16 14 17 14
17 11 17 14
17 11 21 11
17 14 17 17
21 9 21 11
21 11 23 11
0 33 6 33
2 31 6 31
6 30 6 31
6 31 6 33
6 33 8 33
8 33 8 34
12 30 13 30
13 24 13 25
13 24 15 24
13 25 13 30
13 25 15 25
13 30 15 30
2 22 2 23
2 22 3 22
2 23 2 24
2 23 4 23
2 24 4 24
20 6 22 6
22 6 22 7
22 6 24 6
24 1 24 4
24 4 24 6
16 28 18 28
18 22 18 28
18 22 19 22
18 28 19 28
33 8 33 13
33 8 34 8
34 8 34 10
34 10 34 12
2 0 2 1
2 1 2 4
2 4 5 4
5 0 5 4
32 29 32 30
32 30 32 31
32 31 33 31
8 27 10 27
9 31 10 31
10 27 10 31
3 26 4 26
4 26 5 26
5 26 10 26
15 19 15 23
15 19 16 19
16 19 16 20
6 19 10 19
10 18 10 19
10 19 13 19
19 18 20 18
20 17 20 18
20 18 20 20
28 15 31 15
31 15 31 19
31 19 31 20
27 10 28 10
28 8 28 10
28 8 30 8
9 6 13 6
9 8 13 8
13 6 13 8
6 5 6 6
6 6 6 8
6 8 6 9
21 2 23 2
22 1 23 1
23 1 23 2
24 34 25 34
25 27 25 34
9 32 9 33
9 33 9 34
11 31 11 32
11 31 12 31
1 29 2 29
2 29 5 29
26 27 27 27
27 26 27 27
14 26 14 29
14 29 15 29
19 25 24 25
24 25 24 29
12 21 12 24
12 24 12 28
23 20 23 21
23 21 23 22
21 18 21 22
21 18 23 18
28 17 28 20
28 20 29 20
10 15 10 16
10 15 13 15
3 14 3 15
3 14 4 14
21 13 21 17
21 13 24 13
29 10 29 11
29 11 30 11
18 8 19 8
19 8 19 10
32 7 32 11
32 11 32 15
27 0 27 3
27 3 27 5
13 34 14 34
2 34 4 34
11 33 11 34
10 33 10 34
18 32 19 32
13 32 15 32
29 31 31 31
20 31 22 31
7 31 8 31
26 30 28 30
17 30 18 30
34 27 34 32
20 27 20 29
25 25 28 25
26 24 30 24
0 23 0 25
28 22 29 22
14 22 14 23
9 22 11 22
24 21 24 23
17 21 17 23
22 20 22 24
22 19 23 19
6 18 7 18
29 17 29 18
7 17 8 17
3 17 3 21
6 16 9 16
33 15 33 21
25 15 27 15
16 15 16 16
7 15 8 15
2 14 2 19
7 13 11 13
4 13 6 13
0 12 0 13
0 11 6 11
6 10 16 10
0 9 1 9
4 8 4 9
19 7 20 7
1 6 1 7
15 4 17 4
19 3 19 4
10 3 14 3
8 3 8 4
32 2 32 3
14 2 20 2
0 1 0 4
8
24 12 25 12
25 6 25 7
24 5 23 5
10 22 9 22
23 15 23 16
23 4 22 4
10 20 9 20
19 7 18 7
167
23 12 25 12
25 10 25 12
25 12 27 12
26 6 26 8
26 6 31 6
27 12 28 12
28 12 31 12
31 6 31 12
13 17 17 17
16 14 17 14
17 11 17 14
17 11 21 11
17 14 17 17
21 9 21 11
21 11 23 11
0 33 6 33
2 31 6 31
6 30 6 31
6 31 6 33
6 33 8 33
8 33 8 34
12 30 13 30
13 24 13 25
13 24 15 24
13 25 13 30
13 25 15 25
13 30 15 30
2 22 2 23
2 22 3 22
2 23 2 24
2 23 4 23
2 24 4 24
20 6 22 6
22 6 22 7
22 6 24 6
24 1 24 4
24 4 24 6
16 28 18 28
18 22 18 28
18 22 19 22
18 28 19 28
33 8 33 13
33 8 34 8
34 8 34 10
34 10 34 12
2 0 2 1
2 1 2 4
2 4 5 4
5 0 5 4
32 29 32 30
32 30 32 31
32 31 33 31
8 27 10 27
9 31 10 31
10 27 10 31
3 26 4 26
4 26 5 26
5 26 10 26
15 19 15 23
15 19 16 19
16 19 16 20
6 19 10 19
10 18 10 19
10 19 13 19
19 18 20 18
20 17 20 18
20 18 20 20
28 15 31 15
31 15 31 19
31 19 31 20
27 10 28 10
28 8 28 10
28 8 30 8
9 6 13 6
9 8 13 8
13 6 13 8
6 5 6 6
6 6 6 8
6 8 6 9
21 2 23 2
22 1 23 1
23 1 23 2
24 34 25 34
25 27 25 34
9 32 9 33
9 33 9 34
11 31 11 32
11 31 12 31
1 29 2 29
2 29 5 29
26 27 27 27
27 26 27 27
14 26 14 29
14 29 15 29
19 25 24 25
24 25 24 29
12 21 12 24
12 24 12 28
23 20 23 21
23 21 23 22
21 18 21 22
21 18 23 18
28 17 28 20
28 20 29 20
10 15 10 16
10 15 13 15
3 14 3 15
3 14 4 14
21 13 21 17
21 13 24 13
29 10 29 11
29 11 30 11
18 8 19 8
19 8 19 10
32 7 32 11
32 11 32 15
27 0 27 3
27 3 27 5
13 34 14 34
2 34 4 34
11 33 11 34
10 33 10 34
18 32 19 32
13 32 15 32
29 31 31 31
20 31 22 31
7 31 8 31
26 30 28 30
17 30 18 30
34 27 34 32
20 27 20 29
25 25 28 25
26 24 30 24
0 23 0 25
28 22 29 22
14 22 14 23
9 22 11 22
24 21 24 23
17 21 17 23
22 20 22 24
22 19 23 19
6 18 7 18
29 17 29 18
7 17 8 17
3 17 3 21
6 16 9 16
33 15 33 21
25 15 27 15
16 15 16 16
7 15 8 15
2 14 2 19
7 13 11 13
4 13 6 13
0 12 0 13
0 11 6 11
6 10 16 10
0 9 1 9
4 8 4 9
18 7 20 7
1 6 1 7
15 4 17 4
19 3 19 4
10 3 14 3
8 3 8 4
32 2 32 3
14 2 20 2
0 1 0 4
9
24 12 25 12
25 6 25 7
24 5 23 5
10 22 9 22
23 15 23 16
23 4 22 4
10 20 9 20
19 7 18 7
19 5 20 5
167
23 12 25 12
25 10 25 12
25 12 27 12
26 6 26 8
26 6 31 6
27 12 28 12
28 12 31 12
31 6 31 12
13 17 17 17
16 14 17 14
17 11 17 14
17 11 21 11
17 14 17 17
21 9 21 11
21 11 23 11
0 33 6 33
2 31 6 31
6 30 6 31
6 31 6 33
6 33 8 33
8 33 8 34
12 30 13 30
13 24 13 25
13 24 15 24
13 25 13 30
13 25 15 25
13 30 15 30
2 22 2 23
2 22 3 22
2 23 2 24
2 23 4 23
2 24 4 24
20 6 22 6
22 6 22 7
22 6 24 6
24 1 24 4
24 4 24 6
16 28 18 28
18 22 18 28
18 22 19 22
18 28 19 28
33 8 33 13
33 8 34 8
34 8 34 10
34 10 34 12
2 0 2 1
2 1 2 4
2 4 5 4
5 0 5 4
32 29 32 30
32 30 32 31
32 31 33 31
8 27 10 27
9 31 10 31
10 27 10 31
3 26 4 26
4 26 5 26
5 26 10 26
15 19 15 23
15 19 16 19
16 19 16 20
6 19 10 19
10 18 10 19
10 19 13 19
19 18 20 18
20 17 20 18
20 18 20 20
28 15 31 15
31 15 31 19
31 19 31 20
27 10 28 10
28 8 28 10
28 8 30 8
9 6 13 6
9 8 13 8
13 6 13 8
6 5 6 6
6 6 6 8
6 8 6 9
21 2 23 2
22 1 23 1
23 1 23 2
24 34 25 34
25 27 25 34
9 32 9 33
9 33 9 34
11 31 11 32
11 31 12 31
1 29 2 29
2 29 5 29
26 27 27 27
27 26 27 27
14 26 14 29
14 29 15 29
19 25 24 25
24 25 24 29
12 21 12 24
12 24 12 28
23 20 23 21
23 21 23 22
21 18 21 22
21 18 23 18
28 17 28 20
28 20 29 20
10 15 10 16
10 15 13 15
3 14 3 15
3 14 4 14
21 13 21 17
21 13 24 13
29 10 29 11
29 11 30 11
18 8 19 8
19 8 19 10
32 7 32 11
32 11 32 15
27 0 27 3
27 3 27 5
13 34 14 34
2 34 4 34
11 33 11 34
10 33 10 34
18 32 19 32
13 32 15 32
29 31 31 31
20 31 22 31
7 31 8 31
26 30 28 30
17 30 18 30
34 27 34 32
20 27 20 29
25 25 28 25
26 24 30 24
0 23 0 25
28 22 29 22
14 22 14 23
9 22 11 22
24 21 24 23
17 21 17 23
22 20 22 24
22 19 23 19
6 18 7 18
29 17 29 18
7 17 8 17
3 17 3 21
6 16 9 16
33 15 33 21
25 15 27 15
16 15 16 16
7 15 8 15
2 14 2 19
7 13 11 13
4 13 6 13
0 12 0 13
0 11 6 11
6 10 16 10
0 9 1 9
4 8 4 9
18 7 20 7
1 6 1 7
15 4 17 4
19 3 19 4
10 3 14 3
8 3 8 4
32 2 32 3
14 2 20 2
0 1 0 4
10
24 12 25 12
25 6 25 7
24 5 23 5
10 22 9 22
23 15 23 16
23 4 22 4
10 20 9 20
19 7 18 7
19 5 20 5
20 6 21 6
168
23 12 25 12
25 10 25 12
25 12 27 12
26 6 26 8
26 6 31 6
27 12 28 12
28 12 31 12
31 6 31 12
13 17 17 17
16 14 17 14
17 11 17 14
17 11 21 11
17 14 17 17
21 9 21 11
21 11 23 11
0 33 6 33
2 31 6 31
6 30 6 31
6 31 6 33
6 33 8 33
8 33 8 34
12 30 13 30
13 24 13 25
13 24 15 24
13 25 13 30
13 25 15 25
13 30 15 30
21 6 21 8
21 6 22 6
22 6 22 7
22 6 24 6
24 1 24 4
24 4 24 6
2 22 2 23
2 22 3 22
2 23 2 24
2 23 4 23
2 24 4 24
16 28 18 28
18 22 18 28
18 22 19 22
18 28 19 28
33 8 33 13
33 8 34 8
34 8 34 10
34 10 34 12
2 0 2 1
2 1 2 4
2 4 5 4
5 0 5 4
32 29 32 30
32 30 32 31
32 31 33 31
8 27 10 27
9 31 10 31
10 27 10 31
3 26 4 26
4 26 5 26
5 26 10 26
15 19 15 23
15 19 16 19
16 19 16 20
6 19 10 19
10 18 10 19
10 19 13 19
19 18 20 18
20 17 20 18
20 18 20 20
28 15 31 15
31 15 31 19
31 19 31 20
27 10 28 10
28 8 28 10
28 8 30 8
9 6 13 6
9 8 13 8
13 6 13 8
6 5 6 6
6 6 6 8
6 8 6 9
21 2 23 2
22 1 23 1
23 1 23 2
24 34 25 34
25 27 25 34
9 32 9 33
9 33 9 34
11 31 11 32
11 31 12 31
1 29 2 29
2 29 5 29
26 27 27 27
27 26 27 27
14 26 14 29
14 29 15 29
19 25 24 25
24 25 24 29
12 21 12 24
12 24 12 28
23 20 23 21
23 21 23 22
21 18 21 22
21 18 23 18
28 17 28 20
28 20 29 20
10 15 10 16
10 15 13 15
3 14 3 15
3 14 4 14
21 13 21 17
21 13 24 13
29 10 29 11
29 11 30 11
18 8 19 8
19 8 19 10
32 7 32 11
32 11 32 15
27 0 27 3
27 3 27 5
13 34 14 34
2 34 4 34
11 33 11 34
10 33 10 34
18 32 19 32
13 32 15 32
29 31 31 31
20 31 22 31
7 31 8 31
26 30 28 30
17 30 18 30
34 27 34 32
20 27 20 29
25 25 28 25
26 24 30 24
0 23 0 25
28 22 29 22
14 22 14 23
9 22 11 22
24 21 24 23
17 21 17 23
22 20 22 24
22 19 23 19
6 18 7 18
29 17 29 18
7 17 8 17
3 17 3 21
6 16 9 16
33 15 33 21
25 15 27 15
16 15 16 16
7 15 8 15
2 14 2 19
7 13 11 13
4 13 6 13
0 12 0 13
0 11 6 11
6 10 16 10
0 9 1 9
4 8 4 9
18 7 20 7
1 6 1 7
15 4 17 4
19 3 19 4
10 3 14 3
8 3 8 4
32 2 32 3
14 2 20 2
0 1 0 4
11
24 12 25 12
25 6 25 7
24 5 23 5
10 22 9 22
23 15 23 16
23 4 22 4
10 20 9 20
19 7 18 7
19 5 20 5
20 6 21 6
22 7 22 8
168
23 12 25 12
25 10 25 12
25 12 27 12
26 6 26 8
26 6 31 6
27 12 28 12
28 12 31 12
31 6 31 12
13 17 17 17
16 14 17 14
17 11 17 14
17 11 21 11
17 14 17 17
21 9 21 11
21 11 23 11
0 33 6 33
2 31 6 31
6 30 6 31
6 31 6 33
6 33 8 33
8 33 8 34
12 30 13 30
13 24 13 25
13 24 15 24
13 25 13 30
13 25 15 25
13 30 15 30
21 6 21 8
21 6 22 6
21 8 22 8
22 6 24 6
24 1 24 4
24 4 24 6
2 22 2 23
2 22 3 22
2 23 2 24
2 23 4 23
2 24 4 24
16 28 18 28
18 22 18 28
18 22 19 22
18 28 19 28
33 8 33 13
33 8 34 8
34 8 34 10
34 10 34 12
2 0 2 1
2 1 2 4
2 4 5 4
5 0 5 4
32 29 32 30
32 30 32 31
32 31 33 31
8 27 10 27
9 31 10 31
10 27 10 31
3 26 4 26
4 26 5 26
5 26 10 26
15 19 15 23
15 19 16 19
16 19 16 20
6 19 10 19
10 18 10 19
10 19 13 19
19 18 20 18
20 17 20 18
20 18 20 20
28 15 31 15
31 15 31 19
31 19 31 20
27 10 28 10
28 8 28 10
28 8 30 8
9 6 13 6
9 8 13 8
13 6 13 8
6 5 6 6
6 6 6 8
6 8 6 9
21 2 23 2
22 1 23 1
23 1 23 2
24 34 25 34
25 27 25 34
9 32 9 33
9 33 9 34
11 31 11 32
11 31 12 31
1 29 2 29
2 29 5 29
26 27 27 27
27 26 27 27
14 26 14 29
14 29 15 29
19 25 24 25
24 25 24 29
12 21 12 24
12 24 12 28
23 20 23 21
23 21 23 22
21 18 21 22
21 18 23 18
28 17 28 20
28 20 29 20
10 15 10 16
10 15 13 15
3 14 3 15
3 14 4 14
21 13 21 17
21 13 24 13
29 10 29 11
29 11 30 11
18 8 19 8
19 8 19 10
32 7 32 11
32 11 32 15
27 0 27 3
27 3 27 5
13 34 14 34
2 34 4 34
11 33 11 34
10 33 10 34
18 32 19 32
13 32 15 32
29 31 31 31
20 31 22 31
7 31 8 31
26 30 28 30
17 30 18 30
34 27 34 32
20 27 20 29
25 25 28 25
26 24 30 24
0 23 0 25
28 22 29 22
14 22 14 23
9 22 11 22
24 21 24 23
17 21 17 23
22 20 22 24
22 19 23 19
6 18 7 18
29 17 29 18
7 17 8 17
3 17 3 21
6 16 9 16
33 15 33 21
25 15 27 15
16 15 16 16
7 15 8 15
2 14 2 19
7 13 11 13
4 13 6 13
0 12 0 13
0 11 6 11
6 10 16 10
0 9 1 9
4 8 4 9
18 7 20 7
1 6 1 7
15 4 17 4
19 3 19 4
10 3 14 3
8 3 8 4
32 2 32 3
14 2 20 2
0 1 0 4
12
24 12 25 12
25 6 25 7
24 5 23 5
10 22 9 22
23 15 23 16
23 4 22 4
10 20 9 20
19 7 18 7
19 5 20 5
20 6 21 6
22 7 22 8
19 3 19 2
168
23 12 25 12
25 10 25 12
25 12 27 12
26 6 26 8
26 6 31 6
27 12 28 12
28 12 31 12
31 6 31 12
13 17 17 17
16 14 17 14
17 11 17 14
17 11 21 11
17 14 17 17
21 9 21 11
21 11 23 11
0 33 6 33
2 31 6 31
6 30 6 31
6 31 6 33
6 33 8 33
8 33 8 34
12 30 13 30
13 24 13 25
13 24 15 24
13 25 13 30
13 25 15 25
13 30 15 30
21 6 21 8
21 6 22 6
21 8 22 8
22 6 24 6
24 1 24 4
24 4 24 6
2 22 2 23
2 22 3 22
2 23 2 24
2 23 4 23
2 24 4 24
16 28 18 28
18 22 18 28
18 22 19 22
18 28 19 28
33 8 33 13
33 8 34 8
34 8 34 10
34 10 34 12
2 0 2 1
2 1 2 4
2 4 5 4
5 0 5 4
32 29 32 30
32 30 32 31
32 31 33 31
8 27 10 27
9 31 10 31
10 27 10 31
3 26 4 26
4 26 5 26
5 26 10 26
15 19 15 23
15 19 16 19
16 19 16 20
6 19 10 19
10 18 10 19
10 19 13 19
19 18 20 18
20 17 20 18
20 18 20 20
28 15 31 15
31 15 31 19
31 19 31 20
27 10 28 10
28 8 28 10
28 8 30 8
9 6 13 6
9 8 13 8
13 6 13 8
6 5 6 6
6 6 6 8
6 8 6 9
21 2 23 2
22 1 23 1
23 1 23 2
24 34 25 34
25 27 25 34
9 32 9 33
9 33 9 34
11 31 11 32
11 31 12 31
1 29 2 29
2 29 5 29
26 27 27 27
27 26 27 27
14 26 14 29
14 29 15 29
19 25 24 25
24 25 24 29
12 21 12 24
12 24 12 28
23 20 23 21
23 21 23 22
21 18 21 22
21 18 23 18
28 17 28 20
28 20 29 20
10 15 10 16
10 15 13 15
3 14 3 15
3 14 4 14
21 13 21 17
21 13 24 13
29 10 29 11
29 11 30 11
18 8 19 8
19 8 19 10
32 7 32 11
32 11 32 15
27 0 27 3
27 3 27 5
13 34 14 34
2 34 4 34
11 33 11 34
10 33 10 34
18 32 19 32
13 32 15 32
29 31 31 31
20 31 22 31
7 31 8 31
26 30 28 30
17 30 18 30
34 27 34 32
20 27 20 29
25 25 28 25
26 24 30 24
0 23 0 25
28 22 29 22
14 22 14 23
9 22 11 22
24 21 24 23
17 21 17 23
22 20 22 24
22 19 23 19
6 18 7 18
29 17 29 18
7 17 8 17
3 17 3 21
6 16 9 16
33 15 33 21
25 15 27 15
16 15 16 16
7 15 8 15
2 14 2 19
7 13 11 13
4 13 6 13
0 12 0 13
0 11 6 11
6 10 16 10
0 9 1 9
4 8 4 9
18 7 20 7
1 6 1 7
15 4 17 4
10 3 14 3
8 3 8 4
32 2 32 3
19 2 19 4
0 1 0 4
17 0 17 3
13
24 12 25 12
25 6 25 7
24 5 23 5
10 22 9 22
23 15 23 16
23 4 22 4
10 20 9 20
19 7 18 7
19 5 20 5
20 6 21 6
22 7 22 8
19 3 19 2
17 3 17 2
168
23 12 25 12
25 10 25 12
25 12 27 12
26 6 26 8
26 6 31 6
27 12 28 12
28 12 31 12
31 6 31 12
13 17 17 17
16 14 17 14
17 11 17 14
17 11 21 11
17 14 17 17
21 9 21 11
21 11 23 11
0 33 6 33
2 31 6 31
6 30 6 31
6 31 6 33
6 33 8 33
8 33 8 34
12 30 13 30
13 24 13 25
13 24 15 24
13 25 13 30
13 25 15 25
13 30 15 30
21 6 21 8
21 6 22 6
21 8 22 8
22 6 24 6
24 1 24 4
24 4 24 6
2 22 2 23
2 22 3 22
2 23 2 24
2 23 4 23
2 24 4 24
16 28 18 28
18 22 18 28
18 22 19 22
18 28 19 28
33 8 33 13
33 8 34 8
34 8 34 10
34 10 34 12
2 0 2 1
2 1 2 4
2 4 5 4
5 0 5 4
32 29 32 30
32 30 32 31
32 31 33 31
8 27 10 27
9 31 10 31
10 27 10 31
3 26 4 26
4 26 5 26
5 26 10 26
15 19 15 23
15 19 16 19
16 19 16 20
6 19 10 19
10 18 10 19
10 19 13 19
19 18 20 18
20 17 20 18
20 18 20 20
28 15 31 15
31 15 31 19
31 19 31 20
27 10 28 10
28 8 28 10
28 8 30 8
9 6 13 6
9 8 13 8
13 6 13 8
6 5 6 6
6 6 6 8
6 8 6 9
21 2 23 2
22 1 23 1
23 1 23 2
24 34 25 34
25 27 25 34
9 32 9 33
9 33 9 34
11 31 11 32
11 31 12 31
1 29 2 29
2 29 5 29
26 27 27 27
27 26 27 27
14 26 14 29
14 29 15 29
19 25 24 25
24 25 24 29
12 21 12 24
12 24 12 28
23 20 23 21
23 21 23 22
21 18 21 22
21 18 23 18
28 17 28 20
28 20 29 20
10 15 10 16
10 15 13 15
3 14 3 15
3 14 4 14
21 13 21 17
21 13 24 13
29 10 29 11
29 11 30 11
18 8 19 8
19 8 19 10
32 7 32 11
32 11 32 15
27 0 27 3
27 3 27 5
13 34 14 34
2 34 4 34
11 33 11 34
10 33 10 34
18 32 19 32
13 32 15 32
29 31 31 31
20 31 22 31
7 31 8 31
26 30 28 30
17 30 18 30
34 27 34 32
20 27 20 29
25 25 28 25
26 24 30 24
0 23 0 25
28 22 29 22
14 22 14 23
9 22 11 22
24 21 24 23
17 21 17 23
22 20 22 24
22 19 23 19
6 18 7 18
29 17 29 18
7 17 8 17
3 17 3 21
6 16 9 16
33 15 33 21
25 15 27 15
16 15 16 16
7 15 8 15
2 14 2 19
7 13 11 13
4 13 6 13
0 12 0 13
0 11 6 11
6 10 16 10
0 9 1 9
4 8 4 9
18 7 20 7
1 6 1 7
15 4 17 4
10 3 14 3
8 3 8 4
32 2 32 3
19 2 19 4
0 1 0 4
17 0 17 2
14
24 12 25 12
25 6 25 7
24 5 23 5
10 22 9 22
23 15 23 16
23 4 22 4
10 20 9 20
19 7 18 7
19 5 20 5
20 6 21 6
22 7 22 8
19 3 19 2
17 3 17 2
20 2 20 1
168
23 12 25 12
25 10 25 12
25 12 27 12
26 6 26 8
26 6 31 6
27 12 28 12
28 12 31 12
31 6 31 12
13 17 17 17
16 14 17 14
17 11 17 14
17 11 21 11
17 14 17 17
21 9 21 11
21 11 23 11
0 33 6 33
2 31 6 31
6 30 6 31
6 31 6 33
6 33 8 33
8 33 8 34
12 30 13 30
13 24 13 25
13 24 15 24
13 25 13 30
13 25 15 25
13 30 15 30
21 6 21 8
21 6 22 6
21 8 22 8
22 6 24 6
24 1 24 4
24 4 24 6
2 22 2 23
2 22 3 22
2 23 2 24
2 23 4 23
2 24 4 24
16 28 18 28
18 22 18 28
18 22 19 22
18 28 19 28
33 8 33 13
33 8 34 8
34 8 34 10
34 10 34 12
2 0 2 1
2 1 2 4
2 4 5 4
5 0 5 4
32 29 32 30
32 30 32 31
32 31 33 31
8 27 10 27
9 31 10 31
10 27 10 31
3 26 4 26
4 26 5 26
5 26 10 26
15 19 15 23
15 19 16 19
16 19 16 20
6 19 10 19
10 18 10 19
10 19 13 19
19 18 20 18
20 17 20 18
20 18 20 20
28 15 31 15
31 15 31 19
31 19 31 20
27 10 28 10
28 8 28 10
28 8 30 8
9 6 13 6
9 8 13 8
13 6 13 8
6 5 6 6
6 6 6 8
6 8 6 9
21 2 23 2
22 1 23 1
23 1 23 2
24 34 25 34
25 27 25 34
9 32 9 33
9 33 9 34
11 31 11 32
11 31 12 31
1 29 2 29
2 29 5 29
26 27 27 27
27 26 27 27
14 26 14 29
14 29 15 29
19 25 24 25
24 25 24 29
12 21 12 24
12 24 12 28
23 20 23 21
23 21 23 22
21 18 21 22
21 18 23 18
28 17 28 20
28 20 29 20
10 15 10 16
10 15 13 15
3 14 3 15
3 14 4 14
21 13 21 17
21 13 24 13
29 10 29 11
29 11 30 11
18 8 19 8
19 8 19 10
32 7 32 11
32 11 32 15
27 0 27 3
27 3 27 5
13 34 14 34
2 34 4 34
11 33 11 34
10 33 10 34
18 32 19 32
13 32 15 32
29 31 31 31
20 31 22 31
7 31 8 31
26 30 28 30
17 30 18 30
34 27 34 32
20 27 20 29
25 25 28 25
26 24 30 24
0 23 0 25
28 22 29 22
14 22 14 23
9 22 11 22
24 21 24 23
17 21 17 23
22 20 22 24
22 19 23 19
6 18 7 18
29 17 29 18
7 17 8 17
3 17 3 21
6 16 9 16
33 15 33 21
25 15 27 15
16 15 16 16
7 15 8 15
2 14 2 19
7 13 11 13
4 13 6 13
0 12 0 13
0 11 6 11
6 10 16 10
0 9 1 9
4 8 4 9
18 7 20 7
1 6 1 7
15 4 17 4
10 3 14 3
8 3 8 4
32 2 32 3
19 2 19 4
0 1 0 4
17 0 17 2
15
24 12 25 12
25 6 25 7
24 5 23 5
10 22 9 22
23 15 23 16
23 4 22 4
10 20 9 20
19 7 18 7
19 5 20 5
20 6 21 6
22 7 22 8
19 3 19 2
17 3 17 2
20 2 20 1
18 5 17 5
168
23 12 25 12
25 10 25 12
25 12 27 12
26 6 26 8
26 6 31 6
27 12 28 12
28 12 31 12
31 6 31 12
13 17 17 17
16 14 17 14
17 11 17 14
17 11 21 11
17 14 17 17
21 9 21 11
21 11 23 11
0 33 6 33
2 31 6 31
6 30 6 31
6 31 6 33
6 33 8 33
8 33 8 34
12 30 13 30
13 24 13 25
13 24 15 24
13 25 13 30
13 25 15 25
13 30 15 30
21 6 21 8
21 6 22 6
21 8 22 8
22 6 24 6
24 1 24 4
24 4 24 6
2 22 2 23
2 22 3 22
2 23 2 24
2 23 4 23
2 24 4 24
16 28 18 28
18 22 18 28
18 22 19 22
18 28 19 28
33 8 33 13
33 8 34 8
34 8 34 10
34 10 34 12
2 0 2 1
2 1 2 4
2 4 5 4
5 0 5 4
32 29 32 30
32 30 32 31
32 31 33 31
8 27 10 27
9 31 10 31
10 27 10 31
3 26 4 26
4 26 5 26
5 26 10 26
15 19 15 23
15 19 16 19
16 19 16 20
6 19 10 19
10 18 10 19
10 19 13 19
19 18 20 18
20 17 20 18
20 18 20 20
28 15 31 15
31 15 31 19
31 19 31 20
27 10 28 10
28 8 28 10
28 8 30 8
9 6 13 6
9 8 13 8
13 6 13 8
6 5 6 6
6 6 6 8
6 8 6 9
21 2 23 2
22 1 23 1
23 1 23 2
24 34 25 34
25 27 25 34
9 32 9 33
9 33 9 34
11 31 11 32
11 31 12 31
1 29 2 29
2 29 5 29
26 27 27 27
27 26 27 27
14 26 14 29
14 29 15 29
19 25 24 25
24 25 24 29
12 21 12 24
12 24 12 28
23 20 23 21
23 21 23 22
21 18 21 22
21 18 23 18
28 17 28 20
28 20 29 20
10 15 10 16
10 15 13 15
3 14 3 15
3 14 4 14
21 13 21 17
21 13 24 13
29 10 29 11
29 11 30 11
18 8 19 8
19 8 19 10
32 7 32 11
32 11 32 15
27 0 27 3
27 3 27 5
13 34 14 34
2 34 4 34
11 33 11 34
10 33 10 34
18 32 19 32
13 32 15 32
29 31 31 31
20 31 22 31
7 31 8 31
26 30 28 30
17 30 18 30
34 27 34 32
20 27 20 29
25 25 28 25
26 24 30 24
0 23 0 25
28 22 29 22
14 22 14 23
9 22 11 22
24 21 24 23
17 21 17 23
22 20 22 24
22 19 23 19
6 18 7 18
29 17 29 18
7 17 8 17
3 17 3 21
6 16 9 16
33 15 33 21
25 15 27 15
16 15 16 16
7 15 8 15
2 14 2 19
7 13 11 13
4 13 6 13
0 12 0 13
0 11 6 11
6 10 16 10
0 9 1 9
4 8 4 9
18 7 20 7
1 6 1 7
15 4 17 4
10 3 14 3
8 3 8 4
32 2 32 3
19 2 19 4
0 1 0 4
17 0 17 2
16
24 12 25 12
25 6 25 7
24 5 23 5
10 22 9 22
23 15 23 16
23 4 22 4
10 20 9 20
19 7 18 7
19 5 20 5
20 6 21 6
22 7 22 8
19 3 19 2
17 3 17 2
20 2 20 1
18 5 17 5
22 4 22 5
168
23 12 25 12
25 10 25 12
25 12 27 12
26 6 26 8
26 6 31 6
27 12 28 12
28 12 31 12
31 6 31 12
13 17 17 17
16 14 17 14
17 11 17 14
17 11 21 11
17 14 17 17
21 9 21 11
21 11 23 11
0 33 6 33
2 31 6 31
6 30 6 31
6 31 6 33
6 33 8 33
8 33 8 34
12 30 13 30
13 24 13 25
13 24 15 24
13 25 13 30
13 25 15 25
13 30 15 30
21 6 21 8
21 6 22 6
21 8 22 8
22 6 24 6
24 1 24 4
24 4 24 6
2 22 2 23
2 22 3 22
2 23 2 24
2 23 4 23
2 24 4 24
16 28 18 28
18 22 18 28
18 22 19 22
18 28 19 28
33 8 33 13
33 8 34 8
34 8 34 10
34 10 34 12
2 0 2 1
2 1 2 4
2 4 5 4
5 0 5 4
32 29 32 30
32 30 32 31
32 31 33 31
8 27 10 27
9 31 10 31
10 27 10 31
3 26 4 26
4 26 5 26
5 26 10 26
15 19 15 23
15 19 16 19
16 19 16 20
6 19 10 19
10 18 10 19
10 19 13 19
19 18 20 18
20 17 20 18
20 18 20 20
28 15 31 15
31 15 31 19
31 19 31 20
27 10 28 10
28 8 28 10
28 8 30 8
9 6 13 6
9 8 13 8
13 6 13 8
6 5 6 6
6 6 6 8
6 8 6 9
21 2 23 2
22 1 23 1
23 1 23 2
24 34 25 34
25 27 25 34
9 32 9 33
9 33 9 34
11 31 11 32
11 31 12 31
1 29 2 29
2 29 5 29
26 27 27 27
27 26 27 27
14 26 14 29
14 29 15 29
19 25 24 25
24 25 24 29
12 21 12 24
12 24 12 28
23 20 23 21
23 21 23 22
21 18 21 22
21 18 23 18
28 17 28 20
28 20 29 20
10 15 10 16
10 15 13 15
3 14 3 15
3 14 4 14
21 13 21 17
21 13 24 13
29 10 29 11
29 11 30 11
18 8 19 8
19 8 19 10
32 7 32 11
32 11 32 15
27 0 27 3
27 3 27 5
13 34 14 34
2 34 4 34
11 33 11 34
10 33 10 34
18 32 19 32
13 32 15 32
29 31 31 31
20 31 22 31
7 31 8 31
26 30 28 30
17 30 18 30
34 27 34 32
20 27 20 29
25 25 28 25
26 24 30 24
0 23 0 25
28 22 29 22
14 22 14 23
9 22 11 22
24 21 24 23
17 21 17 23
22 20 22 24
22 19 23 19
6 18 7 18
29 17 29 18
7 17 8 17
3 17 3 21
6 16 9 16
33 15 33 21
25 15 27 15
16 15 16 16
7 15 8 15
2 14 2 19
7 13 11 13
4 13 6 13
0 12 0 13
0 11 6 11
6 10 16 10
0 9 1 9
4 8 4 9
18 7 20 7
1 6 1 7
15 4 17 4
10 3 14 3
8 3 8 4
32 2 32 3
19 2 19 4
0 1 0 4
17 0 17 2
17
24 12 25 12
25 6 25 7
24 5 23 5
10 22 9 22
23 15 23 16
23 4 22 4
10 20 9 20
19 7 18 7
19 5 20 5
20 6 21 6
22 7 22 8
19 3 19 2
17 3 17 2
20 2 20 1
18 5 17 5
22 4 22 5
22 5 22 4
168
23 12 25 12
25 10 25 12
25 12 27 12
26 6 26 8
26 6 31 6
27 12 28 12
28 12 31 12
31 6 31 12
13 17 17 17
16 14 17 14
17 11 17 14
17 11 21 11
17 14 17 17
21 9 21 11
21 11 23 11
0 33 6 33
2 31 6 31
6 30 6 31
6 31 6 33
6 33 8 33
8 33 8 34
12 30 13 30
13 24 13 25
13 24 15 24
13 25 13 30
13 25 15 25
13 30 15 30
21 6 21 8
21 6 22 6
21 8 22 8
22 6 24 6
24 1 24 4
24 4 24 6
2 22 2 23
2 22 3 22
2 23 2 24
2 23 4 23
2 24 4 24
16 28 18 28
18 22 18 28
18 22 19 22
18 28 19 28
33 8 33 13
33 8 34 8
34 8 34 10
34 10 34 12
2 0 2 1
2 1 2 4
2 4 5 4
5 0 5 4
32 29 32 30
32 30 32 31
32 31 33 31
8 27 10 27
9 31 10 31
10 27 10 31
3 26 4 26
4 26 5 26
5 26 10 26
15 19 15 23
15 19 16 19
16 19 16 20
6 19 10 19
10 18 10 19
10 19 13 19
19 18 20 18
20 17 20 18
20 18 20 20
28 15 31 15
31 15 31 19
31 19 31 20
27 10 28 10
28 8 28 10
28 8 30 8
9 6 13 6
9 8 13 8
13 6 13 8
6 5 6 6
6 6 6 8
6 8 6 9
21 2 23 2
22 1 23 1
23 1 23 2
24 34 25 34
25 27 25 34
9 32 9 33
9 33 9 34
11 31 11 32
11 31 12 31
1 29 2 29
2 29 5 29
26 27 27 27
27 26 27 27
14 26 14 29
14 29 15 29
19 25 24 25
24 25 24 29
12 21 12 24
12 24 12 28
23 20 23 21
23 21 23 22
21 18 21 22
21 18 23 18
28 17 28 20
28 20 29 20
10 15 10 16
10 15 13 15
3 14 3 15
3 14 4 14
21 13 21 17
21 13 24 13
29 10 29 11
29 11 30 11
18 8 19 8
19 8 19 10
32 7 32 11
32 11 32 15
27 0 27 3
27 3 27 5
13 34 14 34
2 34 4 34
11 33 11 34
10 33 10 34
18 32 19 32
13 32 15 32
29 31 31 31
20 31 22 31
7 31 8 31
26 30 28 30
17 30 18 30
34 27 34 32
20 27 20 29
25 25 28 25
26 24 30 24
0 23 0 25
28 22 29 22
14 22 14 23
9 22 11 22
24 21 24 23
17 21 17 23
22 20 22 24
22 19 23 19
6 18 7 18
29 17 29 18
7 17 8 17
3 17 3 21
6 16 9 16
33 15 33 21
25 15 27 15
16 15 16 16
7 15 8 15
2 14 2 19
7 13 11 13
4 13 6 13
0 12 0 13
0 11 6 11
6 10 16 10
0 9 1 9
4 8 4 9
18 7 20 7
1 6 1 7
15 4 17 4
10 3 14 3
8 3 8 4
32 2 32 3
19 2 19 4
0 1 0 4
17 0 17 2
18
24 12 25 12
25 6 25 7
24 5 23 5
10 22 9 22
23 15 23 16
23 4 22 4
10 20 9 20
19 7 18 7
19 5 20 5
20 6 21 6
22 7 22 8
19 3 19 2
17 3 17 2
20 2 20 1
18 5 17 5
22 4 22 5
22 5 22 4
22 4 22 5
168
23 12 25 12
25 10 25 12
25 12 27 12
26 6 26 8
26 6 31 6
27 12 28 12
28 12 31 12
31 6 31 12
13 17 17 17
16 14 17 14
17 11 17 14
17 11 21 11
17 14 17 17
21 9 21 11
21 11 23 11
0 33 6 33
2 31 6 31
6 30 6 31
6 31 6 33
6 33 8 33
8 33 8 34
12 30 13 30
13 24 13 25
13 24 15 24
13 25 13 30
13 25 15 25
13 30 15 30
21 6 21 8
21 6 22 6
21 8 22 8
22 6 24 6
24 1 24 4
24 4 24 6
2 22 2 23
2 22 3 22
2 23 2 24
2 23 4 23
2 24 4 24
16 28 18 28
18 22 18 28
18 22 19 22
18 28 19 28
33 8 33 13
33 8 34 8
34 8 34 10
34 10 34 12
2 0 2 1
2 1 2 4
2 4 5 4
5 0 5 4
32 29 32 30
32 30 32 31
32 31 33 31
8 27 10 27
9 31 10 31
10 27 10 31
3 26 4 26
4 26 5 26
5 26 10 26
15 19 15 23
15 19 16 19
16 19 16 20
6 19 10 19
10 18 10 19
10 19 13 19
19 18 20 18
20 17 20 18
20 18 20 20
28 15 31 15
31 15 31 19
31 19 31 20
27 10 28 10
28 8 28 10
28 8 30 8
9 6 13 6
9 8 13 8
13 6 13 8
6 5 6 6
6 6 6 8
6 8 6 9
21 2 23 2
22 1 23 1
23 1 23 2
24 34 25 34
25 27 25 34
9 32 9 33
9 33 9 34
11 31 11 32
11 31 12 31
1 29 2 29
2 29 5 29
26 27 27 27
27 26 27 27
14 26 14 29
14 29 15 29
19 25 24 25
24 25 24 29
12 21 12 24
12 24 12 28
23 20 23 21
23 21 23 22
21 18 21 22
21 18 23 18
28 17 28 20
28 20 29 20
10 15 10 16
10 15 13 15
3 14 3 15
3 14 4 14
21 13 21 17
21 13 24 13
29 10 29 11
29 11 30 11
18 8 19 8
19 8 19 10
32 7 32 11
32 11 32 15
27 0 27 3
27 3 27 5
13 34 14 34
2 34 4 34
11 33 11 34
10 33 10 34
18 32 19 32
13 32 15 32
29 31 31 31
20 31 22 31
7 31 8 31
26 30 28 30
17 30 18 30
34 27 34 32
20 27 20 29
25 25 28 25
26 24 30 24
0 23 0 25
28 22 29 22
14 22 14 23
9 22 11 22
24 21 24 23
17 21 17 23
22 20 22 24
22 19 23 19
6 18 7 18
29 17 29 18
7 17 8 17
3 17 3 21
6 16 9 16
33 15 33 21
25 15 27 15
16 15 16 16
7 15 8 15
2 14 2 19
7 13 11 13
4 13 6 13
0 12 0 13
0 11 6 11
6 10 16 10
0 9 1 9
4 8 4 9
18 7 20 7
1 6 1 7
15 4 17 4
10 3 14 3
8 3 8 4
32 2 32 3
19 2 19 4
0 1 0 4
17 0 17 2
19
24 12 25 12
25 6 25 7
24 5 23 5
10 22 9 22
23 15 23 16
23 4 22 4
10 20 9 20
19 7 18 7
19 5 20 5
20 6 21 6
22 7 22 8
19 3 19 2
17 3 17 2
20 2 20 1
18 5 17 5
22 4 22 5
22 5 22 4
22 4 22 5
22 5 22 4
168
23 12 25 12
25 10 25 12
25 12 27 12
26 6 26 8
26 6 31 6
27 12 28 12
28 12 31 12
31 6 31 12
13 17 17 17
16 14 17 14
17 11 17 14
17 11 21 11
17 14 17 17
21 9 21 11
21 11 23 11
0 33 6 33
2 31 6 31
6 30 6 31
6 31 6 33
6 33 8 33
8 33 8 34
12 30 13 30
13 24 13 25
13 24 15 24
13 25 13 30
13 25 15 25
13 30 15 30
21 6 21 8
21 6 22 6
21 8 22 8
22 6 24 6
24 1 24 4
24 4 24 6
2 22 2 23
2 22 3 22
2 23 2 24
2 23 4 23
2 24 4 24
16 28 18 28
18 22 18 28
18 22 19 22
18 28 19 28
33 8 33 13
33 8 34 8
34 8 34 10
34 10 34 12
2 0 2 1
2 1 2 4
2 4 5 4
5 0 5 4
32 29 32 30
32 30 32 31
32 31 33 31
8 27 10 27
9 31 10 31
10 27 10 31
3 26 4 26
4 26 5 26
5 26 10 26
15 19 15 23
15 19 16 19
16 19 16 20
6 19 10 19
10 18 10 19
10 19 13 19
19 18 20 18
20 17 20 18
20 18 20 20
28 15 31 15
31 15 31 19
31 19 31 20
27 10 28 10
28 8 28 10
28 8 30 8
9 6 13 6
9 8 13 8
13 6 13 8
6 5 6 6
6 6 6 8
6 8 6 9
21 2 23 2
22 1 23 1
23 1 23 2
24 34 25 34
25 27 25 34
9 32 9 33
9 33 9 34
11 31 11 32
11 31 12 31
1 29 2 29
2 29 5 29
26 27 27 27
27 26 27 27
14 26 14 29
14 29 15 29
19 25 24 25
24 25 24 29
12 21 12 24
12 24 12 28
23 20 23 21
23 21 23 22
21 18 21 22
21 18 23 18
28 17 28 20
28 20 29 20
10 15 10 16
10 15 13 15
3 14 3 15
3 14 4 14
21 13 21 17
21 13 24 13
29 10 29 11
29 11 30 11
18 8 19 8
19 8 19 10
32 7 32 11
32 11 32 15
27 0 27 3
27 3 27 5
13 34 14 34
2 34 4 34
11 33 11 34
10 33 10 34
18 32 19 32
13 32 15 32
29 31 31 31
20 31 22 31
7 31 8 31
26 30 28 30
17 30 18 30
34 27 34 32
20 27 20 29
25 25 28 25
26 24 30 24
0 23 0 25
28 22 29 22
14 22 14 23
9 22 11 22
24 21 24 23
17 21 17 23
22 20 22 24
22 19 23 19
6 18 7 18
29 17 29 18
7 17 8 17
3 17 3 21
6 16 9 16
33 15 33 21
25 15 27 15
16 15 16 16
7 15 8 15
2 14 2 19
7 13 11 13
4 13 6 13
0 12 0 13
0 11 6 11
6 10 16 10
0 9 1 9
4 8 4 9
18 7 20 7
1 6 1 7
15 4 17 4
10 3 14 3
8 3 8 4
32 2 32 3
19 2 19 4
0 1 0 4
17 0 17 2
20
24 12 25 12
25 6 25 7
24 5 23 5
10 22 9 22
23 15 23 16
23 4 22 4
10 20 9 20
19 7 18 7
19 5 20 5
20 6 21 6
22 7 22 8
19 3 19 2
17 3 17 2
20 2 20 1
18 5 17 5
22 4 22 5
22 5 22 4
22 4 22 5
22 5 22 4
22 4 22 5
168
23 12 25 12
25 10 25 12
25 12 27 12
26 6 26 8
26 6 31 6
27 12 28 12
28 12 31 12
31 6 31 12
13 17 17 17
16 14 17 14
17 11 17 14
17 11 21 11
17 14 17 17
21 9 21 11
21 11 23 11
0 33 6 33
2 31 6 31
6 30 6 31
6 31 6 33
6 33 8 33
8 33 8 34
12 30 13 30
13 24 13 25
13 24 15 24
13 25 13 30
13 25 15 25
13 30 15 30
21 6 21 8
21 6 22 6
21 8 22 8
22 6 24 6
24 1 24 4
24 4 24 6
2 22 2 23
2 22 3 22
2 23 2 24
2 23 4 23
2 24 4 24
16 28 18 28
18 22 18 28
18 22 19 22
18 28 19 28
33 8 33 13
33 8 34 8
34 8 34 10
34 10 34 12
2 0 2 1
2 1 2 4
2 4 5 4
5 0 5 4
32 29 32 30
32 30 32 31
32 31 33 31
8 27 10 27
9 31 10 31
10 27 10 31
3 26 4 26
4 26 5 26
5 26 10 26
15 19 15 23
15 19 16 19
16 19 16 20
6 19 10 19
10 18 10 19
10 19 13 19
19 18 20 18
20 17 20 18
20 18 20 20
28 15 31 15
31 15 31 19
31 19 31 20
27 10 28 10
28 8 28 10
28 8 30 8
9 6 13 6
9 8 13 8
13 6 13 8
6 5 6 6
6 6 6 8
6 8 6 9
21 2 23 2
22 1 23 1
23 1 23 2
24 34 25 34
25 27 25 34
9 32 9 33
9 33 9 34
11 31 11 32
11 31 12 31
1 29 2 29
2 29 5 29
26 27 27 27
27 26 27 27
14 26 14 29
14 29 15 29
19 25 24 25
24 25 24 29
12 21 12 24
12 24 12 28
23 20 23 21
23 21 23 22
21 18 21 22
21 18 23 18
28 17 28 20
28 20 29 20
10 15 10 16
10 15 13 15
3 14 3 15
3 14 4 14
21 13 21 17
21 13 24 13
29 10 29 11
29 11 30 11
18 8 19 8
19 8 19 10
32 7 32 11
32 11 32 15
27 0 27 3
27 3 27 5
13 34 14 34
2 34 4 34
11 33 11 34
10 33 10 34
18 32 19 32
13 32 15 32
29 31 31 31
20 31 22 31
7 31 8 31
26 30 28 30
17 30 18 30
34 27 34 32
20 27 20 29
25 25 28 25
26 24 30 24
0 23 0 25
28 22 29 22
14 22 14 23
9 22 11 22
24 21 24 23
17 21 17 23
22 20 22 24
22 19 23 19
6 18 7 18
29 17 29 18
7 17 8 17
3 17 3 21
6 16 9 16
33 15 33 21
25 15 27 15
16 15 16 16
7 15 8 15
2 14 2 19
7 13 11 13
4 13 6 13
0 12 0 13
0 11 6 11
6 10 16 10
0 9 1 9
4 8 4 9
18 7 20 7
1 6 1 7
15 4 17 4
10 3 14 3
8 3 8 4
32 2 32 3
19 2 19 4
0 1 0 4
17 0 17 2
21
24 12 25 12
25 6 25 7
24 5 23 5
10 22 9 22
23 15 23 16
23 4 22 4
10 20 9 20
19 7 18 7
19 5 20 5
20 6 21 6
22 7 22 8
19 3 19 2
17 3 17 2
20 2 20 1
18 5 17 5
22 4 22 5
22 5 22 4
22 4 22 5
22 5 22 4
22 4 22 5
22 5 22 4
168
23 12 25 12
25 10 25 12
25 12 27 12
26 6 26 8
26 6 31 6
27 12 28 12
28 12 31 12
31 6 31 12
13 17 17 17
16 14 17 14
17 11 17 14
17 11 21 11
17 14 17 17
21 9 21 11
21 11 23 11
0 33 6 33
2 31 6 31
6 30 6 31
6 31 6 33
6 33 8 33
8 33 8 34
12 30 13 30
13 24 13 25
13 24 15 24
13 25 13 30
13 25 15 25
13 30 15 30
21 6 21 8
21 6 22 6
21 8 22 8
22 6 24 6
24 1 24 4
24 4 24 6
2 22 2 23
2 22 3 22
2 23 2 24
2 23 4 23
2 24 4 24
16 28 18 28
18 22 18 28
18 22 19 22
18 28 19 28
33 8 33 13
33 8 34 8
34 8 34 10
34 10 34 12
2 0 2 1
2 1 2 4
2 4 5 4
5 0 5 4
32 29 32 30
32 30 32 31
32 31 33 31
8 27 10 27
9 31 10 31
10 27 10 31
3 26 4 26
4 26 5 26
5 26 10 26
15 19 15 23
15 19 16 19
16 19 16 20
6 19 10 19
10 18 10 19
10 19 13 19
19 18 20 18
20 17 20 18
20 18 20 20
28 15 31 15
31 15 31 19
31 19 31 20
27 10 28 10
28 8 28 10
28 8 30 8
9 6 13 6
9 8 13 8
13 6 13 8
6 5 6 6
6 6 6 8
6 8 6 9
21 2 23 2
22 1 23 1
23 1 23 2
24 34 25 34
25 27 25 34
9 32 9 33
9 33 9 34
11 31 11 32
11 31 12 31
1 29 2 29
2 29 5 29
26 27 27 27
27 26 27 27
14 26 14 29
14 29 15 29
19 25 24 25
24 25 24 29
12 21 12 24
12 24 12 28
23 20 23 21
23 21 23 22
21 18 21 22
21 18 23 18
28 17 28 20
28 20 29 20
10 15 10 16
10 15 13 15
3 14 3 15
3 14 4 14
21 13 21 17
21 13 24 13
29 10 29 11
29 11 30 11
18 8 19 8
19 8 19 10
32 7 32 11
32 11 32 15
27 0 27 3
27 3 27 5
13 34 14 34
2 34 4 34
11 33 11 34
10 33 10 34
18 32 19 32
13 32 15 32
29 31 31 31
20 31 22 31
7 31 8 31
26 30 28 30
17 30 18 30
34 27 34 32
20 27 20 29
25 25 28 25
26 24 30 24
0 23 0 25
28 22 29 22
14 22 14 23
9 22 11 22
24 21 24 23
17 21 17 23
22 20 22 24
22 19 23 19
6 18 7 18
29 17 29 18
7 17 8 17
3 17 3 21
6 16 9 16
33 15 33 21
25 15 27 15
16 15 16 16
7 15 8 15
2 14 2 19
7 13 11 13
4 13 6 13
0 12 0 13
0 11 6 11
6 10 16 10
0 9 1 9
4 8 4 9
18 7 20 7
1 6 1 7
15 4 17 4
10 3 14 3
8 3 8 4
32 2 32 3
19 2 19 4
0 1 0 4
17 0 17 2
22
24 12 25 12
25 6 25 7
24 5 23 5
10 22 9 22
23 15 23 16
23 4 22 4
10 20 9 20
19 7 18 7
19 5 20 5
20 6 21 6
22 7 22 8
19 3 19 2
17 3 17 2
20 2 20 1
18 5 17 5
22 4 22 5
22 5 22 4
22 4 22 5
22 5 22 4
22 4 22 5
22 5 22 4
22 4 22 5
168
23 12 25 12
25 10 25 12
25 12 27 12
26 6 26 8
26 6 31 6
27 12 28 12
28 12 31 12
31 6 31 12
13 17 17 17
16 14 17 14
17 11 17 14
17 11 21 11
17 14 17 17
21 9 21 11
21 11 23 11
0 33 6 33
2 31 6 31
6 30 6 31
6 31 6 33
6 33 8 33
8 33 8 34
12 30 13 30
13 24 13 25
13 24 15 24
13 25 13 30
13 25 15 25
13 30 15 30
21 6 21 8
21 6 22 6
21 8 22 8
22 6 24 6
24 1 24 4
24 4 24 6
2 22 2 23
2 22 3 22
2 23 2 24
2 23 4 23
2 24 4 24
16 28 18 28
18 22 18 28
18 22 19 22
18 28 19 28
33 8 33 13
33 8 34 8
34 8 34 10
34 10 34 12
2 0 2 1
2 1 2 4
2 4 5 4
5 0 5 4
32 29 32 30
32 30 32 31
32 31 33 31
8 27 10 27
9 31 10 31
10 27 10 31
3 26 4 26
4 26 5 26
5 26 10 26
15 19 15 23
15 19 16 19
16 19 16 20
6 19 10 19
10 18 10 19
10 19 13 19
19 18 20 18
20 17 20 18
20 18 20 20
28 15 31 15
31 15 31 19
31 19 31 20
27 10 28 10
28 8 28 10
28 8 30 8
9 6 13 6
9 8 13 8
13 6 13 8
6 5 6 6
6 6 6 8
6 8 6 9
21 2 23 2
22 1 23 1
23 1 23 2
24 34 25 34
25 27 25 34
9 32 9 33
9 33 9 34
11 31 11 32
11 31 12 31
1 29 2 29
2 29 5 29
26 27 27 27
27 26 27 27
14 26 14 29
14 29 15 29
19 25 24 25
24 25 24 29
12 21 12 24
12 24 12 28
23 20 23 21
23 21 23 22
21 18 21 22
21 18 23 18
28 17 28 20
28 20 29 20
10 15 10 16
10 15 13 15
3 14 3 15
3 14 4 14
21 13 21 17
21 13 24 13
29 10 29 11
29 11 30 11
18 8 19 8
19 8 19 10
32 7 32 11
32 11 32 15
27 0 27 3
27 3 27 5
13 34 14 34
2 34 4 34
11 33 11 34
10 33 10 34
18 32 19 32
13 32 15 32
29 31 31 31
20 31 22 31
7 31 8 31
26 30 28 30
17 30 18 30
34 27 34 32
20 27 20 29
25 25 28 25
26 24 30 24
0 23 0 25
28 22 29 22
14 22 14 23
9 22 11 22
24 21 24 23
17 21 17 23
22 20 22 24
22 19 23 19
6 18 7 18
29 17 29 18
7 17 8 17
3 17 3 21
6 16 9 16
33 15 33 21
25 15 27 15
16 15 16 16
7 15 8 15
2 14 2 19
7 13 11 13
4 13 6 13
0 12 0 13
0 11 6 11
6 10 16 10
0 9 1 9
4 8 4 9
18 7 20 7
1 6 1 7
15 4 17 4
10 3 14 3
8 3 8 4
32 2 32 3
19 2 19 4
0 1 0 4
17 0 17 2
23
24 12 25 12
25 6 25 7
24 5 23 5
10 22 9 22
23 15 23 16
23 4 22 4
10 20 9 20
19 7 18 7
19 5 20 5
20 6 21 6
22 7 22 8
19 3 19 2
17 3 17 2
20 2 20 1
18 5 17 5
22 4 22 5
22 5 22 4
22 4 22 5
22 5 22 4
22 4 22 5
22 5 22 4
22 4 22 5
22 5 22 4
168
23 12 25 12
25 10 25 12
25 12 27 12
26 6 26 8
26 6 31 6
27 12 28 12
28 12 31 12
31 6 31 12
13 17 17 17
16 14 17 14
17 11 17 14
17 11 21 11
17 14 17 17
21 9 21 11
21 11 23 11
0 33 6 33
2 31 6 31
6 30 6 31
6 31 6 33
6 33 8 33
8 33 8 34
12 30 13 30
13 24 13 25
13 24 15 24
13 25 13 30
13 25 15 25
13 30 15 30
21 6 21 8
21 6 22 6
21 8 22 8
22 6 24 6
24 1 24 4
24 4 24 6
2 22 2 23
2 22 3 22
2 23 2 24
2 23 4 23
2 24 4 24
16 28 18 28
18 22 18 28
18 22 19 22
18 28 19 28
33 8 33 13
33 8 34 8
34 8 34 10
34 10 34 12
2 0 2 1
2 1 2 4
2 4 5 4
5 0 5 4
32 29 32 30
32 30 32 31
32 31 33 31
8 27 10 27
9 31 10 31
10 27 10 31
3 26 4 26
4 26 5 26
5 26 10 26
15 19 15 23
15 19 16 19
16 19 16 20
6 19 10 19
10 18 10 19
10 19 13 19
19 18 20 18
20 17 20 18
20 18 20 20
28 15 31 15
31 15 31 19
31 19 31 20
27 10 28 10
28 8 28 10
28 8 30 8
9 6 13 6
9 8 13 8
13 6 13 8
6 5 6 6
6 6 6 8
6 8 6 9
21 2 23 2
22 1 23 1
23 1 23 2
24 34 25 34
25 27 25 34
9 32 9 33
9 33 9 34
11 31 11 32
11 31 12 31
1 29 2 29
2 29 5 29
26 27 27 27
27 26 27 27
14 26 14 29
14 29 15 29
19 25 24 25
24 25 24 29
12 21 12 24
12 24 12 28
23 20 23 21
23 21 23 22
21 18 21 22
21 18 23 18
28 17 28 20
28 20 29 20
10 15 10 16
10 15 13 15
3 14 3 15
3 14 4 14
21 13 21 17
21 13 24 13
29 10 29 11
29 11 30 11
18 8 19 8
19 8 19 10
32 7 32 11
32 11 32 15
27 0 27 3
27 3 27 5
13 34 14 34
2 34 4 34
11 33 11 34
10 33 10 34
18 32 19 32
13 32 15 32
29 31 31 31
20 31 22 31
7 31 8 31
26 30 28 30
17 30 18 30
34 27 34 32
20 27 20 29
25 25 28 25
26 24 30 24
0 23 0 25
28 22 29 22
14 22 14 23
9 22 11 22
24 21 24 23
17 21 17 23
22 20 22 24
22 19 23 19
6 18 7 18
29 17 29 18
7 17 8 17
3 17 3 21
6 16 9 16
33 15 33 21
25 15 27 15
16 15 16 16
7 15 8 15
2 14 2 19
7 13 11 13
4 13 6 13
0 12 0 13
0 11 6 11
6 10 16 10
0 9 1 9
4 8 4 9
18 7 20 7
1 6 1 7
15 4 17 4
10 3 14 3
8 3 8 4
32 2 32 3
19 2 19 4
0 1 0 4
17 0 17 2
24
24 12 25 12
25 6 25 7
24 5 23 5
10 22 9 22
23 15 23 16
23 4 22 4
10 20 9 20
19 7 18 7
19 5 20 5
20 6 21 6
22 7 22 8
19 3 19 2
17 3 17 2
20 2 20 1
18 5 17 5
22 4 22 5
22 5 22 4
22 4 22 5
22 5 22 4
22 4 22 5
22 5 22 4
22 4 22 5
22 5 22 4
22 4 22 5
168
23 12 25 12
25 10 25 12
25 12 27 12
26 6 26 8
26 6 31 6
27 12 28 12
28 12 31 12
31 6 31 12
13 17 17 17
16 14 17 14
17 11 17 14
17 11 21 11
17 14 17 17
21 9 21 11
21 11 23 11
0 33 6 33
2 31 6 31
6 30 6 31
6 31 6 33
6 33 8 33
8 33 8 34
12 30 13 30
13 24 13 25
13 24 15 24
13 25 13 30
13 25 15 25
13 30 15 30
21 6 21 8
21 6 22 6
21 8 22 8
22 6 24 6
24 1 24 4
24 4 24 6
2 22 2 23
2 22 3 22
2 23 2 24
2 23 4 23
2 24 4 24
16 28 18 28
18 22 18 28
18 22 19 22
18 28 19 28
33 8 33 13
33 8 34 8
34 8 34 10
34 10 34 12
2 0 2 1
2 1 2 4
2 4 5 4
5 0 5 4
32 29 32 30
32 30 32 31
32 31 33 31
8 27 10 27
9 31 10 31
10 27 10 31
3 26 4 26
4 26 5 26
5 26 10 26
15 19 15 23
15 19 16 19
16 19 16 20
6 19 10 19
10 18 10 19
10 19 13 19
19 18 20 18
20 17 20 18
20 18 20 20
28 15 31 15
31 15 31 19
31 19 31 20
27 10 28 10
28 8 28 10
28 8 30 8
9 6 13 6
9 8 13 8
13 6 13 8
6 5 6 6
6 6 6 8
6 8 6 9
21 2 23 2
22 1 23 1
23 1 23 2
24 34 25 34
25 27 25 34
9 32 9 33
9 33 9 34
11 31 11 32
11 31 12 31
1 29 2 29
2 29 5 29
26 27 27 27
27 26 27 27
14 26 14 29
14 29 15 29
19 25 24 25
24 25 24 29
12 21 12 24
12 24 12 28
23 20 23 21
23 21 23 22
21 18 21 22
21 18 23 18
28 17 28 20
28 20 29 20
10 15 10 16
10 15 13 15
3 14 3 15
3 14 4 14
21 13 21 17
21 13 24 13
29 10 29 11
29 11 30 11
18 8 19 8
19 8 19 10
32 7 32 11
32 11 32 15
27 0 27 3
27 3 27 5
13 34 14 34
2 34 4 34
11 33 11 34
10 33 10 34
18 32 19 32
13 32 15 32
29 31 31 31
20 31 22 31
7 31 8 31
26 30 28 30
17 30 18 30
34 27 34 32
20 27 20 29
25 25 28 25
26 24 30 24
0 23 0 25
28 22 29 22
14 22 14 23
9 22 11 22
24 21 24 23
17 21 17 23
22 20 22 24
22 19 23 19
6 18 7 18
29 17 29 18
7 17 8 17
3 17 3 21
6 16 9 16
33 15 33 21
25 15 27 15
16 15 16 16
7 15 8 15
2 14 2 19
7 13 11 13
4 13 6 13
0 12 0 13
0 11 6 11
6 10 16 10
0 9 1 9
4 8 4 9
18 7 20 7
1 6 1 7
15 4 17 4
10 3 14 3
8 3 8 4
32 2 32 3
19 2 19 4
0 1 0 4
17 0 17 2
25
24 12 25 12
25 6 25 7
24 5 23 5
10 22 9 22
23 15 23 16
23 4 22 4
10 20 9 20
19 7 18 7
19 5 20 5
20 6 21 6
22 7 22 8
19 3 19 2
17 3 17 2
20 2 20 1
18 5 17 5
22 4 22 5
22 5 22 4
22 4 22 5
22 5 22 4
22 4 22 5
22 5 22 4
22 4 22 5
22 5 22 4
22 4 22 5
22 5 22 4
168
23 12 25 12
25 10 25 12
25 12 27 12
26 6 26 8
26 6 31 6
27 12 28 12
28 12 31 12
31 6 31 12
13 17 17 17
16 14 17 14
17 11 17 14
17 11 21 11
17 14 17 17
21 9 21 11
21 11 23 11
0 33 6 33
2 31 6 31
6 30 6 31
6 31 6 33
6 33 8 33
8 33 8 34
12 30 13 30
13 24 13 25
13 24 15 24
13 25 13 30
13 25 15 25
13 30 15 30
21 6 21 8
21 6 22 6
21 8 22 8
22 6 24 6
24 1 24 4
24 4 24 6
2 22 2 23
2 22 3 22
2 23 2 24
2 23 4 23
2 24 4 24
16 28 18 28
18 22 18 28
18 22 19 22
18 28 19 28
33 8 33 13
33 8 34 8
34 8 34 10
34 10 34 12
2 0 2 1
2 1 2 4
2 4 5 4
5 0 5 4
32 29 32 30
32 30 32 31
32 31 33 31
8 27 10 27
9 31 10 31
10 27 10 31
3 26 4 26
4 26 5 26
5 26 10 26
15 19 15 23
15 19 16 19
16 19 16 20
6 19 10 19
10 18 10 19
10 19 13 19
19 18 20 18
20 17 20 18
20 18 20 20
28 15 31 15
31 15 31 19
31 19 31 20
27 10 28 10
28 8 28 10
28 8 30 8
9 6 13 6
9 8 13 8
13 6 13 8
6 5 6 6
6 6 6 8
6 8 6 9
21 2 23 2
22 1 23 1
23 1 23 2
24 34 25 34
25 27 25 34
9 32 9 33
9 33 9 34
11 31 11 32
11 31 12 31
1 29 2 29
2 29 5 29
26 27 27 27
27 26 27 27
14 26 14 29
14 29 15 29
19 25 24 25
24 25 24 29
12 21 12 24
12 24 12 28
23 20 23 21
23 21 23 22
21 18 21 22
21 18 23 18
28 17 28 20
28 20 29 20
10 15 10 16
10 15 13 15
3 14 3 15
3 14 4 14
21 13 21 17
21 13 24 13
29 10 29 11
29 11 30 11
18 8 19 8
19 8 19 10
32 7 32 11
32 11 32 15
27 0 27 3
27 3 27 5
13 34 14 34
2 34 4 34
11 33 11 34
10 33 10 34
18 32 19 32
13 32 15 32
29 31 31 31
20 31 22 31
7 31 8 31
26 30 28 30
17 30 18 30
34 27 34 32
20 27 20 29
25 25 28 25
26 24 30 24
0 23 0 25
28 22 29 22
14 22 14 23
9 22 11 22
24 21 24 23
17 21 17 23
22 20 22 24
22 19 23 19
6 18 7 18
29 17 29 18
7 17 8 17
3 17 3 21
6 16 9 16
33 15 33 21
25 15 27 15
16 15 16 16
7 15 8 15
2 14 2 19
7 13 11 13
4 13 6 13
0 12 0 13
0 11 6 11
6 10 16 10
0 9 1 9
4 8 4 9
18 7 20 7
1 6 1 7
15 4 17 4
10 3 14 3
8 3 8 4
32 2 32 3
19 2 19 4
0 1 0 4
17 0 17 2
26
24 12 25 12
25 6 25 7
24 5 23 5
10 22 9 22
23 15 23 16
23 4 22 4
10 20 9 20
19 7 18 7
19 5 20 5
20 6 21 6
22 7 22 8
19 3 19 2
17 3 17 2
20 2 20 1
18 5 17 5
22 4 22 5
22 5 22 4
22 4 22 5
22 5 22 4
22 4 22 5
22 5 22 4
22 4 22 5
22 5 22 4
22 4 22 5
22 5 22 4
22 4 22 5
168
23 12 25 12
25 10 25 12
25 12 27 12
26 6 26 8
26 6 31 6
27 12 28 12
28 12 31 12
31 6 31 12
13 17 17 17
16 14 17 14
17 11 17 14
17 11 21 11
17 14 17 17
21 9 21 11
21 11 23 11
0 33 6 33
2 31 6 31
6 30 6 31
6 31 6 33
6 33 8 33
8 33 8 34
12 30 13 30
13 24 13 25
13 24 15 24
13 25 13 30
13 25 15 25
13 30 15 30
21 6 21 8
21 6 22 6
21 8 22 8
22 6 24 6
24 1 24 4
24 4 24 6
2 22 2 23
2 22 3 22
2 23 2 24
2 23 4 23
2 24 4 24
16 28 18 28
18 22 18 28
18 22 19 22
18 28 19 28
33 8 33 13
33 8 34 8
34 8 34 10
34 10 34 12
2 0 2 1
2 1 2 4
2 4 5 4
5 0 5 4
32 29 32 30
32 30 32 31
32 31 33 31
8 27 10 27
9 31 10 31
10 27 10 31
3 26 4 26
4 26 5 26
5 26 10 26
15 19 15 23
15 19 16 19
16 19 16 20
6 19 10 19
10 18 10 19
10 19 13 19
19 18 20 18
20 17 20 18
20 18 20 20
28 15 31 15
31 15 31 19
31 19 31 20
27 10 28 10
28 8 28 10
28 8 30 8
9 6 13 6
9 8 13 8
13 6 13 8
6 5 6 6
6 6 6 8
6 8 6 9
21 2 23 2
22 1 23 1
23 1 23 2
24 34 25 34
25 27 25 34
9 32 9 33
9 33 9 34
11 31 11 32
11 31 12 31
1 29 2 29
2 29 5 29
26 27 27 27
27 26 27 27
14 26 14 29
14 29 15 29
19 25 24 25
24 25 24 29
12 21 12 24
12 24 12 28
23 20 23 21
23 21 23 22
21 18 21 22
21 18 23 18
28 17 28 20
28 20 29 20
10 15 10 16
10 15 13 15
3 14 3 15
3 14 4 14
21 13 21 17
21 13 24 13
29 10 29 11
29 11 30 11
18 8 19 8
19 8 19 10
32 7 32 11
32 11 32 15
27 0 27 3
27 3 27 5
13 34 14 34
2 34 4 34
11 33 11 34
10 33 10 34
18 32 19 32
13 32 15 32
29 31 31 31
20 31 22 31
7 31 8 31
26 30 28 30
17 30 18 30
34 27 34 32
20 27 20 29
25 25 28 25
26 24 30 24
0 23 0 25
28 22 29 22
14 22 14 23
9 22 11 22
24 21 24 23
17 21 17 23
22 20 22 24
22 19 23 19
6 18 7 18
29 17 29 18
7 17 8 17
3 17 3 21
6 16 9 16
33 15 33 21
25 15 27 15
16 15 16 16
7 15 8 15
2 14 2 19
7 13 11 13
4 13 6 13
0 12 0 13
0 11 6 11
6 10 16 10
0 9 1 9
4 8 4 9
18 7 20 7
1 6 1 7
15 4 17 4
10 3 14 3
8 3 8 4
32 2 32 3
19 2 19 4
0 1 0 4
17 0 17 2
27
24 12 25 12
25 6 25 7
24 5 23 5
10 22 9 22
23 15 23 16
23 4 22 4
10 20 9 20
19 7 18 7
19 5 20 5
20 6 21 6
22 7 22 8
19 3 19 2
17 3 17 2
20 2 20 1
18 5 17 5
22 4 22 5
22 5 22 4
22 4 22 5
22 5 22 4
22 4 22 5
22 5 22 4
22 4 22 5
22 5 22 4
22 4 22 5
22 5 22 4
22 4 22 5
22 5 22 4
168
23 12 25 12
25 10 25 12
25 12 27 12
26 6 26 8
26 6 31 6
27 12 28 12
28 12 31 12
31 6 31 12
13 17 17 17
16 14 17 14
17 11 17 14
17 11 21 11
17 14 17 17
21 9 21 11
21 11 23 11
0 33 6 33
2 31 6 31
6 30 6 31
6 31 6 33
6 33 8 33
8 33 8 34
12 30 13 30
13 24 13 25
13 24 15 24
13 25 13 30
13 25 15 25
13 30 15 30
21 6 21 8
21 6 22 6
21 8 22 8
22 6 24 6
24 1 24 4
24 4 24 6
2 22 2 23
2 22 3 22
2 23 2 24
2 23 4 23
2 24 4 24
16 28 18 28
18 22 18 28
18 22 19 22
18 28 19 28
33 8 33 13
33 8 34 8
34 8 34 10
34 10 34 12
2 0 2 1
2 1 2 4
2 4 5 4
5 0 5 4
32 29 32 30
32 30 32 31
32 31 33 31
8 27 10 27
9 31 10 31
10 27 10 31
3 26 4 26
4 26 5 26
5 26 10 26
15 19 15 23
15 19 16 19
16 19 16 20
6 19 10 19
10 18 10 19
10 19 13 19
19 18 20 18
20 17 20 18
20 18 20 20
28 15 31 15
31 15 31 19
31 19 31 20
27 10 28 10
28 8 28 10
28 8 30 8
9 6 13 6
9 8 13 8
13 6 13 8
6 5 6 6
6 6 6 8
6 8 6 9
21 2 23 2
22 1 23 1
23 1 23 2
24 34 25 34
25 27 25 34
9 32 9 33
9 33 9 34
11 31 11 32
11 31 12 31
1 29 2 29
2 29 5 29
26 27 27 27
27 26 27 27
14 26 14 29
14 29 15 29
19 25 24 25
24 25 24 29
12 21 12 24
12 24 12 28
23 20 23 21
23 21 23 22
21 18 21 22
21 18 23 18
28 17 28 20
28 20 29 20
10 15 10 16
10 15 13 15
3 14 3 15
3 14 4 14
21 13 21 17
21 13 24 13
29 10 29 11
29 11 30 11
18 8 19 8
19 8 19 10
32 7 32 11
32 11 32 15
27 0 27 3
27 3 27 5
13 34 14 34
2 34 4 34
11 33 11 34
10 33 10 34
18 32 19 32
13 32 15 32
29 31 31 31
20 31 22 31
7 31 8 31
26 30 28 30
17 30 18 30
34 27 34 32
20 27 20 29
25 25 28 25
26 24 30 24
0 23 0 25
28 22 29 22
14 22 14 23
9 22 11 22
24 21 24 23
17 21 17 23
22 20 22 24
22 19 23 19
6 18 7 18
29 17 29 18
7 17 8 17
3 17 3 21
6 16 9 16
33 15 33 21
25 15 27 15
16 15 16 16
7 15 8 15
2 14 2 19
7 13 11 13
4 13 6 13
0 12 0 13
0 11 6 11
6 10 16 10
0 9 1 9
4 8 4 9
18 7 20 7
1 6 1 7
15 4 17 4
10 3 14 3
8 3 8 4
32 2 32 3
19 2 19 4
0 1 0 4
17 0 17 2
28
24 12 25 12
25 6 25 7
24 5 23 5
10 22 9 22
23 15 23 16
23 4 22 4
10 20 9 20
19 7 18 7
19 5 20 5
20 6 21 6
22 7 22 8
19 3 19 2
17 3 17 2
20 2 20 1
18 5 17 5
22 4 22 5
22 5 22 4
22 4 22 5
22 5 22 4
22 4 22 5
22 5 22 4
22 4 22 5
22 5 22 4
22 4 22 5
22 5 22 4
22 4 22 5
22 5 22 4
22 4 22 5
168
23 12 25 12
25 10 25 12
25 12 27 12
26 6 26 8
26 6 31 6
27 12 28 12
28 12 31 12
31 6 31 12
13 17 17 17
16 14 17 14
17 11 17 14
17 11 21 11
17 14 17 17
21 9 21 11
21 11 23 11
0 33 6 33
2 31 6 31
6 30 6 31
6 31 6 33
6 33 8 33
8 33 8 34
12 30 13 30
13 24 13 25
13 24 15 24
13 25 13 30
13 25 15 25
13 30 15 30
21 6 21 8
21 6 22 6
21 8 22 8
22 6 24 6
24 1 24 4
24 4 24 6
2 22 2 23
2 22 3 22
2 23 2 24
2 23 4 23
2 24 4 24
16 28 18 28
18 22 18 28
18 22 19 22
18 28 19 28
33 8 33 13
33 8 34 8
34 8 34 10
34 10 34 12
2 0 2 1
2 1 2 4
2 4 5 4
5 0 5 4
32 29 32 30
32 30 32 31
32 31 33 31
8 27 10 27
9 31 10 31
10 27 10 31
3 26 4 26
4 26 5 26
5 26 10 26
15 19 15 23
15 19 16 19
16 19 16 20
6 19 10 19
10 18 10 19
10 19 13 19
19 18 20 18
20 17 20 18
20 18 20 20
28 15 31 15
31 15 31 19
31 19 31 20
27 10 28 10
28 8 28 10
28 8 30 8
9 6 13 6
9 8 13 8
13 6 13 8
6 5 6 6
6 6 6 8
6 8 6 9
21 2 23 2
22 1 23 1
23 1 23 2
24 34 25 34
25 27 25 34
9 32 9 33
9 33 9 34
11 31 11 32
11 31 12 31
1 29 2 29
2 29 5 29
26 27 27 27
27 26 27 27
14 26 14 29
14 29 15 29
19 25 24 25
24 25 24 29
12 21 12 24
12 24 12 28
23 20 23 21
23 21 23 22
21 18 21 22
21 18 23 18
28 17 28 20
28 20 29 20
10 15 10 16
10 15 13 15
3 14 3 15
3 14 4 14
21 13 21 17
21 13 24 13
29 10 29 11
29 11 30 11
18 8 19 8
19 8 19 10
32 7 32 11
32 11 32 15
27 0 27 3
27 3 27 5
13 34 14 34
2 34 4 34
11 33 11 34
10 33 10 34
18 32 19 32
13 32 15 32
29 31 31 31
20 31 22 31
7 31 8 31
26 30 28 30
17 30 18 30
34 27 34 32
20 27 20 29
25 25 28 25
26 24 30 24
0 23 0 25
28 22 29 22
14 22 14 23
9 22 11 22
24 21 24 23
17 21 17 23
22 20 22 24
22 19 23 19
6 18 7 18
29 17 29 18
7 17 8 17
3 17 3 21
6 16 9 16
33 15 33 21
25 15 27 15
16 15 16 16
7 15 8 15
2 14 2 19
7 13 11 13
4 13 6 13
0 12 0 13
0 11 6 11
6 10 16 10
0 9 1 9
4 8 4 9
18 7 20 7
1 6 1 7
15 4 17 4
10 3 14 3
8 3 8 4
32 2 32 3
19 2 19 4
0 1 0 4
17 0 17 2
29
24 12 25 12
25 6 25 7
24 5 23 5
10 22 9 22
23 15 23 16
23 4 22 4
10 20 9 20
19 7 18 7
19 5 20 5
20 6 21 6
22 7 22 8
19 3 19 2
17 3 17 2
20 2 20 1
18 5 17 5
22 4 22 5
22 5 22 4
22 4 22 5
22 5 22 4
22 4 22 5
22 5 22 4
22 4 22 5
22 5 22 4
22 4 22 5
22 5 22 4
22 4 22 5
22 5 22 4
22 4 22 5
22 5 22 4
168
23 12 25 12
25 10 25 12
25 12 27 12
26 6 26 8
26 6 31 6
27 12 28 12
28 12 31 12
31 6 31 12
13 17 17 17
16 14 17 14
17 11 17 14
17 11 21 11
17 14 17 17
21 9 21 11
21 11 23 11
0 33 6 33
2 31 6 31
6 30 6 31
6 31 6 33
6 33 8 33
8 33 8 34
12 30 13 30
13 24 13 25
13 24 15 24
13 25 13 30
13 25 15 25
13 30 15 30
21 6 21 8
21 6 22 6
21 8 22 8
22 6 24 6
24 1 24 4
24 4 24 6
2 22 2 23
2 22 3 22
2 23 2 24
2 23 4 23
2 24 4 24
16 28 18 28
18 22 18 28
18 22 19 22
18 28 19 28
33 8 33 13
33 8 34 8
34 8 34 10
34 10 34 12
2 0 2 1
2 1 2 4
2 4 5 4
5 0 5 4
32 29 32 30
32 30 32 31
32 31 33 31
8 27 10 27
9 31 10 31
10 27 10 31
3 26 4 26
4 26 5 26
5 26 10 26
15 19 15 23
15 19 16 19
16 19 16 20
6 19 10 19
10 18 10 19
10 19 13 19
19 18 20 18
20 17 20 18
20 18 20 20
28 15 31 15
31 15 31 19
31 19 31 20
27 10 28 10
28 8 28 10
28 8 30 8
9 6 13 6
9 8 13 8
13 6 13 8
6 5 6 6
6 6 6 8
6 8 6 9
21 2 23 2
22 1 23 1
23 1 23 2
24 34 25 34
25 27 25 34
9 32 9 33
9 33 9 34
11 31 11 32
11 31 12 31
1 29 2 29
2 29 5 29
26 27 27 27
27 26 27 27
14 26 14 29
14 29 15 29
19 25 24 25
24 25 24 29
12 21 12 24
12 24 12 28
23 20 23 21
23 21 23 22
21 18 21 22
21 18 23 18
28 17 28 20
28 20 29 20
10 15 10 16
10 15 13 15
3 14 3 15
3 14 4 14
21 13 21 17
21 13 24 13
29 10 29 11
29 11 30 11
18 8 19 8
19 8 19 10
32 7 32 11
32 11 32 15
27 0 27 3
27 3 27 5
13 34 14 34
2 34 4 34
11 33 11 34
10 33 10 34
18 32 19 32
13 32 15 32
29 31 31 31
20 31 22 31
7 31 8 31
26 30 28 30
17 30 18 30
34 27 34 32
20 27 20 29
25 25 28 25
26 24 30 24
0 23 0 25
28 22 29 22
14 22 14 23
9 22 11 22
24 21 24 23
17 21 17 23
22 20 22 24
22 19 23 19
6 18 7 18
29 17 29 18
7 17 8 17
3 17 3 21
6 16 9 16
33 15 33 21
25 15 27 15
16 15 16 16
7 15 8 15
2 14 2 19
7 13 11 13
4 13 6 13
0 12 0 13
0 11 6 11
6 10 16 10
0 9 1 9
4 8 4 9
18 7 20 7
1 6 1 7
15 4 17 4
10 3 14 3
8 3 8 4
32 2 32 3
19 2 19 4
0 1 0 4
17 0 17 2
30
24 12 25 12
25 6 25 7
24 5 23 5
10 22 9 22
23 15 23 16
23 4 22 4
10 20 9 20
19 7 18 7
19 5 20 5
20 6 21 6
22 7 22 8
19 3 19 2
17 3 17 2
20 2 20 1
18 5 17 5
22 4 22 5
22 5 22 4
22 4 22 5
22 5 22 4
22 4 22 5
22 5 22 4
22 4 22 5
22 5 22 4
22 4 22 5
22 5 22 4
22 4 22 5
22 5 22 4
22 4 22 5
22 5 22 4
22 4 22 5
168
23 12 25 12
25 10 25 12
25 12 27 12
26 6 26 8
26 6 31 6
27 12 28 12
28 12 31 12
31 6 31 12
13 17 17 17
16 14 17 14
17 11 17 14
17 11 21 11
17 14 17 17
21 9 21 11
21 11 23 11
0 33 6 33
2 31 6 31
6 30 6 31
6 31 6 33
6 33 8 33
8 33 8 34
12 30 13 30
13 24 13 25
13 24 15 24
13 25 13 30
13 25 15 25
13 30 15 30
21 6 21 8
21 6 22 6
21 8 22 8
22 6 24 6
24 1 24 4
24 4 24 6
2 22 2 23
2 22 3 22
2 23 2 24
2 23 4 23
2 24 4 24
16 28 18 28
18 22 18 28
18 22 19 22
18 28 19 28
33 8 33 13
33 8 34 8
34 8 34 10
34 10 34 12
2 0 2 1
2 1 2 4
2 4 5 4
5 0 5 4
32 29 32 30
32 30 32 31
32 31 33 31
8 27 10 27
9 31 10 31
10 27 10 31
3 26 4 26
4 26 5 26
5 26 10 26
15 19 15 23
15 19 16 19
16 19 16 20
6 19 10 19
10 18 10 19
10 19 13 19
19 18 20 18
20 17 20 18
20 18 20 20
28 15 31 15
31 15 31 19
31 19 31 20
27 10 28 10
28 8 28 10
28 8 30 8
9 6 13 6
9 8 13 8
13 6 13 8
6 5 6 6
6 6 6 8
6 8 6 9
21 2 23 2
22 1 23 1
23 1 23 2
24 34 25 34
25 27 25 34
9 32 9 33
9 33 9 34
11 31 11 32
11 31 12 31
1 29 2 29
2 29 5 29
26 27 27 27
27 26 27 27
14 26 14 29
14 29 15 29
19 25 24 25
24 25 24 29
12 21 12 24
12 24 12 28
23 20 23 21
23 21 23 22
21 18 21 22
21 18 23 18
28 17 28 20
28 20 29 20
10 15 10 16
10 15 13 15
3 14 3 15
3 14 4 14
21 13 21 17
21 13 24 13
29 10 29 11
29 11 30 11
18 8 19 8
19 8 19 10
32 7 32 11
32 11 32 15
27 0 27 3
27 3 27 5
13 34 14 34
2 34 4 34
11 33 11 34
10 33 10 34
18 32 19 32
13 32 15 32
29 31 31 31
20 31 22 31
7 31 8 31
26 30 28 30
17 30 18 30
34 27 34 32
20 27 20 29
25 25 28 25
26 24 30 24
0 23 0 25
28 22 29 22
14 22 14 23
9 22 11 22
24 21 24 23
17 21 17 23
22 20 22 24
22 19 23 19
6 18 7 18
29 17 29 18
7 17 8 17
3 17 3 21
6 16 9 16
33 15 33 21
25 15 27 15
16 15 16 16
7 15 8 15
2 14 2 19
7 13 11 13
4 13 6 13
0 12 0 13
0 11 6 11
6 10 16 10
0 9 1 9
4 8 4 9
18 7 20 7
1 6 1 7
15 4 17 4
10 3 14 3
8 3 8 4
32 2 32 3
19 2 19 4
0 1 0 4
17 0 17 2
31
24 12 25 12
25 6 25 7
24 5 23 5
10 22 9 22
23 15 23 16
23 4 22 4
10 20 9 20
19 7 18 7
19 5 20 5
20 6 21 6
22 7 22 8
19 3 19 2
17 3 17 2
20 2 20 1
18 5 17 5
22 4 22 5
22 5 22 4
22 4 22 5
22 5 22 4
22 4 22 5
22 5 22 4
22 4 22 5
22 5 22 4
22 4 22 5
22 5 22 4
22 4 22 5
22 5 22 4
22 4 22 5
22 5 22 4
22 4 22 5
22 5 22 4
168
23 12 25 12
25 10 25 12
25 12 27 12
26 6 26 8
26 6 31 6
27 12 28 12
28 12 31 12
31 6 31 12
13 17 17 17
16 14 17 14
17 11 17 14
17 11 21 11
17 14 17 17
21 9 21 11
21 11 23 11
0 33 6 33
2 31 6 31
6 30 6 31
6 31 6 33
6 33 8 33
8 33 8 34
12 30 13 30
13 24 13 25
13 24 15 24
13 25 13 30
13 25 15 25
13 30 15 30
21 6 21 8
21 6 22 6
21 8 22 8
22 6 24 6
24 1 24 4
24 4 24 6
2 22 2 23
2 22 3 22
2 23 2 24
2 23 4 23
2 24 4 24
16 28 18 28
18 22 18 28
18 22 19 22
18 28 19 28
33 8 33 13
33 8 34 8
34 8 34 10
34 10 34 12
2 0 2 1
2 1 2 4
2 4 5 4
5 0 5 4
32 29 32 30
32 30 32 31
32 31 33 31
8 27 10 27
9 31 10 31
10 27 10 31
3 26 4 26
4 26 5 26
5 26 10 26
15 19 15 23
15 19 16 19
16 19 16 20
6 19 10 19
10 18 10 19
10 19 13 19
19 18 20 18
20 17 20 18
20 18 20 20
28 15 31 15
31 15 31 19
31 19 31 20
27 10 28 10
28 8 28 10
28 8 30 8
9 6 13 6
9 8 13 8
13 6 13 8
6 5 6 6
6 6 6 8
6 8 6 9
21 2 23 2
22 1 23 1
23 1 23 2
24 34 25 34
25 27 25 34
9 32 9 33
9 33 9 34
11 31 11 32
11 31 12 31
1 29 2 29
2 29 5 29
26 27 27 27
27 26 27 27
14 26 14 29
14 29 15 29
19 25 24 25
24 25 24 29
12 21 12 24
12 24 12 28
23 20 23 21
23 21 23 22
21 18 21 22
21 18 23 18
28 17 28 20
28 20 29 20
10 15 10 16
10 15 13 15
3 14 3 15
3 14 4 14
21 13 21 17
21 13 24 13
29 10 29 11
29 11 30 11
18 8 19 8
19 8 19 10
32 7 32 11
32 11 32 15
27 0 27 3
27 3 27 5
13 34 14 34
2 34 4 34
11 33 11 34
10 33 10 34
18 32 19 32
13 32 15 32
29 31 31 31
20 31 22 31
7 31 8 31
26 30 28 30
17 30 18 30
34 27 34 32
20 27 20 29
25 25 28 25
26 24 30 24
0 23 0 25
28 22 29 22
14 22 14 23
9 22 11 22
24 21 24 23
17 21 17 23
22 20 22 24
22 19 23 19
6 18 7 18
29 17 29 18
7 17 8 17
3 17 3 21
6 16 9 16
33 15 33 21
25 15 27 15
16 15 16 16
7 15 8 15
2 14 2 19
7 13 11 13
4 13 6 13
0 12 0 13
0 11 6 11
6 10 16 10
0 9 1 9
4 8 4 9
18 7 20 7
1 6 1 7
15 4 17 4
10 3 14 3
8 3 8 4
32 2 32 3
19 2 19 4
0 1 0 4
17 0 17 2
32
24 12 25 12
25 6 25 7
24 5 23 5
10 22 9 22
23 15 23 16
23 4 22 4
10 20 9 20
19 7 18 7
19 5 20 5
20 6 21 6
22 7 22 8
19 3 19 2
17 3 17 2
20 2 20 1
18 5 17 5
22 4 22 5
22 5 22 4
22 4 22 5
22 5 22 4
22 4 22 5
22 5 22 4
22 4 22 5
22 5 22 4
22 4 22 5
22 5 22 4
22 4 22 5
22 5 22 4
22 4 22 5
22 5 22 4
22 4 22 5
22 5 22 4
22 4 22 5
168
23 12 25 12
25 10 25 12
25 12 27 12
26 6 26 8
26 6 31 6
27 12 28 12
28 12 31 12
31 6 31 12
13 17 17 17
16 14 17 14
17 11 17 14
17 11 21 11
17 14 17 17
21 9 21 11
21 11 23 11
0 33 6 33
2 31 6 31
6 30 6 31
6 31 6 33
6 33 8 33
8 33 8 34
12 30 13 30
13 24 13 25
13 24 15 24
13 25 13 30
13 25 15 25
13 30 15 30
21 6 21 8
21 6 22 6
21 8 22 8
22 6 24 6
24 1 24 4
24 4 24 6
2 22 2 23
2 22 3 22
2 23 2 24
2 23 4 23
2 24 4 24
16 28 18 28
18 22 18 28
18 22 19 22
18 28 19 28
33 8 33 13
33 8 34 8
34 8 34 10
34 10 34 12
2 0 2 1
2 1 2 4
2 4 5 4
5 0 5 4
32 29 32 30
32 30 32 31
32 31 33 31
8 27 10 27
9 31 10 31
10 27 10 31
3 26 4 26
4 26 5 26
5 26 10 26
15 19 15 23
15 19 16 19
16 19 16 20
6 19 10 19
10 18 10 19
10 19 13 19
19 18 20 18
20 17 20 18
20 18 20 20
28 15 31 15
31 15 31 19
31 19 31 20
27 10 28 10
28 8 28 10
28 8 30 8
9 6 13 6
9 8 13 8
13 6 13 8
6 5 6 6
6 6 6 8
6 8 6 9
21 2 23 2
22 1 23 1
23 1 23 2
24 34 25 34
25 27 25 34
9 32 9 33
9 33 9 34
11 31 11 32
11 31 12 31
1 29 2 29
2 29 5 29
26 27 27 27
27 26 27 27
14 26 14 29
14 29 15 29
19 25 24 25
24 25 24 29
12 21 12 24
12 24 12 28
23 20 23 21
23 21 23 22
21 18 21 22
21 18 23 18
28 17 28 20
28 20 29 20
10 15 10 16
10 15 13 15
3 14 3 15
3 14 4 14
21 13 21 17
21 13 24 13
29 10 29 11
29 11 30 11
18 8 19 8
19 8 19 10
32 7 32 11
32 11 32 15
27 0 27 3
27 3 27 5
13 34 14 34
2 34 4 34
11 33 11 34
10 33 10 34
18 32 19 32
13 32 15 32
29 31 31 31
20 31 22 31
7 31 8 31
26 30 28 30
17 30 18 30
34 27 34 32
20 27 20 29
25 25 28 25
26 24 30 24
0 23 0 25
28 22 29 22
14 22 14 23
9 22 11 22
24 21 24 23
17 21 17 23
22 20 22 24
22 19 23 19
6 18 7 18
29 17 29 18
7 17 8 17
3 17 3 21
6 16 9 16
33 15 33 21
25 15 27 15
16 15 16 16
7 15 8 15
2 14 2 19
7 13 11 13
4 13 6 13
0 12 0 13
0 11 6 11
6 10 16 10
0 9 1 9
4 8 4 9
18 7 20 7
1 6 1 7
15 4 17 4
10 3 14 3
8 3 8 4
32 2 32 3
19 2 19 4
0 1 0 4
17 0 17 2
33
24 12 25 12
25 6 25 7
24 5 23 5
10 22 9 22
23 15 23 16
23 4 22 4
10 20 9 20
19 7 18 7
19 5 20 5
20 6 21 6
22 7 22 8
19 3 19 2
17 3 17 2
20 2 20 1
18 5 17 5
22 4 22 5
22 5 22 4
22 4 22 5
22 5 22 4
22 4 22 5
22 5 22 4
22 4 22 5
22 5 22 4
22 4 22 5
22 5 22 4
22 4 22 5
22 5 22 4
22 4 22 5
22 5 22 4
22 4 22 5
22 5 22 4
22 4 22 5
22 5 22 4
168
23 12 25 12
25 10 25 12
25 12 27 12
26 6 26 8
26 6 31 6
27 12 28 12
28 12 31 12
31 6 31 12
13 17 17 17
16 14 17 14
17 11 17 14
17 11 21 11
17 14 17 17
21 9 21 11
21 11 23 11
0 33 6 33
2 31 6 31
6 30 6 31
6 31 6 33
6 33 8 33
8 33 8 34
12 30 13 30
13 24 13 25
13 24 15 24
13 25 13 30
13 25 15 25
13 30 15 30
21 6 21 8
21 6 22 6
21 8 22 8
22 6 24 6
24 1 24 4
24 4 24 6
2 22 2 23
2 22 3 22
2 23 2 24
2 23 4 23
2 24 4 24
16 28 18 28
18 22 18 28
18 22 19 22
18 28 19 28
33 8 33 13
33 8 34 8
34 8 34 10
34 10 34 12
2 0 2 1
2 1 2 4
2 4 5 4
5 0 5 4
32 29 32 30
32 30 32 31
32 31 33 31
8 27 10 27
9 31 10 31
10 27 10 31
3 26 4 26
4 26 5 26
5 26 10 26
15 19 15 23
15 19 16 19
16 19 16 20
6 19 10 19
10 18 10 19
10 19 13 19
19 18 20 18
20 17 20 18
20 18 20 20
28 15 31 15
31 15 31 19
31 19 31 20
27 10 28 10
28 8 28 10
28 8 30 8
9 6 13 6
9 8 13 8
13 6 13 8
6 5 6 6
6 6 6 8
6 8 6 9
21 2 23 2
22 1 23 1
23 1 23 2
24 34 25 34
25 27 25 34
9 32 9 33
9 33 9 34
11 31 11 32
11 31 12 31
1 29 2 29
2 29 5 29
26 27 27 27
27 26 27 27
14 26 14 29
14 29 15 29
19 25 24 25
24 25 24 29
12 21 12 24
12 24 12 28
23 20 23 21
23 21 23 22
21 18 21 22
21 18 23 18
28 17 28 20
28 20 29 20
10 15 10 16
10 15 13 15
3 14 3 15
3 14 4 14
21 13 21 17
21 13 24 13
29 10 29 11
29 11 30 11
18 8 19 8
19 8 19 10
32 7 32 11
32 11 32 15
27 0 27 3
27 3 27 5
13 34 14 34
2 34 4 34
11 33 11 34
10 33 10 34
18 32 19 32
13 32 15 32
29 31 31 31
20 31 22 31
7 31 8 31
26 30 28 30
17 30 18 30
34 27 34 32
20 27 20 29
25 25 28 25
26 24 30 24
0 23 0 25
28 22 29 22
14 22 14 23
9 22 11 22
24 21 24 23
17 21 17 23
22 20 22 24
22 19 23 19
6 18 7 18
29 17 29 18
7 17 8 17
3 17 3 21
6 16 9 16
33 15 33 21
25 15 27 15
16 15 16 16
7 15 8 15
2 14 2 19
7 13 11 13
4 13 6 13
0 12 0 13
0 11 6 11
6 10 16 10
0 9 1 9
4 8 4 9
18 7 20 7
1 6 1 7
15 4 17 4
10 3 14 3
8 3 8 4
32 2 32 3
19 2 19 4
0 1 0 4
17 0 17 2
34
24 12 25 12
25 6 25 7
24 5 23 5
10 22 9 22
23 15 23 16
23 4 22 4
10 20 9 20
19 7 18 7
19 5 20 5
20 6 21 6
22 7 22 8
19 3 19 2
17 3 17 2
20 2 20 1
18 5 17 5
22 4 22 5
22 5 22 4
22 4 22 5
22 5 22 4
22 4 22 5
22 5 22 4
22 4 22 5
22 5 22 4
22 4 22 5
22 5 22 4
22 4 22 5
22 5 22 4
22 4 22 5
22 5 22 4
22 4 22 5
22 5 22 4
22 4 22 5
22 5 22 4
22 4 22 5
168
23 12 25 12
25 10 25 12
25 12 27 12
26 6 26 8
26 6 31 6
27 12 28 12
28 12 31 12
31 6 31 12
13 17 17 17
16 14 17 14
17 11 17 14
17 11 21 11
17 14 17 17
21 9 21 11
21 11 23 11
0 33 6 33
2 31 6 31
6 30 6 31
6 31 6 33
6 33 8 33
8 33 8 34
12 30 13 30
13 24 13 25
13 24 15 24
13 25 13 30
13 25 15 25
13 30 15 30
21 6 21 8
21 6 22 6
21 8 22 8
22 6 24 6
24 1 24 4
24 4 24 6
2 22 2 23
2 22 3 22
2 23 2 24
2 23 4 23
2 24 4 24
16 28 18 28
18 22 18 28
18 22 19 22
18 28 19 28
33 8 33 13
33 8 34 8
34 8 34 10
34 10 34 12
2 0 2 1
2 1 2 4
2 4 5 4
5 0 5 4
32 29 32 30
32 30 32 31
32 31 33 31
8 27 10 27
9 31 10 31
10 27 10 31
3 26 4 26
4 26 5 26
5 26 10 26
15 19 15 23
15 19 16 19
16 19 16 20
6 19 10 19
10 18 10 19
10 19 13 19
19 18 20 18
20 17 20 18
20 18 20 20
28 15 31 15
31 15 31 19
31 19 31 20
27 10 28 10
28 8 28 10
28 8 30 8
9 6 13 6
9 8 13 8
13 6 13 8
6 5 6 6
6 6 6 8
6 8 6 9
21 2 23 2
22 1 23 1
23 1 23 2
24 34 25 34
25 27 25 34
9 32 9 33
9 33 9 34
11 31 11 32
11 31 12 31
1 29 2 29
2 29 5 29
26 27 27 27
27 26 27 27
14 26 14 29
14 29 15 29
19 25 24 25
24 25 24 29
12 21 12 24
12 24 12 28
23 20 23 21
23 21 23 22
21 18 21 22
21 18 23 18
28 17 28 20
28 20 29 20
10 15 10 16
10 15 13 15
3 14 3 15
3 14 4 14
21 13 21 17
21 13 24 13
29 10 29 11
29 11 30 11
18 8 19 8
19 8 19 10
32 7 32 11
32 11 32 15
27 0 27 3
27 3 27 5
13 34 14 34
2 34 4 34
11 33 11 34
10 33 10 34
18 32 19 32
13 32 15 32
29 31 31 31
20 31 22 31
7 31 8 31
26 30 28 30
17 30 18 30
34 27 34 32
20 27 20 29
25 25 28 25
26 24 30 24
0 23 0 25
28 22 29 22
14 22 14 23
9 22 11 22
24 21 24 23
17 21 17 23
22 20 22 24
22 19 23 19
6 18 7 18
29 17 29 18
7 17 8 17
3 17 3 21
6 16 9 16
33 15 33 21
25 15 27 15
16 15 16 16
7 15 8 15
2 14 2 19
7 13 11 13
4 13 6 13
0 12 0 13
0 11 6 11
6 10 16 10
0 9 1 9
4 8 4 9
18 7 20 7
1 6 1 7
15 4 17 4
10 3 14 3
8 3 8 4
32 2 32 3
19 2 19 4
0 1 0 4
17 0 17 2
35
24 12 25 12
25 6 25 7
24 5 23 5
10 22 9 22
23 15 23 16
23 4 22 4
10 20 9 20
19 7 18 7
19 5 20 5
20 6 21 6
22 7 22 8
19 3 19 2
17 3 17 2
20 2 20 1
18 5 17 5
22 4 22 5
22 5 22 4
22 4 22 5
22 5 22 4
22 4 22 5
22 5 22 4
22 4 22 5
22 5 22 4
22 4 22 5
22 5 22 4
22 4 22 5
22 5 22 4
22 4 22 5
22 5 22 4
22 4 22 5
22 5 22 4
22 4 22 5
22 5 22 4
22 4 22 5
22 5 22 4
168
23 12 25 12
25 10 25 12
25 12 27 12
26 6 26 8
26 6 31 6
27 12 28 12
28 12 31 12
31 6 31 12
13 17 17 17
16 14 17 14
17 11 17 14
17 11 21 11
17 14 17 17
21 9 21 11
21 11 23 11
0 33 6 33
2 31 6 31
6 30 6 31
6 31 6 33
6 33 8 33
8 33 8 34
12 30 13 30
13 24 13 25
13 24 15 24
13 25 13 30
13 25 15 25
13 30 15 30
21 6 21 8
21 6 22 6
21 8 22 8
22 6 24 6
24 1 24 4
24 4 24 6
2 22 2 23
2 22 3 22
2 23 2 24
2 23 4 23
2 24 4 24
16 28 18 28
18 22 18 28
18 22 19 22
18 28 19 28
33 8 33 13
33 8 34 8
34 8 34 10
34 10 34 12
2 0 2 1
2 1 2 4
2 4 5 4
5 0 5 4
32 29 32 30
32 30 32 31
32 31 33 31
8 27 10 27
9 31 10 31
10 27 10 31
3 26 4 26
4 26 5 26
5 26 10 26
15 19 15 23
15 19 16 19
16 19 16 20
6 19 10 19
10 18 10 19
10 19 13 19
19 18 20 18
20 17 20 18
20 18 20 20
28 15 31 15
31 15 31 19
31 19 31 20
27 10 28 10
28 8 28 10
28 8 30 8
9 6 13 6
9 8 13 8
13 6 13 8
6 5 6 6
6 6 6 8
6 8 6 9
21 2 23 2
22 1 23 1
23 1 23 2
24 34 25 34
25 27 25 34
9 32 9 33
9 33 9 34
11 31 11 32
11 31 12 31
1 29 2 29
2 29 5 29
26 27 27 27
27 26 27 27
14 26 14 29
14 29 15 29
19 25 24 25
24 25 24 29
12 21 12 24
12 24 12 28
23 20 23 21
23 21 23 22
21 18 21 22
21 18 23 18
28 17 28 20
28 20 29 20
10 15 10 16
10 15 13 15
3 14 3 15
3 14 4 14
21 13 21 17
21 13 24 13
29 10 29 11
29 11 30 11
18 8 19 8
19 8 19 10
32 7 32 11
32 11 32 15
27 0 27 3
27 3 27 5
13 34 14 34
2 34 4 34
11 33 11 34
10 33 10 34
18 32 19 32
13 32 15 32
29 31 31 31
20 31 22 31
7 31 8 31
26 30 28 30
17 30 18 30
34 27 34 32
20 27 20 29
25 25 28 25
26 24 30 24
0 23 0 25
28 22 29 22
14 22 14 23
9 22 11 22
24 21 24 23
17 21 17 23
22 20 22 24
22 19 23 19
6 18 7 18
29 17 29 18
7 17 8 17
3 17 3 21
6 16 9 16
33 15 33 21
25 15 27 15
16 15 16 16
7 15 8 15
2 14 2 19
7 13 11 13
4 13 6 13
0 12 0 13
0 11 6 11
6 10 16 10
0 9 1 9
4 8 4 9
18 7 20 7
1 6 1 7
15 4 17 4
10 3 14 3
8 3 8 4
32 2 32 3
19 2 19 4
0 1 0 4
17 0 17 2
36
24 12 25 12
25 6 25 7
24 5 23 5
10 22 9 22
23 15 23 16
23 4 22 4
10 20 9 20
19 7 18 7
19 5 20 5
20 6 21 6
22 7 22 8
19 3 19 2
17 3 17 2
20 2 20 1
18 5 17 5
22 4 22 5
22 5 22 4
22 4 22 5
22 5 22 4
22 4 22 5
22 5 22 4
22 4 22 5
22 5 22 4
22 4 22 5
22 5 22 4
22 4 22 5
22 5 22 4
22 4 22 5
22 5 22 4
22 4 22 5
22 5 22 4
22 4 22 5
22 5 22 4
22 4 22 5
22 5 22 4
22 4 22 5
168
23 12 25 12
25 10 25 12
25 12 27 12
26 6 26 8
26 6 31 6
27 12 28 12
28 12 31 12
31 6 31 12
13 17 17 17
16 14 17 14
17 11 17 14
17 11 21 11
17 14 17 17
21 9 21 11
21 11 23 11
0 33 6 33
2 31 6 31
6 30 6 31
6 31 6 33
6 33 8 33
8 33 8 34
12 30 13 30
13 24 13 25
13 24 15 24
13 25 13 30
13 25 15 25
13 30 15 30
21 6 21 8
21 6 22 6
21 8 22 8
22 6 24 6
24 1 24 4
24 4 24 6
2 22 2 23
2 22 3 22
2 23 2 24
2 23 4 23
2 24 4 24
16 28 18 28
18 22 18 28
18 22 19 22
18 28 19 28
33 8 33 13
33 8 34 8
34 8 34 10
34 10 34 12
2 0 2 1
2 1 2 4
2 4 5 4
5 0 5 4
32 29 32 30
32 30 32 31
32 31 33 31
8 27 10 27
9 31 10 31
10 27 10 31
3 26 4 26
4 26 5 26
5 26 10 26
15 19 15 23
15 19 16 19
16 19 16 20
6 19 10 19
10 18 10 19
10 19 13 19
19 18 20 18
20 17 20 18
20 18 20 20
28 15 31 15
31 15 31 19
31 19 31 20
27 10 28 10
28 8 28 10
28 8 30 8
9 6 13 6
9 8 13 8
13 6 13 8
6 5 6 6
6 6 6 8
6 8 6 9
21 2 23 2
22 1 23 1
23 1 23 2
24 34 25 34
25 27 25 34
9 32 9 33
9 33 9 34
11 31 11 32
11 31 12 31
1 29 2 29
2 29 5 29
26 27 27 27
27 26 27 27
14 26 14 29
14 29 15 29
19 25 24 25
24 25 24 29
12 21 12 24
12 24 12 28
23 20 23 21
23 21 23 22
21 18 21 22
21 18 23 18
28 17 28 20
28 20 29 20
10 15 10 16
10 15 13 15
3 14 3 15
3 14 4 14
21 13 21 17
21 13 24 13
29 10 29 11
29 11 30 11
18 8 19 8
19 8 19 10
32 7 32 11
32 11 32 15
27 0 27 3
27 3 27 5
13 34 14 34
2 34 4 34
11 33 11 34
10 33 10 34
18 32 19 32
13 32 15 32
29 31 31 31
20 31 22 31
7 31 8 31
26 30 28 30
17 30 18 30
34 27 34 32
20 27 20 29
25 25 28 25
26 24 30 24
0 23 0 25
28 22 29 22
14 22 14 23
9 22 11 22
24 21 24 23
17 21 17 23
22 20 22 24
22 19 23 19
6 18 7 18
29 17 29 18
7 17 8 17
3 17 3 21
6 16 9 16
33 15 33 21
25 15 27 15
16 15 16 16
7 15 8 15
2 14 2 19
7 13 11 13
4 13 6 13
0 12 0 13
0 11 6 11
6 10 16 10
0 9 1 9
4 8 4 9
18 7 20 7
1 6 1 7
15 4 17 4
10 3 14 3
8 3 8 4
32 2 32 3
19 2 19 4
0 1 0 4
17 0 17 2
37
24 12 25 12
25 6 25 7
24 5 23 5
10 22 9 22
23 15 23 16
23 4 22 4
10 20 9 20
19 7 18 7
19 5 20 5
20 6 21 6
22 7 22 8
19 3 19 2
17 3 17 2
20 2 20 1
18 5 17 5
22 4 22 5
22 5 22 4
22 4 22 5
22 5 22 4
22 4 22 5
22 5 22 4
22 4 22 5
22 5 22 4
22 4 22 5
22 5 22 4
22 4 22 5
22 5 22 4
22 4 22 5
22 5 22 4
22 4 22 5
22 5 22 4
22 4 22 5
22 5 22 4
22 4 22 5
22 5 22 4
22 4 22 5
22 5 22 4
168
23 12 25 12
25 10 25 12
25 12 27 12
26 6 26 8
26 6 31 6
27 12 28 12
28 12 31 12
31 6 31 12
13 17 17 17
16 14 17 14
17 11 17 14
17 11 21 11
17 14 17 17
21 9 21 11
21 11 23 11
0 33 6 33
2 31 6 31
6 30 6 31
6 31 6 33
6 33 8 33
8 33 8 34
12 30 13 30
13 24 13 25
13 24 15 24
13 25 13 30
13 25 15 25
13 30 15 30
21 6 21 8
21 6 22 6
21 8 22 8
22 6 24 6
24 1 24 4
24 4 24 6
2 22 2 23
2 22 3 22
2 23 2 24
2 23 4 23
2 24 4 24
16 28 18 28
18 22 18 28
18 22 19 22
18 28 19 28
33 8 33 13
33 8 34 8
34 8 34 10
34 10 34 12
2 0 2 1
2 1 2 4
2 4 5 4
5 0 5 4
32 29 32 30
32 30 32 31
32 31 33 31
8 27 10 27
9 31 10 31
10 27 10 31
3 26 4 26
4 26 5 26
5 26 10 26
15 19 15 23
15 19 16 19
16 19 16 20
6 19 10 19
10 18 10 19
10 19 13 19
19 18 20 18
20 17 20 18
20 18 20 20
28 15 31 15
31 15 31 19
31 19 31 20
27 10 28 10
28 8 28 10
28 8 30 8
9 6 13 6
9 8 13 8
13 6 13 8
6 5 6 6
6 6 6 8
6 8 6 9
21 2 23 2
22 1 23 1
23 1 23 2
24 34 25 34
25 27 25 34
9 32 9 33
9 33 9 34
11 31 11 32
11 31 12 31
1 29 2 29
2 29 5 29
26 27 27 27
27 26 27 27
14 26 14 29
14 29 15 29
19 25 24 25
24 25 24 29
12 21 12 24
12 24 12 28
23 20 23 21
23 21 23 22
21 18 21 22
21 18 23 18
28 17 28 20
28 20 29 20
10 15 10 16
10 15 13 15
3 14 3 15
3 14 4 14
21 13 21 17
21 13 24 13
29 10 29 11
29 11 30 11
18 8 19 8
19 8 19 10
32 7 32 11
32 11 32 15
27 0 27 3
27 3 27 5
13 34 14 34
2 34 4 34
11 33 11 34
10 33 10 34
18 32 19 32
13 32 15 32
29 31 31 31
20 31 22 31
7 31 8 31
26 30 28 30
17 30 18 30
34 27 34 32
20 27 20 29
25 25 28 25
26 24 30 24
0 23 0 25
28 22 29 22
14 22 14 23
9 22 11 22
24 21 24 23
17 21 17 23
22 20 22 24
22 19 23 19
6 18 7 18
29 17 29 18
7 17 8 17
3 17 3 21
6 16 9 16
33 15 33 21
25 15 27 15
16 15 16 16
7 15 8 15
2 14 2 19
7 13 11 13
4 13 6 13
0 12 0 13
0 11 6 11
6 10 16 10
0 9 1 9
4 8 4 9
18 7 20 7
1 6 1 7
15 4 17 4
10 3 14 3
8 3 8 4
32 2 32 3
19 2 19 4
0 1 0 4
17 0 17 2
38
24 12 25 12
25 6 25 7
24 5 23 5
10 22 9 22
23 15 23 16
23 4 22 4
10 20 9 20
19 7 18 7
19 5 20 5
20 6 21 6
22 7 22 8
19 3 19 2
17 3 17 2
20 2 20 1
18 5 17 5
22 4 22 5
22 5 22 4
22 4 22 5
22 5 22 4
22 4 22 5
22 5 22 4
22 4 22 5
22 5 22 4
22 4 22 5
22 5 22 4
22 4 22 5
22 5 22 4
22 4 22 5
22 5 22 4
22 4 22 5
22 5 22 4
22 4 22 5
22 5 22 4
22 4 22 5
22 5 22 4
22 4 22 5
22 5 22 4
22 4 22 5
168
23 12 25 12
25 10 25 12
25 12 27 12
26 6 26 8
26 6 31 6
27 12 28 12
28 12 31 12
31 6 31 12
13 17 17 17
16 14 17 14
17 11 17 14
17 11 21 11
17 14 17 17
21 9 21 11
21 11 23 11
0 33 6 33
2 31 6 31
6 30 6 31
6 31 6 33
6 33 8 33
8 33 8 34
12 30 13 30
13 24 13 25
13 24 15 24
13 25 13 30
13 25 15 25
13 30 15 30
21 6 21 8
21 6 22 6
21 8 22 8
22 6 24 6
24 1 24 4
24 4 24 6
2 22 2 23
2 22 3 22
2 23 2 24
2 23 4 23
2 24 4 24
16 28 18 28
18 22 18 28
18 22 19 22
18 28 19 28
33 8 33 13
33 8 34 8
34 8 34 10
34 10 34 12
2 0 2 1
2 1 2 4
2 4 5 4
5 0 5 4
32 29 32 30
32 30 32 31
32 31 33 31
8 27 10 27
9 31 10 31
10 27 10 31
3 26 4 26
4 26 5 26
5 26 10 26
15 19 15 23
15 19 16 19
16 19 16 20
6 19 10 19
10 18 10 19
10 19 13 19
19 18 20 18
20 17 20 18
20 18 20 20
28 15 31 15
31 15 31 19
31 19 31 20
27 10 28 10
28 8 28 10
28 8 30 8
9 6 13 6
9 8 13 8
13 6 13 8
6 5 6 6
6 6 6 8
6 8 6 9
21 2 23 2
22 1 23 1
23 1 23 2
24 34 25 34
25 27 25 34
9 32 9 33
9 33 9 34
11 31 11 32
11 31 12 31
1 29 2 29
2 29 5 29
26 27 27 27
27 26 27 27
14 26 14 29
14 29 15 29
19 25 24 25
24 25 24 29
12 21 12 24
12 24 12 28
23 20 23 21
23 21 23 22
21 18 21 22
21 18 23 18
28 17 28 20
28 20 29 20
10 15 10 16
10 15 13 15
3 14 3 15
3 14 4 14
21 13 21 17
21 13 24 13
29 10 29 11
29 11 30 11
18 8 19 8
19 8 19 10
32 7 32 11
32 11 32 15
27 0 27 3
27 3 27 5
13 34 14 34
2 34 4 34
11 33 11 34
10 33 10 34
18 32 19 32
13 32 15 32
29 31 31 31
20 31 22 31
7 31 8 31
26 30 28 30
17 30 18 30
34 27 34 32
20 27 20 29
25 25 28 25
26 24 30 24
0 23 0 25
28 22 29 22
14 22 14 23
9 22 11 22
24 21 24 23
17 21 17 23
22 20 22 24
22 19 23 19
6 18 7 18
29 17 29 18
7 17 8 17
3 17 3 21
6 16 9 16
33 15 33 21
25 15 27 15
16 15 16 16
7 15 8 15
2 14 2 19
7 13 11 13
4 13 6 13
0 12 0 13
0 11 6 11
6 10 16 10
0 9 1 9
4 8 4 9
18 7 20 7
1 6 1 7
15 4 17 4
10 3 14 3
8 3 8 4
32 2 32 3
19 2 19 4
0 1 0 4
17 0 17 2
39
24 12 25 12
25 6 25 7
24 5 23 5
10 22 9 22
23 15 23 16
23 4 22 4
10 20 9 20
19 7 18 7
19 5 20 5
20 6 21 6
22 7 22 8
19 3 19 2
17 3 17 2
20 2 20 1
18 5 17 5
22 4 22 5
22 5 22 4
22 4 22 5
22 5 22 4
22 4 22 5
22 5 22 4
22 4 22 5
22 5 22 4
22 4 22 5
22 5 22 4
22 4 22 5
22 5 22 4
22 4 22 5
22 5 22 4
22 4 22 5
22 5 22 4
22 4 22 5
22 5 22 4
22 4 22 5
22 5 22 4
22 4 22 5
22 5 22 4
22 4 22 5
22 5 22 4
168
23 12 25 12
25 10 25 12
25 12 27 12
26 6 26 8
26 6 31 6
27 12 28 12
28 12 31 12
31 6 31 12
13 17 17 17
16 14 17 14
17 11 17 14
17 11 21 11
17 14 17 17
21 9 21 11
21 11 23 11
0 33 6 33
2 31 6 31
6 30 6 31
6 31 6 33
6 33 8 33
8 33 8 34
12 30 13 30
13 24 13 25
13 24 15 24
13 25 13 30
13 25 15 25
13 30 15 30
21 6 21 8
21 6 22 6
21 8 22 8
22 6 24 6
24 1 24 4
24 4 24 6
2 22 2 23
2 22 3 22
2 23 2 24
2 23 4 23
2 24 4 24
16 28 18 28
18 22 18 28
18 22 19 22
18 28 19 28
33 8 33 13
33 8 34 8
34 8 34 10
34 10 34 12
2 0 2 1
2 1 2 4
2 4 5 4
5 0 5 4
32 29 32 30
32 30 32 31
32 31 33 31
8 27 10 27
9 31 10 31
10 27 10 31
3 26 4 26
4 26 5 26
5 26 10 26
15 19 15 23
15 19 16 19
16 19 16 20
6 19 10 19
10 18 10 19
10 19 13 19
19 18 20 18
20 17 20 18
20 18 20 20
28 15 31 15
31 15 31 19
31 19 31 20
27 10 28 10
28 8 28 10
28 8 30 8
9 6 13 6
9 8 13 8
13 6 13 8
6 5 6 6
6 6 6 8
6 8 6 9
21 2 23 2
22 1 23 1
23 1 23 2
24 34 25 34
25 27 25 34
9 32 9 33
9 33 9 34
11 31 11 32
11 31 12 31
1 29 2 29
2 29 5 29
26 27 27 27
27 26 27 27
14 26 14 29
14 29 15 29
19 25 24 25
24 25 24 29
12 21 12 24
12 24 12 28
23 20 23 21
23 21 23 22
21 18 21 22
21 18 23 18
28 17 28 20
28 20 29 20
10 15 10 16
10 15 13 15
3 14 3 15
3 14 4 14
21 13 21 17
21 13 24 13
29 10 29 11
29 11 30 11
18 8 19 8
19 8 19 10
32 7 32 11
32 11 32 15
27 0 27 3
27 3 27 5
13 34 14 34
2 34 4 34
11 33 11 34
10 33 10 34
18 32 19 32
13 32 15 32
29 31 31 31
20 31 22 31
7 31 8 31
26 30 28 30
17 30 18 30
34 27 34 32
20 27 20 29
25 25 28 25
26 24 30 24
0 23 0 25
28 22 29 22
14 22 14 23
9 22 11 22
24 21 24 23
17 21 17 23
22 20 22 24
22 19 23 19
6 18 7 18
29 17 29 18
7 17 8 17
3 17 3 21
6 16 9 16
33 15 33 21
25 15 27 15
16 15 16 16
7 15 8 15
2 14 2 19
7 13 11 13
4 13 6 13
0 12 0 13
0 11 6 11
6 10 16 10
0 9 1 9
4 8 4 9
18 7 20 7
1 6 1 7
15 4 17 4
10 3 14 3
8 3 8 4
32 2 32 3
19 2 19 4
0 1 0 4
17 0 17 2
40
24 12 25 12
25 6 25 7
24 5 23 5
10 22 9 22
23 15 23 16
23 4 22 4
10 20 9 20
19 7 18 7
19 5 20 5
20 6 21 6
22 7 22 8
19 3 19 2
17 3 17 2
20 2 20 1
18 5 17 5
22 4 22 5
22 5 22 4
22 4 22 5
22 5 22 4
22 4 22 5
22 5 22 4
22 4 22 5
22 5 22 4
22 4 22 5
22 5 22 4
22 4 22 5
22 5 22 4
22 4 22 5
22 5 22 4
22 4 22 5
22 5 22 4
22 4 22 5
22 5 22 4
22 4 22 5
22 5 22 4
22 4 22 5
22 5 22 4
22 4 22 5
22 5 22 4
22 4 22 5
168
23 12 25 12
25 10 25 12
25 12 27 12
26 6 26 8
26 6 31 6
27 12 28 12
28 12 31 12
31 6 31 12
13 17 17 17
16 14 17 14
17 11 17 14
17 11 21 11
17 14 17 17
21 9 21 11
21 11 23 11
0 33 6 33
2 31 6 31
6 30 6 31
6 31 6 33
6 33 8 33
8 33 8 34
12 30 13 30
13 24 13 25
13 24 15 24
13 25 13 30
13 25 15 25
13 30 15 30
21 6 21 8
21 6 22 6
21 8 22 8
22 6 24 6
24 1 24 4
24 4 24 6
2 22 2 23
2 22 3 22
2 23 2 24
2 23 4 23
2 24 4 24
16 28 18 28
18 22 18 28
18 22 19 22
18 28 19 28
33 8 33 13
33 8 34 8
34 8 34 10
34 10 34 12
2 0 2 1
2 1 2 4
2 4 5 4
5 0 5 4
32 29 32 30
32 30 32 31
32 31 33 31
8 27 10 27
9 31 10 31
10 27 10 31
3 26 4 26
4 26 5 26
5 26 10 26
15 19 15 23
15 19 16 19
16 19 16 20
6 19 10 19
10 18 10 19
10 19 13 19
19 18 20 18
20 17 20 18
20 18 20 20
28 15 31 15
31 15 31 19
31 19 31 20
27 10 28 10
28 8 28 10
28 8 30 8
9 6 13 6
9 8 13 8
13 6 13 8
6 5 6 6
6 6 6 8
6 8 6 9
21 2 23 2
22 1 23 1
23 1 23 2
24 34 25 34
25 27 25 34
9 32 9 33
9 33 9 34
11 31 11 32
11 31 12 31
1 29 2 29
2 29 5 29
26 27 27 27
27 26 27 27
14 26 14 29
14 29 15 29
19 25 24 25
24 25 24 29
12 21 12 24
12 24 12 28
23 20 23 21
23 21 23 22
21 18 21 22
21 18 23 18
28 17 28 20
28 20 29 20
10 15 10 16
10 15 13 15
3 14 3 15
3 14 4 14
21 13 21 17
21 13 24 13
29 10 29 11
29 11 30 11
18 8 19 8
19 8 19 10
32 7 32 11
32 11 32 15
27 0 27 3
27 3 27 5
13 34 14 34
2 34 4 34
11 33 11 34
10 33 10 34
18 32 19 32
13 32 15 32
29 31 31 31
20 31 22 31
7 31 8 31
26 30 28 30
17 30 18 30
34 27 34 32
20 27 20 29
25 25 28 25
26 24 30 24
0 23 0 25
28 22 29 22
14 22 14 23
9 22 11 22
24 21 24 23
17 21 17 23
22 20 22 24
22 19 23 19
6 18 7 18
29 17 29 18
7 17 8 17
3 17 3 21
6 16 9 16
33 15 33 21
25 15 27 15
16 15 16 16
7 15 8 15
2 14 2 19
7 13 11 13
4 13 6 13
0 12 0 13
0 11 6 11
6 10 16 10
0 9 1 9
4 8 4 9
18 7 20 7
1 6 1 7
15 4 17 4
10 3 14 3
8 3 8 4
32 2 32 3
19 2 19 4
0 1 0 4
17 0 17 2
41
24 12 25 12
25 6 25 7
24 5 23 5
10 22 9 22
23 15 23 16
23 4 22 4
10 20 9 20
19 7 18 7
19 5 20 5
20 6 21 6
22 7 22 8
19 3 19 2
17 3 17 2
20 2 20 1
18 5 17 5
22 4 22 5
22 5 22 4
22 4 22 5
22 5 22 4
22 4 22 5
22 5 22 4
22 4 22 5
22 5 22 4
22 4 22 5
22 5 22 4
22 4 22 5
22 5 22 4
22 4 22 5
22 5 22 4
22 4 22 5
22 5 22 4
22 4 22 5
22 5 22 4
22 4 22 5
22 5 22 4
22 4 22 5
22 5 22 4
22 4 22 5
22 5 22 4
22 4 22 5
22 5 22 4
168
23 12 25 12
25 10 25 12
25 12 27 12
26 6 26 8
26 6 31 6
27 12 28 12
28 12 31 12
31 6 31 12
13 17 17 17
16 14 17 14
17 11 17 14
17 11 21 11
17 14 17 17
21 9 21 11
21 11 23 11
0 33 6 33
2 31 6 31
6 30 6 31
6 31 6 33
6 33 8 33
8 33 8 34
12 30 13 30
13 24 13 25
13 24 15 24
13 25 13 30
13 25 15 25
13 30 15 30
21 6 21 8
21 6 22 6
21 8 22 8
22 6 24 6
24 1 24 4
24 4 24 6
2 22 2 23
2 22 3 22
2 23 2 24
2 23 4 23
2 24 4 24
16 28 18 28
18 22 18 28
18 22 19 22
18 28 19 28
33 8 33 13
33 8 34 8
34 8 34 10
34 10 34 12
2 0 2 1
2 1 2 4
2 4 5 4
5 0 5 4
32 29 32 30
32 30 32 31
32 31 33 31
8 27 10 27
9 31 10 31
10 27 10 31
3 26 4 26
4 26 5 26
5 26 10 26
15 19 15 23
15 19 16 19
16 19 16 20
6 19 10 19
10 18 10 19
10 19 13 19
19 18 20 18
20 17 20 18
20 18 20 20
28 15 31 15
31 15 31 19
31 19 31 20
27 10 28 10
28 8 28 10
28 8 30 8
9 6 13 6
9 8 13 8
13 6 13 8
6 5 6 6
6 6 6 8
6 8 6 9
21 2 23 2
22 1 23 1
23 1 23 2
24 34 25 34
25 27 25 34
9 32 9 33
9 33 9 34
11 31 11 32
11 31 12 31
1 29 2 29
2 29 5 29
26 27 27 27
27 26 27 27
14 26 14 29
14 29 15 29
19 25 24 25
24 25 24 29
12 21 12 24
12 24 12 28
23 20 23 21
23 21 23 22
21 18 21 22
21 18 23 18
28 17 28 20
28 20 29 20
10 15 10 16
10 15 13 15
3 14 3 15
3 14 4 14
21 13 21 17
21 13 24 13
29 10 29 11
29 11 30 11
18 8 19 8
19 8 19 10
32 7 32 11
32 11 32 15
27 0 27 3
27 3 27 5
13 34 14 34
2 34 4 34
11 33 11 34
10 33 10 34
18 32 19 32
13 32 15 32
29 31 31 31
20 31 22 31
7 31 8 31
26 30 28 30
17 30 18 30
34 27 34 32
20 27 20 29
25 25 28 25
26 24 30 24
0 23 0 25
28 22 29 22
14 22 14 23
9 22 11 22
24 21 24 23
17 21 17 23
22 20 22 24
22 19 23 19
6 18 7 18
29 17 29 18
7 17 8 17
3 17 3 21
6 16 9 16
33 15 33 21
25 15 27 15
16 15 16 16
7 15 8 15
2 14 2 19
7 13 11 13
4 13 6 13
0 12 0 13
0 11 6 11
6 10 16 10
0 9 1 9
4 8 4 9
18 7 20 7
1 6 1 7
15 4 17 4
10 3 14 3
8 3 8 4
32 2 32 3
19 2 19 4
0 1 0 4
17 0 17 2
42
24 12 25 12
25 6 25 7
24 5 23 5
10 22 9 22
23 15 23 16
23 4 22 4
10 20 9 20
19 7 18 7
19 5 20 5
20 6 21 6
22 7 22 8
19 3 19 2
17 3 17 2
20 2 20 1
18 5 17 5
22 4 22 5
22 5 22 4
22 4 22 5
22 5 22 4
22 4 22 5
22 5 22 4
22 4 22 5
22 5 22 4
22 4 22 5
22 5 22 4
22 4 22 5
22 5 22 4
22 4 22 5
22 5 22 4
22 4 22 5
22 5 22 4
22 4 22 5
22 5 22 4
22 4 22 5
22 5 22 4
22 4 22 5
22 5 22 4
22 4 22 5
22 5 22 4
22 4 22 5
22 5 22 4
22 4 22 5
168
23 12 25 12
25 10 25 12
25 12 27 12
26 6 26 8
26 6 31 6
27 12 28 12
28 12 31 12
31 6 31 12
13 17 17 17
16 14 17 14
17 11 17 14
17 11 21 11
17 14 17 17
21 9 21 11
21 11 23 11
0 33 6 33
2 31 6 31
6 30 6 31
6 31 6 33
6 33 8 33
8 33 8 34
12 30 13 30
13 24 13 25
13 24 15 24
13 25 13 30
13 25 15 25
13 30 15 30
21 6 21 8
21 6 22 6
21 8 22 8
22 6 24 6
24 1 24 4
24 4 24 6
2 22 2 23
2 22 3 22
2 23 2 24
2 23 4 23
2 24 4 24
16 28 18 28
18 22 18 28
18 22 19 22
18 28 19 28
33 8 33 13
33 8 34 8
34 8 34 10
34 10 34 12
2 0 2 1
2 1 2 4
2 4 5 4
5 0 5 4
32 29 32 30
32 30 32 31
32 31 33 31
8 27 10 27
9 31 10 31
10 27 10 31
3 26 4 26
4 26 5 26
5 26 10 26
15 19 15 23
15 19 16 19
16 19 16 20
6 19 10 19
10 18 10 19
10 19 13 19
19 18 20 18
20 17 20 18
20 18 20 20
28 15 31 15
31 15 31 19
31 19 31 20
27 10 28 10
28 8 28 10
28 8 30 8
9 6 13 6
9 8 13 8
13 6 13 8
6 5 6 6
6 6 6 8
6 8 6 9
21 2 23 2
22 1 23 1
23 1 23 2
24 34 25 34
25 27 25 34
9 32 9 33
9 33 9 34
11 31 11 32
11 31 12 31
1 29 2 29
2 29 5 29
26 27 27 27
27 26 27 27
14 26 14 29
14 29 15 29
19 25 24 25
24 25 24 29
12 21 12 24
12 24 12 28
23 20 23 21
23 21 23 22
21 18 21 22
21 18 23 18
28 17 28 20
28 20 29 20
10 15 10 16
10 15 13 15
3 14 3 15
3 14 4 14
21 13 21 17
21 13 24 13
29 10 29 11
29 11 30 11
18 8 19 8
19 8 19 10
32 7 32 11
32 11 32 15
27 0 27 3
27 3 27 5
13 34 14 34
2 34 4 34
11 33 11 34
10 33 10 34
18 32 19 32
13 32 15 32
29 31 31 31
20 31 22 31
7 31 8 31
26 30 28 30
17 30 18 30
34 27 34 32
20 27 20 29
25 25 28 25
26 24 30 24
0 23 0 25
28 22 29 22
14 22 14 23
9 22 11 22
24 21 24 23
17 21 17 23
22 20 22 24
22 19 23 19
6 18 7 18
29 17 29 18
7 17 8 17
3 17 3 21
6 16 9 16
33 15 33 21
25 15 27 15
16 15 16 16
7 15 8 15
2 14 2 19
7 13 11 13
4 13 6 13
0 12 0 13
0 11 6 11
6 10 16 10
0 9 1 9
4 8 4 9
18 7 20 7
1 6 1 7
15 4 17 4
10 3 14 3
8 3 8 4
32 2 32 3
19 2 19 4
0 1 0 4
17 0 17 2
43
24 12 25 12
25 6 25 7
24 5 23 5
10 22 9 22
23 15 23 16
23 4 22 4
10 20 9 20
19 7 18 7
19 5 20 5
20 6 21 6
22 7 22 8
19 3 19 2
17 3 17 2
20 2 20 1
18 5 17 5
22 4 22 5
22 5 22 4
22 4 22 5
22 5 22 4
22 4 22 5
22 5 22 4
22 4 22 5
22 5 22 4
22 4 22 5
22 5 22 4
22 4 22 5
22 5 22 4
22 4 22 5
22 5 22 4
22 4 22 5
22 5 22 4
22 4 22 5
22 5 22 4
22 4 22 5
22 5 22 4
22 4 22 5
22 5 22 4
22 4 22 5
22 5 22 4
22 4 22 5
22 5 22 4
22 4 22 5
22 5 22 4
168
23 12 25 12
25 10 25 12
25 12 27 12
26 6 26 8
26 6 31 6
27 12 28 12
28 12 31 12
31 6 31 12
13 17 17 17
16 14 17 14
17 11 17 14
17 11 21 11
17 14 17 17
21 9 21 11
21 11 23 11
0 33 6 33
2 31 6 31
6 30 6 31
6 31 6 33
6 33 8 33
8 33 8 34
12 30 13 30
13 24 13 25
13 24 15 24
13 25 13 30
13 25 15 25
13 30 15 30
21 6 21 8
21 6 22 6
21 8 22 8
22 6 24 6
24 1 24 4
24 4 24 6
2 22 2 23
2 22 3 22
2 23 2 24
2 23 4 23
2 24 4 24
16 28 18 28
18 22 18 28
18 22 19 22
18 28 19 28
33 8 33 13
33 8 34 8
34 8 34 10
34 10 34 12
2 0 2 1
2 1 2 4
2 4 5 4
5 0 5 4
32 29 32 30
32 30 32 31
32 31 33 31
8 27 10 27
9 31 10 31
10 27 10 31
3 26 4 26
4 26 5 26
5 26 10 26
15 19 15 23
15 19 16 19
16 19 16 20
6 19 10 19
10 18 10 19
10 19 13 19
19 18 20 18
20 17 20 18
20 18 20 20
28 15 31 15
31 15 31 19
31 19 31 20
27 10 28 10
28 8 28 10
28 8 30 8
9 6 13 6
9 8 13 8
13 6 13 8
6 5 6 6
6 6 6 8
6 8 6 9
21 2 23 2
22 1 23 1
23 1 23 2
24 34 25 34
25 27 25 34
9 32 9 33
9 33 9 34
11 31 11 32
11 31 12 31
1 29 2 29
2 29 5 29
26 27 27 27
27 26 27 27
14 26 14 29
14 29 15 29
19 25 24 25
24 25 24 29
12 21 12 24
12 24 12 28
23 20 23 21
23 21 23 22
21 18 21 22
21 18 23 18
28 17 28 20
28 20 29 20
10 15 10 16
10 15 13 15
3 14 3 15
3 14 4 14
21 13 21 17
21 13 24 13
29 10 29 11
29 11 30 11
18 8 19 8
19 8 19 10
32 7 32 11
32 11 32 15
27 0 27 3
27 3 27 5
13 34 14 34
2 34 4 34
11 33 11 34
10 33 10 34
18 32 19 32
13 32 15 32
29 31 31 31
20 31 22 31
7 31 8 31
26 30 28 30
17 30 18 30
34 27 34 32
20 27 20 29
25 25 28 25
26 24 30 24
0 23 0 25
28 22 29 22
14 22 14 23
9 22 11 22
24 21 24 23
17 21 17 23
22 20 22 24
22 19 23 19
6 18 7 18
29 17 29 18
7 17 8 17
3 17 3 21
6 16 9 16
33 15 33 21
25 15 27 15
16 15 16 16
7 15 8 15
2 14 2 19
7 13 11 13
4 13 6 13
0 12 0 13
0 11 6 11
6 10 16 10
0 9 1 9
4 8 4 9
18 7 20 7
1 6 1 7
15 4 17 4
10 3 14 3
8 3 8 4
32 2 32 3
19 2 19 4
0 1 0 4
17 0 17 2
10
24 12 25 12
25 6 25 7
24 5 23 5
10 22 9 22
23 15 23 16
23 4 22 4
10 20 9 20
19 7 18 7
19 5 20 5
20 6 21 6
168
23 12 25 12
25 10 25 12
25 12 27 12
26 6 26 8
26 6 31 6
27 12 28 12
28 12 31 12
31 6 31 12
13 17 17 17
16 14 17 14
17 11 17 14
17 11 21 11
17 14 17 17
21 9 21 11
21 11 23 11
0 33 6 33
2 31 6 31
6 30 6 31
6 31 6 33
6 33 8 33
8 33 8 34
12 30 13 30
13 24 13 25
13 24 15 24
13 25 13 30
13 25 15 25
13 30 15 30
21 6 21 8
21 6 22 6
22 6 22 7
22 6 24 6
24 1 24 4
24 4 24 6
2 22 2 23
2 22 3 22
2 23 2 24
2 23 4 23
2 24 4 24
16 28 18 28
18 22 18 28
18 22 19 22
18 28 19 28
33 8 33 13
33 8 34 8
34 8 34 10
34 10 34 12
2 0 2 1
2 1 2 4
2 4 5 4
5 0 5 4
32 29 32 30
32 30 32 31
32 31 33 31
8 27 10 27
9 31 10 31
10 27 10 31
3 26 4 26
4 26 5 26
5 26 10 26
15 19 15 23
15 19 16 19
16 19 16 20
6 19 10 19
10 18 10 19
10 19 13 19
19 18 20 18
20 17 20 18
20 18 20 20
28 15 31 15
31 15 31 19
31 19 31 20
27 10 28 10
28 8 28 10
28 8 30 8
9 6 13 6
9 8 13 8
13 6 13 8
6 5 6 6
6 6 6 8
6 8 6 9
21 2 23 2
22 1 23 1
23 1 23 2
24 34 25 34
25 27 25 34
9 32 9 33
9 33 9 34
11 31 11 32
11 31 12 31
1 29 2 29
2 29 5 29
26 27 27 27
27 26 27 27
14 26 14 29
14 29 15 29
19 25 24 25
24 25 24 29
12 21 12 24
12 24 12 28
23 20 23 21
23 21 23 22
21 18 21 22
21 18 23 18
28 17 28 20
28 20 29 20
10 15 10 16
10 15 13 15
3 14 3 15
3 14 4 14
21 13 21 17
21 13 24 13
29 10 29 11
29 11 30 11
18 8 19 8
19 8 19 10
32 7 32 11
32 11 32 15
27 0 27 3
27 3 27 5
13 34 14 34
2 34 4 34
11 33 11 34
10 33 10 34
18 32 19 32
13 32 15 32
29 31 31 31
20 31 22 31
7 31 8 31
26 30 28 30
17 30 18 30
34 27 34 32
20 27 20 29
25 25 28 25
26 24 30 24
0 23 0 25
28 22 29 22
14 22 14 23
9 22 11 22
24 21 24 23
17 21 17 23
22 20 22 24
22 19 23 19
6 18 7 18
29 17 29 18
7 17 8 17
3 17 3 21
6 16 9 16
33 15 33 21
25 15 27 15
16 15 16 16
7 15 8 15
2 14 2 19
7 13 11 13
4 13 6 13
0 12 0 13
0 11 6 11
6 10 16 10
0 9 1 9
4 8 4 9
18 7 20 7
1 6 1 7
15 4 17 4
19 3 19 4
10 3 14 3
8 3 8 4
32 2 32 3
14 2 20 2
0 1 0 4
